This file was created using the 202006 Bloomberg database. It contains
value- and equal-weighted returns for the intersections of 2 ME portfolios
and 3 INV portfolios in Asia_Pacific_ex_Japan.

The portfolios are constructed at the end of June.  ME is market cap at the end
of June. Investment is the change in total assets from the fiscal year ending in year t-2
to the fiscal year ending in t-1, divided by t-2 total assets.
The annual returns are from January to December.

The break points include utilities and include financials.

The portfolios include utilities and include financials.

Missing data are indicated by -99.99.



  Average Value Weighted Returns -- Monthly
               Small                 Big
          Low     2    High    Low     2    High
199007   2.81   0.26   2.07   4.75   5.92   3.66
199008  -2.26  -5.59  -2.67  -7.66  -5.95  -8.60
199009  -3.01  -6.21  -5.89  -5.34  -8.47 -10.80
199010  -7.58  -5.00  -6.63  -4.48  -0.61   0.03
199011  -3.73  -4.10  -4.57  -1.80  -2.10  -2.07
199012  -4.06  -2.45  -2.67  -1.75   0.34  -0.16
199101   2.31   3.39   1.06   4.89   6.76   6.25
199102   8.23   6.46   7.37   9.94   7.71  11.95
199103   4.49   0.85  -0.49   1.72   2.62   3.98
199104   4.05   2.78   4.90   5.22   2.82   1.04
199105   0.99  -0.86  -3.26  -1.82   0.44   0.60
199106   0.41   0.52   0.09   1.14   0.08  -1.51
199107   7.79   7.85   4.61   6.82   7.45   4.05
199108   0.09  -1.40  -0.76  -0.07  -1.28  -1.45
199109   4.69   3.15   5.19   2.49   0.32   1.64
199110   8.19   4.98  10.03   4.26   4.05   4.89
199111   1.86   0.03   4.07  -3.34   1.37   0.00
199112  -1.16  -1.25  -2.08  -0.13   2.79   2.45
199201   1.73   0.52   3.63   0.84   1.81   2.40
199202   3.08   2.10   2.23   2.36   2.89   1.44
199203  -0.05  -2.15  -1.05  -0.93   0.62   0.09
199204   0.07   1.85  -1.81   4.04   6.93   6.35
199205   5.74   4.06   2.96   8.08   8.75   6.79
199206  -1.40  -2.39  -1.44  -1.29  -0.88  -0.44
199207   0.10  -2.78  -1.80  -2.39  -1.31  -6.06
199208  -6.49  -6.09  -4.40  -6.87  -5.44  -5.68
199209  -1.17  -0.36  -1.25  -3.73  -2.25  -1.11
199210  -1.04   1.53   0.86  -1.94   3.16   7.66
199211  -0.04   1.64   2.33   0.32  -1.16  -5.11
199212   3.31   2.29   0.89   4.46   1.66  -2.90
199301   1.23   1.17   2.43  -1.26   1.83   2.24
199302   7.25   9.92   6.70   7.55   7.53  10.34
199303   7.27   6.33   4.29   3.08   2.30   2.54
199304   9.67   7.41   6.67   3.58   4.90   7.49
199305   6.23  13.14   5.92   2.92   4.21   7.19
199306  -0.25   1.93   1.97  -2.59  -2.31  -4.19
199307   6.83   1.79   3.57   7.15   2.28  -1.32
199308   6.19   4.62   6.82   3.58   7.79   6.96
199309  -2.55  -2.35  -3.22  -3.76   1.13   3.02
199310   9.74  10.05  14.46  13.14  15.64  20.69
199311  -0.59  -0.16   0.61  -2.64  -2.70  -1.31
199312  15.96  16.67  16.82  14.56  21.28  26.95
199401   9.02   3.89   1.92   8.20  -0.43  -0.96
199402   0.93  -0.86  -1.57  -4.86  -7.30  -7.75
199403  -9.71  -9.24  -8.71  -8.28 -10.26  -9.68
199404   2.55   1.67   0.00   2.40   4.10  -0.87
199405   1.89   0.54   0.00   4.70   5.16   4.89
199406  -2.67  -4.86  -4.28  -4.99  -5.38  -9.52
199407   2.30   1.69   0.33   4.14   5.50   7.09
199408   1.21   2.17   0.86   3.04   5.16   3.92
199409  -0.97  -0.67  -1.66  -2.55  -3.26  -0.16
199410   0.14  -1.28  -1.50   1.21   2.12   0.98
199411  -4.76  -5.73  -9.89  -5.43  -7.33 -13.12
199412  -0.91  -3.27  -2.94  -0.82   0.53  -3.71
199501  -6.12  -7.00 -10.12  -2.58  -8.58  -9.40
199502   0.14   0.78   1.17   2.73   7.20  11.93
199503  -0.81  -0.70  -2.83   0.74   1.14   1.62
199504   2.28   0.80  -0.53   4.78   1.86  -3.39
199505  -0.79   0.80   2.28   0.11   5.74  10.01
199506  -1.37  -0.64   1.96  -1.53  -2.61  -2.03
199507   6.89   7.48   8.43   7.84   3.22   4.37
199508   4.47   2.21   2.30   0.33  -2.07  -2.99
199509   1.92   1.49   1.55   0.66   1.25   6.31
199510  -3.33  -1.65  -2.03  -0.45  -0.17   0.66
199511   2.15   1.09   0.44   1.67   0.64   2.00
199512   2.46   2.03   0.01   3.30   3.30   3.94
199601   6.86   6.11   9.18   4.85   8.18  15.00
199602   3.05   2.27   2.35   1.76   1.35  -2.30
199603   0.93  -0.65  -1.17  -0.22  -0.48  -1.20
199604   4.71   3.11   2.03   3.19   1.38   1.22
199605   3.22  -0.01   2.66   0.86   0.05   3.05
199606  -2.31  -2.01  -1.24  -2.37  -1.63  -1.26
199607  -5.27  -4.32  -5.29  -4.13  -5.01  -5.76
199608   2.91   5.18   4.77   4.87   4.16   3.79
199609   1.90   2.07   2.67   3.42   3.73   0.36
199610   3.75   4.14   4.40   2.80   2.73   1.83
199611   6.88   6.20   7.94  10.06   6.54   4.28
199612   0.14  -0.09  -1.33   0.30  -0.33   0.35
199701   1.14  -0.62  -0.50  -3.86  -1.55  -0.69
199702   4.58   4.18   5.11   0.89   1.11   0.17
199703  -2.30  -2.48  -2.66  -4.68  -3.51  -6.79
199704   0.49   0.03  -1.12   0.83   1.83  -3.60
199705   4.69   4.04   4.37   8.95   7.33   7.65
199706  -0.80   0.61  -0.68  -0.11   5.37   0.97
199707   3.87   1.76   5.68  -0.45   2.03   3.29
199708   1.93   0.62  -0.64  -5.32 -10.26  -9.57
199709  -2.21  -4.10  -2.23   5.02   5.65   3.41
199710 -24.19 -21.02 -25.57 -18.77 -21.07 -26.09
199711  -6.17  -6.73  -5.68  -1.49   0.76  -3.13
199712  -5.25  -6.33  -8.57  -0.49   0.40  -1.60
199801 -11.90 -10.94 -14.67  -2.65  -7.75 -13.77
199802  13.03  14.36  15.57   7.18  12.29  17.78
199803  -1.16  -0.74  -2.82  -1.15  -1.70  -1.23
199804  -3.25  -3.14  -4.23  -2.66  -5.87  -7.45
199805  -9.31  -9.54 -11.22  -8.75 -10.76 -12.84
199806  -7.47  -9.72 -11.91   0.27  -6.03  -8.45
199807  -4.63  -4.64  -6.12  -3.43  -2.60  -3.39
199808 -15.04 -14.59 -16.13 -12.60 -14.54 -10.76
199809   5.41   7.81   7.66  11.03  11.17  12.62
199810  16.76  23.54  19.37  21.11  17.59  17.22
199811   7.61   4.94   9.45   4.87   7.56   1.83
199812  -2.09  -3.22  -4.92  -1.82  -1.37  -3.52
199901  -1.50   0.37   0.26   1.51   1.45  -2.81
199902  -1.08  -1.01  -1.47  -0.76  -0.90  -0.97
199903   4.16   2.80   4.32   9.97   9.25   8.34
199904  24.32  23.67  22.52  17.45  14.74  18.15
199905   3.09   8.31  11.03  -6.15  -5.99  -7.01
199906  18.54  14.91  16.97   7.49   9.58   8.98
199907  -5.84  -4.90  -3.64  -2.99  -1.13  -1.13
199908  -3.19  -3.20  -2.74  -1.83  -0.21  -4.15
199909   4.06   0.81   0.83  -6.53  -1.23  -1.34
199910  -1.28   0.21  -0.87  -0.03   2.06   2.49
199911   5.70   4.59   4.14   8.28   7.72   6.65
199912  11.09   7.83  11.16   9.54   8.38  10.07
200001   5.75  -2.27  -1.11 -11.60  -7.58  -4.34
200002  10.37   1.29   2.36  -7.24  -3.54   7.09
200003   0.58  -0.29  -1.88   4.64   3.73  -4.11
200004 -20.16 -10.81 -16.99  -2.11  -4.58  -5.08
200005 -10.37  -8.35  -7.97 -10.56  -7.88  -5.56
200006   6.53   8.18   7.53  12.92  10.40  12.89
200007  -1.39   1.68  -0.96  -0.21  -1.48   1.83
200008   2.56   1.87   0.03   5.98   1.71   2.99
200009 -12.36  -8.32 -10.62  -6.70  -3.51 -10.84
200010  -9.56  -4.33  -7.67  -5.57  -3.19  -8.80
200011   0.27   0.31  -1.40   0.79   1.19  -4.48
200012   0.57   1.65  -0.43  11.01   3.48   4.33
200101   1.12   1.68   1.81   0.61   3.82   4.92
200102   1.12  -0.75  -1.95   4.57  -3.62  -8.84
200103 -11.22 -10.12 -14.55 -11.73 -12.05 -15.21
200104   5.67   4.27   7.48   4.38   7.28   8.49
200105   7.73   6.00   4.68   0.47  -0.69  -0.53
200106   1.36   1.90   1.29   1.54   2.66  -0.01
200107  -5.61  -3.25  -8.10  -1.47  -2.88  -5.24
200108  -1.26   0.32  -3.34  -1.69   0.00  -1.52
200109 -13.77 -13.99 -18.02 -14.51 -11.53 -16.98
200110   6.52   7.44  10.35   4.51   3.94   9.44
200111   7.03   7.35  10.13  11.43   9.05   7.37
200112   1.04   2.35   0.11   3.86   3.13   1.42
200201   4.88   5.71   7.01   5.22   0.67   0.28
200202  -0.69   2.81  -1.05   2.12  -2.57  -2.21
200203   4.00   5.43   6.30   3.34   5.08   4.69
200204   0.20   1.97  -0.46   2.50   1.94  -1.76
200205   5.07   7.33   4.98   2.09   0.41   3.89
200206  -3.85  -4.14  -5.38  -2.63  -4.48  -8.63
200207  -9.97  -8.54  -8.83  -5.43  -6.24  -4.81
200208   1.25  -0.10   1.44  -3.41   0.17   2.92
200209  -6.98  -6.94 -10.09  -8.48  -6.27  -7.26
200210   1.63   2.35   2.07   4.84   4.18   6.24
200211   0.94   2.11  -0.29   5.98   0.78   2.92
200212   0.94  -0.25   0.66  -4.37  -2.74  -3.53
200301   2.72   2.83   4.34  -0.58   1.97   2.98
200302   1.28   1.36  -0.17  -0.43  -0.87  -3.22
200303  -2.73  -2.86  -3.38  -3.03   0.52   1.49
200304   2.19   1.69   1.90   3.10   4.52   6.74
200305  13.00  11.95   8.61   6.01   6.85   7.47
200306   5.74   4.95   4.48   2.90   4.57   3.20
200307   9.27   9.33   9.52   3.73   1.60   4.13
200308  11.75   8.49   8.95  10.31   3.54   6.13
200309   8.71   8.32   8.86   5.93   5.23   3.71
200310   5.76   5.36   6.86   6.94   5.51   6.96
200311  -0.76   1.28   1.06  -1.06   0.61   1.11
200312   4.00   4.92   3.89   5.83   4.99   4.83
200401   8.64   6.61   5.48   5.31   4.37   3.18
200402   5.14   5.11   4.08   3.48   2.99   4.70
200403  -4.25  -3.26  -3.42  -2.09  -0.91  -1.28
200404  -7.44  -6.92  -7.67  -3.76  -5.22  -6.67
200405  -2.65  -1.21  -1.81   0.08   0.05   1.26
200406  -1.07   1.44  -1.25   0.15   0.67   0.96
200407   2.40   2.44   1.40   0.97   0.90   0.81
200408   0.17   1.71  -0.09   1.57   3.56   3.83
200409   5.77   5.62   6.55   5.68   5.09   5.76
200410   3.43   4.31   5.22   1.75   4.06   3.30
200411   8.58   8.41   9.58   8.82   6.89   7.66
200412   0.45   2.82   3.04   2.79   2.92   3.90
200501   2.15   2.09   2.58  -0.75  -0.30  -1.02
200502   1.79   4.48   2.64   5.22   3.66   3.14
200503  -3.73  -2.97  -3.55  -2.57  -2.78  -2.88
200504  -4.00  -1.65  -3.68  -2.74   1.06   0.78
200505  -2.39  -1.07  -4.34   1.22   0.17  -0.43
200506   2.61   3.26   1.41   5.19   3.48   4.88
200507   2.69   2.20   3.03   3.79   4.01   3.89
200508   0.93   1.27   1.94  -0.20   0.33   0.29
200509   4.36   3.60   4.54   3.01   3.82   6.81
200510  -4.17  -3.94  -5.34  -4.53  -6.16  -6.52
200511   2.74   2.06   1.56   2.61   3.74   4.15
200512   2.43   1.57   0.76   3.46   1.87   2.73
200601   6.02   5.75   9.81   6.11   7.04   4.90
200602   4.70   1.16   1.88   0.48  -0.61   0.52
200603   7.00   4.15   5.87   2.23   1.51   3.11
200604   6.22   5.54   6.19   5.16   7.21   8.01
200605  -4.51  -4.93  -5.96  -5.90  -5.57  -4.47
200606  -1.74  -1.29  -2.62  -0.05   1.13  -1.70
200607   3.46   2.15   3.27   1.68   1.08   1.37
200608   2.83   2.38   1.89   3.13   3.24   2.25
200609   2.38   1.47  -2.33   1.08   0.02  -0.35
200610   6.76   5.76  10.66   6.40   5.52   7.61
200611   6.92   5.55   6.41   6.13   4.71   3.26
200612   3.31   2.99   2.89   5.47   4.04   4.23
200701   6.92   5.54   5.62   2.26   1.87   1.21
200702   3.87   2.15   4.03  -0.12   1.78   1.35
200703   6.08   7.22   4.97   4.48   4.41   6.49
200704   9.75   8.20   9.13   4.72   4.63   4.62
200705  11.96   8.92   8.58   1.41   3.55   3.38
200706   7.49   4.12   5.95   1.22   2.26   3.63
200707   6.17   5.99   2.40  -1.12   2.11   3.19
200708 -12.87 -12.80 -14.19  -2.44  -1.90  -5.70
200709   9.28   7.65  11.56  10.21  13.34  18.14
200710   4.79   5.10   7.46   6.35   9.49  10.62
200711  -7.24  -8.28  -9.89  -5.46  -5.59  -7.23
200712  -1.01  -0.39  -1.42   2.46  -1.53  -0.33
200801 -13.75 -13.95 -16.63  -7.25  -9.38 -16.26
200802   5.47   4.00   5.78   4.91   1.08   6.01
200803  -9.10  -9.27  -9.73  -4.15  -3.99  -9.19
200804   4.10   4.19   6.09   5.33   8.36   8.88
200805   4.77   1.95   9.52   2.15   2.75   6.01
200806  -8.13  -9.18  -6.99  -7.87  -7.16 -10.87
200807  -4.95  -5.85 -10.72  -2.50  -4.27  -8.81
200808  -8.31  -9.84 -12.32  -3.82  -5.38 -10.85
200809 -16.60 -17.82 -21.67 -11.71 -17.74 -23.53
200810 -28.34 -29.46 -37.09 -23.25 -25.25 -28.19
200811  -5.30  -6.40  -8.52  -2.71  -5.54 -12.18
200812   7.75   9.10  12.46   6.40   6.22  11.63
200901  -6.43  -7.07  -8.78  -7.26  -7.38  -8.71
200902  -2.38  -3.66   0.60  -6.65  -4.98  -2.40
200903   5.54   4.60  11.99   6.61  11.85  15.46
200904  11.79  14.35  16.02  10.74  14.05  18.13
200905  25.46  28.95  31.20  11.66  19.89  18.43
200906   1.65   0.60   1.32   2.67   1.24   2.90
200907  12.45  14.02  13.24  10.64  13.47  13.31
200908   0.78   6.10   5.50   0.66   1.21   2.29
200909   8.08   7.39  10.36   6.62   8.80  10.00
200910   3.97   3.33   2.08   1.80   1.17   0.41
200911   4.38   4.56   3.62   3.04   0.98   4.69
200912   1.95   2.28   2.19   3.91   1.93   2.44
201001  -2.01  -2.26  -2.66  -5.62  -6.17  -8.30
201002   1.54   1.29   0.18   0.97   2.63   4.73
201003   7.12   6.48   7.98   6.34   7.26   9.52
201004   3.85   5.43   2.89   1.20   1.57  -2.52
201005 -13.87 -12.35 -16.70 -10.42 -12.02 -12.83
201006  -0.63  -0.45  -1.97  -0.06   0.48  -1.14
201007   9.52   8.80   6.69  10.39   9.02  10.38
201008  -0.46  -0.54  -1.88  -0.86  -1.20   0.03
201009  13.79  14.63  15.26  13.01  13.39  11.03
201010   5.82   3.90   5.11   3.82   3.84   2.82
201011   0.86  -0.31  -0.83  -1.30  -0.47  -2.76
201012   9.02   8.43   9.74   7.48   5.57   7.54
201101  -0.14  -1.87  -3.20  -0.65  -0.29  -1.50
201102   0.40  -1.71   0.52  -0.37  -0.43   0.82
201103   0.77   1.27   1.72   1.36   2.32   3.30
201104   3.97   4.57   3.25   4.48   4.05   6.54
201105  -4.44  -3.29  -4.94  -1.68  -2.14  -3.06
201106  -5.59  -2.90  -5.39  -2.52  -2.38  -1.07
201107   2.82   1.67   2.87   0.63   1.16   1.86
201108  -9.54  -8.91  -9.27  -5.19  -6.53  -7.16
201109 -16.02 -14.70 -17.95 -12.98 -15.73 -18.54
201110  11.88  10.42  11.19  13.51  15.05  13.25
201111  -5.61  -4.99  -6.67  -4.89  -7.34  -6.50
201112  -2.70  -1.54  -3.56  -1.33  -0.56  -1.30
201201   7.86   7.39   9.55   6.76  10.59  11.79
201202   8.26   8.71   7.82   4.43   5.00   5.22
201203  -1.16   0.04  -3.83   0.13  -2.96  -2.23
201204  -0.37   0.39  -1.94   1.47   1.04   2.14
201205 -11.22  -7.54 -13.63 -11.01 -11.42 -12.18
201206   1.53   1.99   0.27   3.85   5.72   3.41
201207   1.30   2.47   0.16   7.95   5.22   2.51
201208   2.37   2.34   0.92   0.03   0.80   2.55
201209   4.94   6.36   6.13   2.94   4.40   5.55
201210   1.19   2.38   0.31   2.91   1.70   1.14
201211  -0.23   0.10  -0.59   2.93   1.14   2.11
201212   5.23   5.37   3.38   2.16   2.83   2.97
201301   6.28   8.73   6.51   4.42   5.52   5.98
201302   0.73   1.87  -0.71   2.06   1.71  -0.54
201303  -0.86  -0.61  -1.67   2.21  -1.74   0.53
201304  -1.48  -1.68  -4.16   4.85   3.34   0.54
201305  -3.71  -2.19  -3.52  -8.81  -7.68  -1.79
201306  -5.34  -5.84  -8.23  -4.01  -6.35  -7.87
201307   4.84   4.16   6.08   3.40   2.34   5.09
201308   0.74   0.58   0.82   0.05  -1.15   0.90
201309   7.87   6.88   6.62   8.03   5.24   8.21
201310   0.84   1.91   2.31   4.62   3.34   3.36
201311  -1.23  -0.76  -3.95  -2.48  -2.70  -1.03
201312   1.12  -0.67   1.63   0.05  -0.99   0.56
201401  -0.05  -1.14  -1.64  -4.55  -4.96  -4.92
201402   4.21   3.72   3.41   6.37   5.10   6.02
201403   0.37   0.96   1.34   2.27   3.62  -2.14
201404  -2.55   0.00  -2.67   1.45   2.40   1.05
201405   1.98   2.97  -0.36   0.97   2.48   1.38
201406   1.42   1.19   1.55   0.17  -0.24   0.22
201407   5.33   2.93   3.28   2.19   3.36   4.83
201408   1.81   1.94   1.18   0.74  -0.60  -1.34
201409  -4.97  -4.32  -8.15  -6.99  -9.39  -7.74
201410   0.38  -0.57  -1.62   2.67   5.37   2.46
201411  -1.87  -1.29  -2.72  -1.96  -3.72  -1.30
201412  -5.83  -3.94  -4.85  -2.04  -3.40  -2.85
201501  -2.56  -0.31  -1.95   0.50   0.75   0.52
201502   1.32   1.18   3.92   3.68   3.67   1.63
201503   1.41   0.57  -1.59  -2.10  -0.59   0.15
201504  16.84  13.43  18.62   3.64   5.02   7.55
201505   6.29   5.71   7.07  -1.75  -2.17  -5.14
201506  -2.75  -3.06  -5.04  -4.47  -4.18  -5.88
201507 -10.30  -9.37  -9.32  -1.34  -2.20  -5.82
201508 -11.79 -11.18 -12.26 -11.22 -10.90  -9.71
201509   0.99  -0.62  -1.48  -2.66  -3.91  -2.39
201510   6.48   5.53   6.29   8.31   6.64   8.68
201511   0.49  -0.41  -1.34  -3.54  -1.60  -2.75
201512   2.12   2.28   0.40   1.90   2.24   1.17
201601  -8.98  -8.81 -10.69  -7.40  -9.14  -9.93
201602   0.70   1.85   0.25   3.81  -0.55   1.47
201603   8.85   8.98   7.78  11.62  10.95   9.85
201604   3.20   4.51   1.68   1.64   1.30   0.82
201605  -1.44  -1.96  -1.22  -3.75  -1.36  -0.83
201606   0.04   1.20   1.35  -0.04   0.88  -0.45
201607   3.23   2.18   1.54   5.16   6.57   7.16
201608  -0.02   1.95   0.67   0.53  -1.69   1.14
201609   3.89   3.35   4.21   3.73   2.16   2.04
201610   1.16  -0.14  -1.26   0.22  -2.12  -2.51
201611  -1.49  -1.38  -2.17   0.78  -0.83   0.73
201612  -0.97  -0.19  -2.74  -2.98  -1.24  -2.23
201701   5.97   4.37   3.44   7.39   6.04   4.44
201702   2.05   1.39  -0.21   0.65   3.03   3.21
201703  -0.27   3.34  -0.57   3.36   3.10   2.69
201704  -2.39   1.32  -1.57  -0.08   0.37   1.65
201705  -1.29  -0.66  -0.60   0.69  -0.07  -1.23
201706  -0.64   1.43   0.55   1.09   2.84   1.62
201707   3.08   2.80   2.90   4.37   3.61   0.17
201708  -0.14   0.31  -0.31   1.80   0.46  -0.11
201709   3.22   1.11   1.02  -0.48  -0.89   2.58
201710   3.99   2.85   3.46   0.79   1.41   2.62
201711   0.29  -1.45   0.11  -0.29   1.74   2.27
201712   3.77   2.83   4.30   3.95   2.30   4.30
201801   3.08   2.99   3.76   4.21   4.22   4.89
201802  -3.12  -3.33  -3.69  -3.15  -3.25  -1.58
201803  -1.83  -1.20  -2.45  -4.39  -3.10  -2.98
201804  -2.30  -1.15  -2.19   3.36   2.21   1.42
201805   0.62   0.93   1.85   0.63  -0.24   1.75
201806  -4.54  -3.50  -4.91  -2.80  -2.62  -2.50
201807  -0.52  -1.20  -2.13   0.73   2.51   1.30
201808  -2.60  -2.82  -4.13  -3.34  -2.18  -0.53
201809  -0.31  -1.11  -1.17  -0.60   0.44  -2.52
201810  -7.99  -7.33  -9.97  -8.36  -9.08 -10.75
201811   1.52   1.86   3.04   2.35   3.06   6.55
201812  -4.35  -3.48  -5.23  -2.97  -2.27  -1.07
201901   2.50   4.29   1.91   7.31   6.22   7.89
201902   1.18   2.51   2.79   3.77   3.48   3.75
201903   0.22   1.29   1.22   1.14   1.28   0.10
201904   1.08   0.71   1.67   2.10   1.93   1.48
201905  -4.84  -2.91  -4.49  -2.73  -4.15  -5.67
201906   2.51   0.43   1.18   5.74   4.94   6.68
201907  -0.74   0.58   0.03  -1.85  -2.11   0.77
201908  -4.83  -5.68  -4.60  -6.85  -6.61  -4.65
201909   0.78   2.29   3.24   1.85   1.16   0.38
201910   0.31   2.08   0.82   2.46   2.77   5.17
201911  -1.19  -0.09  -1.99   0.67  -1.42   2.28
201912   3.58   4.15   5.35   3.47   2.43   3.69
202001  -4.18  -3.58  -4.42  -2.77  -3.23  -1.31
202002  -6.90  -7.13  -9.71  -7.98  -6.00  -5.60
202003 -18.30 -20.47 -21.64 -17.73 -20.00 -18.09
202004   8.36  12.16  13.85  12.60   8.48  14.26
202005   0.91   3.75   7.92   2.12  -2.13   0.65
202006   4.47   5.13   4.59   6.48   8.72   8.03



  Average Equal Weighted Returns -- Monthly
               Small                 Big
          Low     2    High    Low     2    High
199007   4.33   1.45   1.53   4.29   3.86   3.75
199008   1.33  -1.79  -1.22  -6.59  -6.83  -7.09
199009  -3.74  -4.53  -6.17  -5.83  -8.46  -8.10
199010  -8.40  -6.00  -8.50  -2.66  -0.78  -3.87
199011  -4.82  -2.91  -0.98  -3.78  -4.17  -4.76
199012  -2.78  -3.09  -4.02  -1.67  -1.01  -1.39
199101   1.56   1.35  -0.25   4.51   6.51   5.12
199102   6.53   6.67   5.41  10.64  10.51  12.02
199103   6.34   0.33   1.29   0.58   1.12   1.73
199104   7.50   4.91   4.03   4.12   2.74   0.53
199105   1.98  -3.68  -0.97  -1.98  -2.26  -1.12
199106   2.35   2.88   3.92  -1.07  -0.65  -1.62
199107  11.63   6.87   9.38   5.75   6.40   4.41
199108   0.72   1.17  -0.64  -1.14  -2.13  -0.43
199109   5.50   4.27   5.09   1.92   1.25   1.66
199110  11.09   5.74   5.25   3.40   3.38   3.16
199111   4.44   1.39   6.89  -1.46   1.48   1.82
199112  -3.20  -0.65  -1.67   0.03   1.20   2.08
199201   3.91   1.47   2.26   1.96   1.66   3.07
199202   5.58   3.24   7.59   0.81   1.59   0.67
199203   1.14  -0.71   0.50  -0.12   0.17  -0.19
199204  -2.88  -1.67  -4.06   2.38   5.06   4.78
199205   2.39   4.37   1.67   7.25   7.69   6.24
199206  -5.51  -2.78  -3.12  -1.20  -0.16  -0.54
199207   3.58  -0.70   2.33  -3.90  -1.45  -4.17
199208  -6.35  -6.27  -4.24  -6.70  -5.38  -6.89
199209  -0.30  -0.19   0.19  -2.51  -0.90  -0.87
199210  -2.80  -0.26  -0.49  -0.41   2.50   3.52
199211  -2.91   0.75   1.43  -0.39  -0.45  -0.78
199212   6.87   2.84   4.13   3.84   0.82  -1.19
199301   3.66   1.15   4.37   0.58   2.85   1.59
199302  10.19  10.13   8.11   7.28   7.08   8.62
199303  12.65   9.23   6.83   3.41   2.81   6.59
199304  12.44   8.51   9.07   7.54   6.40   7.26
199305   8.48   8.58   7.11   5.74   5.63   5.50
199306  -1.05  -0.14   1.58  -2.61  -2.11  -3.26
199307  15.77   7.18  13.78   2.94   2.92  -0.34
199308   6.47   3.92   5.99   3.34   7.54   5.92
199309  -5.13  -3.35  -8.61  -2.41   0.08  -0.10
199310   9.29  10.49  12.17  12.30  13.36  16.67
199311  -1.24   0.11  -2.48  -1.88  -0.47  -0.92
199312  17.20  17.70  17.19  14.69  19.31  19.02
199401  17.06  11.82  13.26   4.25   1.12   0.99
199402   7.08   2.60   2.74  -3.97  -4.40  -5.98
199403  -8.51  -6.95  -9.29  -8.22  -8.61  -9.62
199404   1.85   1.01  -1.54   1.85   3.57   1.17
199405   1.38   1.14  -0.70   3.99   2.88   2.69
199406  -4.53  -3.86  -6.09  -5.90  -4.84  -5.99
199407   4.27   2.95   3.65   4.24   3.75   3.46
199408   1.06   1.32   1.21   4.02   3.47   2.59
199409  -0.87  -0.21  -0.58  -1.10  -1.03  -0.24
199410  -1.24  -0.73  -3.01   1.10   1.49  -0.33
199411  -4.80  -4.65  -9.16  -5.71  -7.27 -11.65
199412  -1.84  -1.32  -2.95   0.07  -0.83  -2.23
199501  -4.56  -7.53  -8.52  -6.77  -7.78  -9.29
199502  -0.88  -1.74  -0.24   1.76   5.42   5.88
199503  -2.76  -0.89  -4.16   0.24   0.15   0.22
199504   3.39   0.94   0.86   4.99   2.18  -0.77
199505  -2.57  -1.61   0.16  -0.65   4.39   6.84
199506  -2.57  -0.40  -0.68  -1.16  -2.37  -0.70
199507   7.17   7.35  11.04   6.09   4.96   6.27
199508   7.42   6.08   8.11   1.12  -1.64  -1.03
199509   1.66   1.65   0.68   0.86   1.28   2.67
199510  -0.59  -0.89  -2.13  -1.43  -0.63  -1.24
199511   2.07   0.67   1.44   0.97   0.81   0.92
199512   0.31   0.53   0.29   2.83   3.39   2.96
199601   7.78   6.76  11.08   6.51   7.74  12.71
199602   6.26   3.19   4.93   1.17   1.80   0.92
199603   1.79  -0.22  -0.32   0.93  -0.36  -1.15
199604   2.60   3.16   3.60   3.08   2.02   1.50
199605   5.32   2.09   6.44  -0.95  -0.70  -0.05
199606  -2.45  -2.05  -3.38  -0.70  -0.91  -1.15
199607  -5.34  -3.73  -6.15  -4.23  -5.38  -5.80
199608   5.11   5.82   5.24   4.60   3.91   4.60
199609   3.44   2.79   3.09   2.67   2.42   0.90
199610   6.12   4.69   5.43   2.67   1.38   0.60
199611  13.13   6.44   9.57   9.15   7.84   5.35
199612   1.05   0.35  -0.62   0.50  -0.53   0.12
199701  -0.06  -0.04  -0.43  -2.57  -1.59  -1.31
199702   6.13   5.00   6.58   2.36   1.76   2.40
199703  -0.02  -1.94  -2.27  -3.66  -3.15  -4.69
199704  -1.72  -0.86  -1.47  -0.10   0.45  -0.49
199705   4.24   4.04   4.48   6.18   4.15   6.23
199706  -2.06  -1.79  -2.78   0.13   3.39   0.90
199707   2.64   1.18   2.64   0.37   1.15   1.42
199708  -0.78   0.01  -2.15  -4.58  -3.67  -5.26
199709  -0.59  -2.58  -0.54   2.58   2.40   0.70
199710 -19.13 -19.05 -22.48 -20.05 -22.41 -26.99
199711  -5.46  -6.52  -7.89  -3.48  -3.05  -4.08
199712  -5.23  -5.13  -5.26  -3.66  -1.15  -4.09
199801  -5.49  -6.65  -6.00  -7.88 -13.32 -15.21
199802  13.99  15.80  14.13  14.46  24.02  27.17
199803  -2.16  -1.81  -5.37  -3.43  -0.89  -0.50
199804  -3.03  -3.06  -2.64  -4.58  -5.84  -4.15
199805  -8.47 -11.39 -11.70 -10.68 -12.43 -15.51
199806 -11.62 -11.40 -14.04  -8.62 -10.47 -13.31
199807   1.06  -1.91  -1.10  -1.98  -4.04  -4.95
199808 -14.72 -13.43 -16.05 -15.92 -17.86 -13.64
199809   6.21   6.95   6.50  11.23  12.47   9.39
199810  13.94  21.33  18.51  23.13  24.25  16.46
199811   8.48   5.74  10.54   7.47  10.29   6.90
199812  -2.70  -2.74  -4.99  -3.79  -1.73  -4.66
199901   2.59   0.83   2.29   1.63  -1.11  -2.09
199902   1.28  -0.27  -0.19  -1.39  -0.78  -0.34
199903   3.35   1.41   3.03   7.31   7.29   7.92
199904  22.36  21.74  26.42  17.88  16.89  22.54
199905   6.77  10.05   9.85  -3.38  -2.43  -1.26
199906  10.96  12.90  12.07   6.54  10.41  14.66
199907   6.38   0.91   1.54  -4.11  -0.26   0.58
199908  -2.33  -3.14  -2.99  -3.14  -1.72  -2.24
199909   9.86   3.65   2.49  -5.87  -1.56   0.38
199910   1.35   1.92   0.08  -0.52  -0.65  -0.75
199911  11.58   5.28   4.24   5.17   4.62   4.39
199912  12.65   8.71   9.59   8.99   4.94   8.02
200001  21.39  10.17   8.36  -9.21  -6.51  -7.25
200002  10.98   4.59   5.19  -4.12  -4.66  -2.26
200003   9.09   5.03   2.20   1.73   1.32   0.82
200004 -21.79 -13.27 -16.02  -4.51  -1.82  -4.20
200005 -12.08  -9.83  -9.81 -10.57  -6.02  -5.33
200006   6.44   5.92   5.06  13.46  10.56  12.41
200007   5.84   3.57   4.90  -0.92   0.56  -1.20
200008  -0.29   0.84  -1.11   3.04   2.34   2.17
200009 -12.27  -7.84 -11.17  -9.37  -7.45 -10.63
200010  -9.85  -5.49  -6.74  -5.75  -2.25  -6.97
200011   1.15   0.58  -1.03   0.88   1.02  -1.14
200012  -0.77   2.02  -0.36   4.30   4.68   0.88
200101   0.73   0.39   1.84   3.02   3.82   4.58
200102  -1.98  -2.03  -4.14  -0.32  -1.78  -5.18
200103 -13.58 -11.36 -15.34 -12.31 -11.35 -16.21
200104   6.05   6.39   7.45   4.54   9.04   7.59
200105   5.59   5.37   1.78   2.14   0.81   0.14
200106  -1.40   0.33  -0.96   2.72   4.38   0.40
200107  -4.43  -2.08  -5.26  -1.96  -1.15  -4.99
200108  -1.29  -0.84  -3.21   1.24   0.49  -1.15
200109 -13.92 -15.30 -18.29 -12.05 -12.23 -15.76
200110   7.35   8.72  11.45   5.60   5.61   7.36
200111  11.18   8.93  14.79   7.86   7.82   7.99
200112   1.24   2.30   0.36   3.44   2.69   2.04
200201   6.38   7.58   7.43   6.03   3.13   2.50
200202   1.06   2.59   0.18   1.54   1.24  -1.45
200203   4.27   5.20   5.58   2.48   4.55   2.54
200204   1.44   1.65  -0.85   2.86   2.32  -1.72
200205   6.18   7.19   4.23   4.17   2.51   3.67
200206  -5.92  -5.34  -7.38  -3.02  -2.28  -7.56
200207  -9.24  -7.19  -8.96  -6.20  -5.79  -7.30
200208   1.69  -0.26   1.04  -1.53   1.95   2.25
200209  -6.40  -6.58  -8.70  -8.63  -6.28  -8.38
200210   0.51   1.99   1.78   3.76   3.53   2.06
200211   1.13   1.96   0.85   4.01   2.20   1.84
200212   0.45   0.56   1.48  -1.84   0.19  -0.37
200301   4.28   4.15   4.31   3.00   3.37   4.19
200302   0.79   0.91  -2.28   0.72   0.39  -3.32
200303  -4.26  -3.28  -4.64  -2.07  -0.80  -1.37
200304   1.04   1.31   3.23   4.57   4.57   5.72
200305  11.22  13.95   8.88  11.12   8.25   9.21
200306   4.55   5.75   3.92   4.66   5.69   6.00
200307  11.69  10.12  10.49   3.42   4.32   3.79
200308  17.27  11.29  10.77   7.11   6.08   4.11
200309  13.60  10.72  12.30   7.89   6.76   6.27
200310   8.57   7.74   9.06   5.50   6.34   7.81
200311  -0.25   0.95   1.18  -1.40   0.62   0.75
200312   5.30   4.56   3.78   5.62   5.53   4.70
200401   8.41   7.06   6.53   7.33   3.73   3.74
200402   5.33   4.80   4.40   3.58   3.15   2.32
200403  -2.91  -3.50  -3.98  -0.15   0.42  -1.40
200404  -9.07  -6.60  -8.10  -4.27  -4.48  -7.26
200405  -4.16  -2.34  -3.00   0.04   0.18   2.06
200406  -3.07  -1.54  -2.72   1.69   0.43   0.36
200407   3.80   3.46   1.85   1.10   2.20   2.36
200408  -0.40   1.12  -0.77   2.30   3.16   1.99
200409   6.03   5.23   5.23   5.00   6.16   6.39
200410   4.96   3.77   3.66   3.54   4.69   4.71
200411  13.27   9.72  11.03   8.64   7.66   5.07
200412   1.08   1.68   1.66   3.58   2.65   2.88
200501   1.43   2.18   2.30   0.76   1.19   0.23
200502   1.08   2.15   1.36   3.16   2.59   3.65
200503  -2.51  -2.90  -3.21  -2.90  -2.65  -1.90
200504  -2.63  -2.22  -3.92  -1.62  -0.32  -1.02
200505  -4.33  -2.00  -4.47   0.76  -0.10  -0.80
200506   0.19   2.51  -0.59   5.02   3.96   5.49
200507   4.06   2.45   4.72   4.16   4.31   2.89
200508   2.17   2.24   1.75  -0.12   0.34   1.49
200509   6.31   3.75   5.33   2.32   2.32   5.40
200510  -2.21  -3.63  -4.24  -4.39  -6.24  -6.26
200511   0.82   1.83   1.85   3.76   3.09   4.48
200512   1.94   3.70   0.83   1.89   2.14   1.52
200601   6.93   6.50   7.98   4.95   5.64   6.07
200602   4.31   0.78   0.75   1.48   1.59   0.63
200603   5.38   4.48   4.45   3.42   2.63   3.41
200604   8.94   7.36  10.39   4.04   5.65   5.25
200605  -3.36  -4.66  -5.77  -4.98  -5.35  -5.90
200606  -2.73  -2.68  -4.46  -0.22   0.26   0.43
200607   5.81   2.34   6.31   1.98   0.92   1.45
200608   2.07   2.41   2.27   3.24   3.19   2.24
200609   3.54   1.91  -1.90   2.04   1.59   0.65
200610   8.90   6.60  10.21   6.60   4.83   7.62
200611  11.30   6.99   8.13   5.82   5.30   5.79
200612   5.41   2.96   4.69   3.40   3.89   3.98
200701  10.43   5.80   5.64   3.64   3.26   1.54
200702   6.14   4.57   3.17   3.00   1.92   1.53
200703   7.84   8.67   6.22   5.22   4.22   5.31
200704  13.02  10.92  11.28   5.26   4.94   6.23
200705  13.07  10.65  10.15   1.89   4.25   3.77
200706  11.57   8.92   8.10   2.01   3.28   3.73
200707  11.01   7.93   4.06  -0.10   1.69   3.86
200708 -12.57 -13.14 -15.26  -5.20  -5.13  -8.93
200709  10.11   9.06  10.85   7.75  11.04  14.74
200710   8.22   7.18   8.12   5.37   7.87  10.02
200711  -5.07  -7.19  -7.33  -5.69  -6.19  -8.84
200712  -1.69  -1.00  -3.82  -0.50  -0.30  -2.32
200801 -12.30 -12.91 -14.57  -9.23 -11.08 -17.43
200802   5.19   5.89   2.78   4.19   3.73   8.30
200803  -9.57  -9.51 -11.67  -4.43  -4.13 -10.66
200804   3.61   4.87   6.51   5.48   6.46   9.54
200805   7.41   3.55   9.28   1.83   1.82   4.95
200806  -7.50  -8.90  -9.25  -8.41 -10.06 -12.06
200807  -2.81  -5.98  -8.76  -2.95  -3.62  -8.70
200808 -10.17 -10.27 -14.49  -3.93  -6.97 -11.59
200809 -15.85 -17.84 -20.05 -14.13 -18.83 -23.91
200810 -28.16 -28.91 -35.08 -27.69 -29.29 -35.71
200811  -4.32  -6.57  -8.05  -6.89  -7.17  -9.28
200812   9.93  12.35  11.31  10.74  10.91  14.70
200901  -6.45  -6.54  -7.10  -5.84  -8.37  -4.67
200902  -0.82  -2.40   0.53  -8.32  -6.27  -3.53
200903  11.53   7.33  13.82  14.94  13.23  14.98
200904  19.21  16.28  21.68  15.57  20.11  24.15
200905  30.88  31.66  32.43  16.31  26.87  28.47
200906   3.94   3.33  -0.12   2.36   0.82   3.82
200907  13.95  14.24  15.30  12.84  12.23  13.86
200908   8.00  10.64   9.78   0.74   3.24   4.11
200909  13.61  10.58  13.55   6.97   8.67   7.86
200910   4.79   4.83   4.71   2.23   1.40   1.85
200911   5.31   3.62   4.04   2.67   1.81   4.31
200912  -0.18   0.61   1.11   3.21   3.48   3.07
201001   0.54   0.93  -0.58  -4.89  -4.92  -6.78
201002  -0.15  -0.41  -0.56   1.34   1.80   1.83
201003   6.81   7.39   6.54   6.23   8.18  10.63
201004   6.01   5.19   5.08   3.67   2.08   0.75
201005 -15.19 -13.27 -17.52 -11.02 -10.81 -13.25
201006  -3.34  -2.52  -5.41  -0.23   0.20  -2.14
201007  13.60  10.73   9.46  10.34   9.13   8.79
201008   0.22  -0.73  -2.01   0.39  -0.09  -0.26
201009  17.90  15.15  15.64  13.99  13.12  12.93
201010   9.06   4.74   5.76   4.32   3.73   4.31
201011   1.36  -1.25  -1.51  -0.76  -0.57  -0.98
201012  12.00   7.74  11.09   9.14   5.41   8.21
201101   1.66  -0.36  -0.89  -1.24  -0.91  -2.16
201102   1.91  -0.12  -0.48  -0.54  -1.14  -1.39
201103   1.60  -0.46  -0.08   0.64   2.98   3.06
201104   4.36   5.72   4.04   3.72   4.59   4.36
201105  -5.89  -5.72  -6.01  -1.84  -1.84  -2.96
201106  -7.73  -3.96  -7.08  -4.18  -2.74  -3.96
201107   6.18   3.82   5.99   1.54   1.87   0.85
201108  -9.06  -8.70 -10.29  -7.28  -6.75  -9.38
201109 -14.53 -13.82 -16.88 -15.49 -15.30 -22.74
201110  12.30  10.73  12.15  15.43  13.91  17.08
201111  -4.69  -4.73  -6.97  -6.66  -6.72  -6.62
201112  -2.86  -1.36  -2.74  -2.70  -0.76  -1.96
201201   8.99   7.35   9.57  10.17  10.19  11.77
201202   9.07   9.93   7.51   7.31   7.75   8.56
201203  -2.00  -1.67  -3.42  -1.65  -1.29  -4.99
201204   0.99   0.15  -2.13   0.52  -0.01   0.57
201205 -11.37  -9.80 -14.16 -12.04 -10.17 -14.36
201206   0.09   0.04  -2.56   0.53   3.92  -0.23
201207   2.87   2.10   2.12   4.72   3.31   1.33
201208   2.16   2.53   0.82   0.97   2.63   1.16
201209   4.72   5.50   4.81   4.05   4.40   6.26
201210   3.33   2.53   1.83   3.50   2.95   1.25
201211  -0.35  -0.40  -2.22   2.26   2.15   1.00
201212   3.39   3.52   1.90   2.06   3.10   4.37
201301   6.85   9.60   6.82   5.55   5.98   5.24
201302   0.77   0.91  -1.43   1.31   1.34  -0.29
201303  -0.70  -2.07  -2.47   2.46  -0.24  -2.30
201304  -4.16  -2.43  -7.34   1.36   0.28  -3.20
201305  -4.13  -4.36  -8.80  -6.63  -5.33  -3.71
201306  -8.73  -7.28 -10.15  -6.68  -5.67  -9.79
201307   9.42   6.37   9.27   2.09   2.44   2.58
201308   3.83   3.18   3.34   0.08  -0.63   2.27
201309   7.64   7.96   7.19   7.11   6.61   8.40
201310   5.23   2.16   3.04   3.08   2.42   2.00
201311  -1.02  -0.22  -2.85  -3.14  -2.77  -1.26
201312   1.06  -0.54  -0.54   0.00  -0.64   0.73
201401   1.29   0.72   1.28  -3.87  -4.81  -4.24
201402   3.72   3.81   4.09   5.25   4.43   6.05
201403   2.34   1.48   2.42   2.37   3.56   0.27
201404  -2.24  -1.80  -3.08   1.42   2.43   0.07
201405   1.54   1.01  -1.17   2.24   0.93   0.80
201406   1.60   0.67   1.71   0.80   0.24   1.29
201407  11.20   6.67   6.09   2.98   1.88   2.71
201408   3.01   2.63   1.16   0.22   0.84   0.07
201409  -5.28  -3.44  -8.10  -7.67  -7.42  -6.95
201410  -0.64  -0.85  -2.44   1.90   2.43   0.81
201411  -2.16  -0.90  -3.11  -2.79  -3.43  -2.16
201412  -5.47  -5.49  -7.23  -2.41  -2.64  -2.63
201501  -3.29  -0.61  -1.88  -1.38  -1.16   0.05
201502   3.88   2.15   2.04   6.07   3.12   3.34
201503   0.84  -0.45  -1.70  -2.56  -0.42  -0.32
201504  15.69  14.51  16.73   5.06   7.65   9.06
201505   6.97   5.21   4.84  -1.01  -0.57  -1.97
201506  -2.01  -2.94  -3.98  -5.94  -5.30  -5.97
201507  -3.46  -5.97  -6.35  -6.50  -4.04  -8.15
201508  -9.40 -10.56 -11.21 -10.94  -9.82  -9.45
201509   1.47   0.54   0.41  -1.12  -2.02  -2.04
201510   8.96   8.13   8.89   8.35   7.42   6.84
201511   0.28  -1.91  -1.78  -1.42  -1.22  -2.34
201512   0.69  -0.38  -0.38   0.68   1.58  -0.01
201601  -6.15  -8.08  -9.77 -10.50  -8.98 -12.03
201602   5.39   3.17   2.29   3.78   2.49   2.11
201603  12.38   9.19   9.26   9.06  10.87   8.63
201604   6.46   5.22   4.45   0.94   1.47   2.13
201605  -1.37   0.48  -1.18  -3.85  -2.08  -0.60
201606   1.96   1.64   0.23  -0.07   0.49  -0.87
201607   7.46   7.28   4.87   4.33   6.50   5.55
201608  -0.03   1.69   0.87   0.50  -0.29   1.26
201609   6.36   3.20   4.62   2.96   1.98   1.35
201610   2.07   1.67   0.30  -1.57  -2.63  -2.49
201611  -1.03   0.14  -2.08  -1.02  -0.04   0.01
201612  -1.33  -0.75  -2.94  -1.21  -0.79  -2.53
201701   8.44   7.05   5.60   4.91   4.38   2.44
201702   5.44   3.13   1.83   2.57   2.13   3.23
201703   1.37   2.07  -0.32   1.64   2.61   2.23
201704  -3.43  -0.92  -2.75  -0.78  -0.43  -0.20
201705  -3.08  -2.05  -2.18  -0.97   1.28  -0.85
201706  -0.66   0.45  -1.28   2.74   3.41   0.99
201707   5.16   4.06   4.60   2.30   3.01   0.81
201708   1.56   1.38   0.94   1.36   1.11  -0.46
201709   4.10   1.98   1.62   1.63  -0.64   1.51
201710   5.41   3.04   5.09   1.39   1.99   3.52
201711   4.60   1.58   3.42  -1.21   0.86   0.37
201712   4.49   2.27   4.04   3.61   2.72   4.51
201801   6.78   4.43   5.84   4.81   4.46   4.22
201802  -4.34  -3.80  -4.26  -2.34  -3.87  -3.46
201803  -0.44  -1.13  -1.46  -3.21  -2.74  -2.78
201804  -3.09  -1.50  -3.29   2.09   0.92  -0.23
201805  -0.08   0.71   0.82   1.04   0.93   0.39
201806  -5.69  -3.92  -6.43  -3.11  -2.43  -2.67
201807   1.86  -0.11  -0.43  -0.53   1.60  -0.22
201808  -3.63  -3.38  -4.68  -2.16  -2.01  -1.36
201809  -0.83  -0.31  -1.29   0.11  -0.10  -1.91
201810  -5.86  -7.28  -9.00  -7.88  -8.58 -12.38
201811   2.91   2.30   2.40   2.08   4.55   6.24
201812  -4.70  -3.33  -6.14  -3.17  -3.50  -4.84
201901   3.53   2.59   2.35   6.76   6.77   6.62
201902   0.50   0.78   0.00   2.79   3.11   4.45
201903   1.11   1.14   1.50   0.46   0.58  -0.88
201904   1.10  -0.37   0.12   1.82   1.05   2.89
201905  -2.84  -2.85  -4.34  -3.40  -4.56  -7.17
201906   0.40  -0.26   0.13   3.11   2.87   4.14
201907   3.33   0.57   2.09  -0.77  -1.09   0.52
201908  -3.68  -3.81  -3.22  -7.02  -6.76  -5.77
201909   2.79   2.58   3.27   2.34   1.67   2.46
201910   1.12   1.60   1.47   2.27   2.18   3.55
201911  -0.01  -1.50  -2.51  -0.22   0.31   1.34
201912   4.53   3.96   4.44   3.60   1.70   3.70
202001  -1.84  -3.28  -3.80  -5.64  -4.37  -2.85
202002  -7.64  -6.91  -8.35  -7.40  -7.57  -7.66
202003 -18.47 -18.13 -21.71 -18.31 -22.13 -18.60
202004  17.74  13.13  20.03  13.25  14.57  16.83
202005   7.80   4.63   9.75   0.60   0.62   5.77
202006   9.05   6.32   8.37   5.08   5.48   6.26



  Average Value Weighted Returns -- Annual
           Small                 Big
       Low    2      High   Low    2      High
1991  50.17  29.33  34.30  34.94  40.71  38.68
1992   3.39  -0.25   0.84   2.06  14.87   2.18
1993  89.27  95.27  89.14  53.23  82.01 109.96
1994  -2.10 -15.55 -24.85  -4.53 -12.39 -27.12
1995   7.47   6.26   1.60  18.59  10.44  23.27
1996  29.46  23.62  29.45  27.63  21.89  19.58
1997 -24.75 -28.38 -31.24 -20.03 -14.56 -33.89
1998 -16.05 -11.89 -24.42   7.36  -7.22 -17.17
1999  69.57  64.89  77.84  38.53  50.75  40.44
2000 -27.67 -19.15 -34.52 -11.57 -12.06 -15.52
2001  -3.04   0.67 -13.88  -0.94  -3.33 -19.21
2002  -3.71   6.54  -5.20   0.51  -9.41  -8.23
2003  79.02  74.02  69.60  46.55  46.40  55.60
2004  19.31  29.38  21.73  26.96  27.80  30.14
2005   4.97  11.03   0.91  13.94  13.09  16.16
2006  52.06  34.63  43.43  36.09  32.65  31.89
2007  51.37  35.51  35.50  25.63  38.62  43.95
2008 -55.96 -60.63 -65.86 -39.19 -49.21 -63.71
2009  86.27  99.43 125.91  51.65  77.25 103.31
2010  36.76  35.11  22.11  25.05  23.59  16.48
2011 -23.94 -21.73 -29.56 -11.15 -14.72 -15.61
2012  19.84  33.16   6.70  25.92  24.86  25.91
2013   9.37  12.11   0.51  14.06  -0.14  13.80
2014  -0.41   2.10 -11.27   0.58  -1.14  -5.06
2015   5.58   1.40  -0.21  -9.93  -8.16 -12.81
2016   7.43  11.06  -1.70  12.75   3.70   6.09
2017  18.73  21.32  13.02  25.47  26.50  26.89
2018 -20.59 -18.09 -24.71 -14.07 -10.52  -6.88
2019   0.15   9.62   6.84  17.53   9.54  23.11



  Average Equal Weighted Returns -- Annual
           Small                 Big
       Low    2      High   Low    2      High
1991  72.01  35.37  44.08  27.53  32.90  32.74
1992   1.69  -0.38   7.81   0.27  11.09   2.92
1993 129.73 100.61 102.11  62.10  85.78  86.84
1994   9.00   1.94 -13.58  -6.32 -11.18 -23.58
1995   7.53   3.41   5.59   8.58   9.83  12.28
1996  53.45  32.82  44.71  27.75  20.12  18.95
1997 -21.95 -26.20 -29.86 -25.46 -22.17 -33.23
1998  -8.98  -8.46 -17.44  -7.45  -6.10 -19.72
1999 126.36  82.26  88.98  30.11  39.53  61.39
2000  -9.89  -6.41 -21.45 -21.28  -9.29 -22.02
2001  -7.56  -2.32 -13.88   1.57   5.74 -15.90
2002   0.19   8.28  -4.84   2.50   6.77 -12.27
2003 100.62  91.48  78.68  62.25  64.33  58.76
2004  23.34  23.95  15.26  36.78  33.70  25.00
2005   5.95  10.09   1.05  13.06  10.62  15.54
2006  71.99  40.11  50.27  36.14  33.99  35.68
2007  94.49  61.81  44.50  23.99  33.93  32.02
2008 -52.33 -57.31 -66.04 -46.92 -54.31 -66.81
2009 158.43 136.59 170.88  79.84 100.95 145.13
2010  54.88  35.39  23.95  34.47  28.07  23.01
2011 -18.15 -19.39 -28.17 -19.55 -14.54 -26.82
2012  22.28  22.42   1.97  22.84  31.30  15.16
2013  15.43  12.57  -6.03   5.73   3.02  -0.54
2014   8.14   4.01  -9.02  -0.29  -2.27  -4.44
2015  19.95   5.59   2.89 -11.72  -5.98 -11.94
2016  35.53  26.59  10.06   2.07   7.97   1.11
2017  38.03  26.52  22.12  20.75  24.75  19.50
2018 -16.54 -16.49 -25.36 -12.17 -10.97 -18.46
2019  12.17   4.23   5.03  11.60   7.37  15.96



  Number of Firms in Portfolios
              Small                 Big
          Low    2      High   Low    2      High
199007    440    154    195     64     84     64
199008    434    153    195     64     84     64
199009    434    153    195     64     84     63
199010    432    153    191     64     84     63
199011    413    151    189     63     84     62
199012    407    149    186     62     84     62
199101    404    149    185     62     84     62
199102    402    148    182     60     84     62
199103    400    147    180     60     84     61
199104    395    147    178     60     84     61
199105    391    147    175     59     84     61
199106    387    147    173     59     83     60
199107    393    172    116     61     82     62
199108    390    169    116     61     82     62
199109    387    169    116     60     82     62
199110    371    163    112     60     82     62
199111    363    160    108     60     82     61
199112    359    160    108     60     82     61
199201    358    160    108     60     82     61
199202    355    160    107     60     82     61
199203    351    159    107     60     82     61
199204    348    159    106     60     82     61
199205    346    158    105     59     82     61
199206    344    155    104     58     82     61
199207    504    160    190     71     96     71
199208    501    160    190     71     95     71
199209    500    159    190     71     95     71
199210    497    158    189     71     95     71
199211    494    155    189     71     95     71
199212    492    153    189     71     95     71
199301    491    152    189     71     95     71
199302    491    152    189     71     95     71
199303    491    152    189     71     95     71
199304    490    152    189     71     95     71
199305    490    152    189     71     95     71
199306    488    151    189     71     95     71
199307    480    214    239     90    120     90
199308    478    213    239     90    120     90
199309    473    212    239     90    120     90
199310    473    212    239     90    120     90
199311    472    212    238     90    120     90
199312    468    210    237     90    119     89
199401    468    209    237     90    119     89
199402    465    209    237     90    119     89
199403    464    209    237     90    119     89
199404    464    209    237     90    119     89
199405    462    209    236     90    119     89
199406    462    209    236     90    119     89
199407    485    278    315     98    130     98
199408    484    278    315     98    129     98
199409    484    278    315     98    129     98
199410    483    277    315     98    128     98
199411    480    275    314     98    128     98
199412    479    274    314     98    128     98
199501    478    274    314     98    128     97
199502    476    273    314     98    128     97
199503    474    271    313     98    128     97
199504    471    271    313     98    128     97
199505    467    271    313     98    128     97
199506    466    270    312     98    128     97
199507    377    350    498     92    124     92
199508    374    348    498     92    124     92
199509    372    348    495     92    124     92
199510    372    348    492     92    124     92
199511    371    347    492     92    124     92
199512    371    346    490     92    124     92
199601    371    345    490     91    123     92
199602    370    342    490     91    123     92
199603    369    342    489     90    123     92
199604    366    342    488     89    123     92
199605    366    342    487     89    122     92
199606    366    341    483     89    122     92
199607    561    315    466    100    136    101
199608    558    313    463    100    136    101
199609    557    312    462     98    136    101
199610    554    311    459     98    136    101
199611    553    309    457     98    135    101
199612    553    308    457     98    134    101
199701    550    308    456     97    133    101
199702    547    308    454     97    132    100
199703    545    307    453     96    132    100
199704    544    306    452     96    132    100
199705    542    305    449     96    132    100
199706    540    305    447     96    131     99
199707    654    296    423    108    145    108
199708    653    296    421    108    145    108
199709    653    295    420    108    145    108
199710    651    295    419    108    145    108
199711    651    293    416    108    144    108
199712    648    290    414    108    144    107
199801    646    290    413    108    143    106
199802    645    289    413    108    142    106
199803    643    288    413    107    142    106
199804    640    288    412    107    142    106
199805    640    288    410    106    142    105
199806    635    287    408    105    142    105
199807    535    433    467     88    119     91
199808    533    430    466     88    119     91
199809    531    430    465     86    119     91
199810    530    429    463     85    119     90
199811    529    427    461     85    119     90
199812    527    426    458     85    119     89
199901    525    425    458     84    119     89
199902    524    422    457     83    119     89
199903    522    420    456     83    119     88
199904    521    420    454     82    119     87
199905    521    420    454     82    119     87
199906    520    419    453     82    118     86
199907    621    429    492     90    119     90
199908    619    428    488     89    118     89
199909    616    428    487     89    117     88
199910    615    425    486     88    117     88
199911    613    419    486     88    117     88
199912    612    417    486     88    116     88
200001    611    416    484     88    115     86
200002    610    411    480     88    114     86
200003    610    410    475     88    114     86
200004    607    410    474     88    114     86
200005    606    409    474     87    114     86
200006    605    408    470     86    114     86
200007    739    433    468     88    118     88
200008    737    432    467     87    118     88
200009    734    430    466     86    117     88
200010    733    428    465     86    117     88
200011    732    428    463     86    117     88
200012    732    428    462     86    116     85
200101    729    427    460     85    116     85
200102    727    427    458     85    116     83
200103    724    422    457     85    116     82
200104    719    418    453     81    116     82
200105    718    416    450     80    116     82
200106    714    416    450     80    116     81
200107    677    462    646     82    110     83
200108    675    459    643     82    110     83
200109    673    458    642     81    108     83
200110    670    458    642     79    107     81
200111    668    455    640     79    106     80
200112    663    454    638     79    106     80
200201    661    452    634     79    106     79
200202    661    450    633     79    105     79
200203    658    449    632     79    105     79
200204    657    447    631     79    104     79
200205    654    445    631     79    103     79
200206    651    444    628     79    103     79
200207    906    454    626     89    118     89
200208    906    454    623     88    117     89
200209    903    452    620     88    117     89
200210    899    451    617     88    116     89
200211    898    448    616     88    115     89
200212    894    447    614     88    114     89
200301    889    445    611     88    114     88
200302    884    445    611     88    114     88
200303    882    445    608     88    114     88
200304    879    445    608     88    111     87
200305    879    443    607     87    111     86
200306    879    443    607     87    111     86
200307    916    493    661     90    121     90
200308    915    493    661     89    121     89
200309    913    490    660     89    119     89
200310    910    489    658     88    119     89
200311    910    488    653     87    119     89
200312    910    487    653     87    118     89
200401    906    485    652     87    118     89
200402    905    484    651     87    118     89
200403    904    482    650     87    118     89
200404    902    482    650     87    118     89
200405    900    482    649     87    118     89
200406    900    482    648     87    118     89
200407    917    570    733    106    141    106
200408    913    568    730    105    141    106
200409    912    567    726    105    140    106
200410    911    566    725    104    139    106
200411    909    566    724    104    139    106
200412    889    563    722    104    139    104
200501    893    562    720    104    139    104
200502    891    561    718    104    139    104
200503    891    554    718    104    139    103
200504    890    551    718    104    139    103
200505    888    550    717    104    139    103
200506    884    548    715    104    139    103
200507    931    529    870    112    148    112
200508    928    527    869    108    147    112
200509    926    526    868    107    147    111
200510    923    526    867    105    147    111
200511    915    525    867    105    147    111
200512    914    523    865    105    147    111
200601    913    522    860    104    147    110
200602    912    523    858    104    147    110
200603    910    523    858    104    147    110
200604    909    520    856    104    147    110
200605    906    518    855    103    147    110
200606    904    516    848    103    147    110
200607   1098    666    685    119    160    119
200608   1094    666    681    118    160    117
200609   1088    664    679    118    160    116
200610   1084    662    675    118    160    116
200611   1081    656    674    118    159    116
200612   1077    652    673    117    159    114
200701   1071    648    672    113    159    113
200702   1065    644    667    113    158    112
200703   1063    642    666    113    158    112
200704   1063    639    665    113    158    112
200705   1060    637    662    112    158    112
200706   1055    636    660    112    158    112
200707   1162    593    677    151    204    152
200708   1159    592    673    150    204    151
200709   1155    590    672    148    201    151
200710   1151    587    670    148    200    150
200711   1148    583    670    148    200    149
200712   1146    582    665    147    200    149
200801   1144    580    665    145    200    149
200802   1142    579    663    145    200    146
200803   1140    578    661    145    199    145
200804   1136    576    658    145    198    145
200805   1136    574    656    144    197    145
200806   1132    572    654    143    197    145
200807   1012    686    966    121    160    121
200808   1012    685    965    121    160    120
200809   1008    685    963    121    160    120
200810   1006    684    961    120    160    119
200811    999    684    959    119    160    119
200812    998    682    958    119    159    119
200901    994    681    958    119    158    119
200902    991    680    957    119    157    117
200903    991    680    957    119    157    117
200904    989    678    957    118    157    117
200905    985    678    956    118    156    116
200906    983    676    956    117    156    116
200907   1052    667   1046    103    136    103
200908   1050    667   1044    102    136    103
200909   1042    664   1038    102    136    103
200910   1039    662   1037    101    136    103
200911   1036    662   1035    100    136    102
200912   1035    662   1034     99    136    102
201001   1029    658   1028     98    136    100
201002   1024    654   1027     98    136    100
201003   1020    651   1022     98    136    100
201004   1014    651   1020     98    136    100
201005   1011    650   1015     98    136    100
201006   1012    649   1014     97    136    100
201007   1535    536    674    115    152    115
201008   1532    534    674    115    152    114
201009   1526    533    673    115    152    113
201010   1514    531    671    115    152    113
201011   1513    527    671    115    150    112
201012   1508    527    669    114    149    112
201101   1504    522    666    112    148    112
201102   1502    520    662    111    147    112
201103   1492    519    661    111    147    111
201104   1492    519    660    110    147    111
201105   1489    518    659    110    147    111
201106   1482    516    660    108    147    111
201107   1124    750    944    117    157    117
201108   1117    749    941    116    157    117
201109   1108    743    938    114    157    117
201110   1103    740    936    114    157    117
201111   1100    740    935    113    157    117
201112   1098    737    932    112    157    117
201201   1094    734    929    111    156    116
201202   1093    733    926    111    156    116
201203   1089    728    925    111    156    116
201204   1087    724    922    111    156    116
201205   1085    723    922    111    155    115
201206   1084    723    920    111    155    114
201207   1258    606   1015    106    142    106
201208   1254    605   1012    106    142    105
201209   1249    604   1009    106    141    105
201210   1246    603   1008    106    141    105
201211   1244    601   1005    106    141    105
201212   1241    600   1005    105    141    105
201301   1237    598   1002    105    140    105
201302   1234    597    997    105    140    104
201303   1228    593    996    105    138    104
201304   1223    592    994    105    138    104
201305   1220    591    993    105    138    104
201306   1219    590    991    105    138    104
201307   1496    501    883     97    130     97
201308   1495    500    879     97    130     97
201309   1490    498    877     97    130     97
201310   1480    496    876     97    130     97
201311   1477    495    874     97    129     97
201312   1473    495    871     97    129     97
201401   1469    491    869     97    129     97
201402   1460    491    868     97    129     97
201403   1456    491    865     97    128     97
201404   1455    490    859     97    128     97
201405   1451    489    857     97    128     97
201406   1450    488    856     97    128     97
201407   1450    531    910    107    143    107
201408   1447    530    910    107    142    106
201409   1444    527    908    106    141    106
201410   1432    525    907    106    141    104
201411   1428    525    906    106    139    104
201412   1423    522    905    106    139    104
201501   1418    522    902    106    139    104
201502   1413    521    901    106    139    104
201503   1410    520    898    106    139    104
201504   1407    519    896    106    138    104
201505   1405    518    896    106    138    104
201506   1399    515    891    105    138    104
201507   1333    507    956    132    177    132
201508   1332    506    954    132    176    132
201509   1322    505    950    132    176    132
201510   1318    504    950    132    175    131
201511   1315    504    948    132    174    130
201512   1314    504    946    132    174    130
201601   1312    502    943    132    174    130
201602   1309    502    943    132    174    130
201603   1305    501    939    131    173    130
201604   1303    501    937    131    173    130
201605   1300    500    935    131    172    130
201606   1297    500    934    131    172    129
201607   1368    542   1014    127    169    127
201608   1365    540   1014    126    169    127
201609   1351    538   1010    125    168    126
201610   1347    534   1006    123    168    126
201611   1342    534   1002    122    168    124
201612   1341    534   1001    122    168    124
201701   1334    533    997    122    168    124
201702   1332    531    997    122    168    124
201703   1323    531    995    121    168    124
201704   1320    528    992    121    168    124
201705   1318    527    991    121    168    123
201706   1313    524    989    121    167    123
201707   1353    586   1116    120    160    120
201708   1348    584   1115    120    160    120
201709   1343    581   1115    120    159    120
201710   1340    579   1116    119    159    120
201711   1335    578   1112    119    159    120
201712   1328    576   1111    119    159    120
201801   1325    574   1109    118    159    119
201802   1322    574   1106    118    159    118
201803   1319    572   1106    118    159    118
201804   1315    570   1102    118    159    118
201805   1310    570   1097    118    159    118
201806   1306    568   1094    118    159    118
201807   1375    640   1191    123    164    123
201808   1370    639   1188    123    164    123
201809   1360    637   1185    123    164    123
201810   1354    635   1184    122    164    123
201811   1345    634   1182    122    163    123
201812   1340    631   1181    120    163    123
201901   1334    628   1176    120    162    123
201902   1331    628   1171    120    162    123
201903   1327    624   1169    120    162    123
201904   1324    622   1165    120    162    123
201905   1318    620   1165    120    161    123
201906   1311    620   1160    118    160    123
201907   1385    611   1312    107    141    107
201908   1367    609   1307    106    141    107
201909   1364    606   1302    105    140    107
201910   1361    603   1299    105    140    107
201911   1359    600   1295    105    140    107
201912   1359    595   1292    105    140    107
202001   1354    593   1282    105    140    107
202002   1351    592   1282    105    140    107
202003   1343    591   1278    105    139    107
202004   1341    589   1274    105    139    107
202005   1337    587   1272    105    139    107
202006   1334    582   1271    104    139    107



  Average Firm Size
                       Small                                Big
              Low         2           High        Low         2           High
199007       14.76       24.64       20.89      760.23     1328.15      887.14
199008       15.09       24.63       21.24      795.13     1401.72      919.59
199009       14.74       23.25       20.65      733.88     1316.56      848.46
199010       14.32       21.66       19.21      693.16     1200.97      753.88
199011       13.41       20.44       17.90      658.30     1183.20      756.09
199012       12.91       19.67       17.18      644.71     1151.02      736.64
199101       12.43       19.16       16.70      632.19     1138.39      734.03
199102       12.76       19.67       17.01      674.74     1214.30      779.03
199103       13.77       20.00       18.43      741.03     1307.02      882.01
199104       14.43       19.46       18.38      752.29     1335.88      912.63
199105       15.05       19.82       19.52      787.98     1369.00      915.71
199106       15.28       20.15       18.69      770.25     1373.18      924.65
199107       15.46       27.67       28.99     1071.18     1266.02      937.89
199108       16.70       29.83       30.24     1143.82     1358.18      974.15
199109       16.73       29.40       30.00     1157.47     1339.62      958.73
199110       17.57       30.63       32.17     1179.30     1339.71      972.00
199111       18.69       32.45       36.46     1223.19     1388.83     1027.00
199112       19.13       32.34       37.70     1176.58     1400.14     1024.71
199201       18.94       31.89       36.87     1174.11     1434.17     1045.06
199202       19.35       32.03       38.52     1175.94     1459.45     1069.66
199203       19.58       32.65       39.31     1203.14     1499.69     1084.33
199204       19.63       31.83       39.19     1189.59     1506.53     1080.45
199205       19.63       32.42       37.16     1252.42     1602.83     1140.93
199206       20.82       33.38       38.45     1351.85     1729.34     1216.00
199207       24.96       32.57       44.93     1063.93     1581.51     1393.47
199208       24.87       31.64       44.03     1036.66     1553.09     1306.99
199209       23.18       29.63       41.95      964.28     1467.83     1231.09
199210       22.78       29.60       41.35      924.97     1428.17     1212.29
199211       22.59       30.39       41.53      904.41     1465.15     1297.18
199212       22.47       30.68       42.31      906.05     1444.85     1227.13
199301       23.17       31.38       42.58      938.17     1463.72     1190.84
199302       23.43       31.73       43.57      925.23     1490.25     1217.51
199303       25.05       34.76       46.41      994.46     1601.40     1341.79
199304       26.83       36.91       48.25     1021.69     1630.37     1374.24
199305       29.36       39.55       51.28     1054.34     1697.20     1467.25
199306       31.19       44.84       54.14     1083.55     1764.91     1562.10
199307       26.79       43.37       43.53      867.57     1658.16      882.93
199308       28.69       44.12       44.80      925.91     1694.62      870.95
199309       30.48       46.00       47.64      957.59     1825.15      930.76
199310       29.55       44.67       45.89      917.01     1838.98      952.79
199311       32.41       48.96       52.31     1033.37     2116.70     1147.38
199312       32.24       49.25       52.76     1001.94     2069.91     1131.61
199401       37.26       57.33       61.52     1144.58     2503.01     1436.04
199402       40.71       59.44       62.64     1237.94     2491.05     1421.20
199403       41.11       58.86       61.57     1177.52     2307.00     1310.20
199404       37.00       53.36       56.07     1061.55     2065.19     1181.81
199405       37.48       54.06       56.16     1085.28     2142.88     1164.06
199406       38.06       53.82       56.02     1133.22     2240.68     1215.78
199407       34.34       54.81       53.29     1537.85     1954.69     1256.34
199408       35.17       55.65       53.46     1601.09     2074.86     1345.34
199409       35.56       56.79       53.76     1646.92     2179.56     1397.62
199410       34.89       55.46       52.54     1596.99     2112.37     1389.65
199411       34.58       54.50       51.73     1608.59     2152.59     1399.23
199412       32.90       50.66       46.55     1517.00     1988.71     1206.69
199501       32.43       48.29       45.03     1501.14     1989.99     1171.30
199502       30.02       44.97       40.38     1461.39     1819.03     1060.20
199503       30.07       46.16       40.56     1500.43     1947.61     1186.63
199504       29.83       45.64       39.33     1504.76     1963.97     1205.65
199505       30.21       45.80       39.01     1572.65     1990.33     1155.73
199506       29.93       46.11       39.85     1572.63     2088.87     1263.26
199507       36.78       53.76       44.46     1910.23     1888.30     1472.87
199508       38.91       57.88       48.18     2057.48     1948.71     1536.94
199509       40.37       59.01       49.33     2062.47     1905.36     1490.37
199510       40.84       59.47       49.87     2067.55     1919.60     1580.42
199511       39.42       58.07       48.63     2045.16     1910.59     1580.54
199512       40.15       58.45       48.92     2070.47     1916.66     1603.10
199601       41.07       59.27       48.86     2070.78     1987.56     1663.53
199602       43.90       62.70       53.16     2170.27     2149.56     1911.76
199603       45.29       64.06       53.80     2220.24     2175.88     1867.07
199604       45.89       63.44       53.15     2196.02     2161.07     1843.69
199605       47.83       65.22       54.27     2262.22     2185.93     1858.08
199606       49.18       65.05       55.59     2272.56     2173.04     1903.94
199607       39.91       66.62       54.51     1701.49     2505.80     1586.99
199608       37.45       63.83       51.55     1630.73     2378.61     1494.69
199609       38.50       67.13       53.97     1716.75     2469.08     1549.50
199610       38.68       67.62       54.72     1767.78     2553.61     1551.14
199611       39.88       69.90       56.87     1808.43     2632.22     1566.65
199612       42.58       74.27       61.28     1980.98     2814.71     1631.59
199701       42.74       73.83       59.76     1994.30     2808.41     1636.82
199702       43.19       73.28       59.04     1917.00     2769.75     1610.56
199703       45.17       76.49       62.16     1948.52     2795.24     1612.32
199704       43.96       74.37       59.88     1852.91     2689.34     1499.16
199705       44.10       74.31       59.16     1854.11     2733.53     1439.87
199706       46.12       77.12       61.80     2015.25     2928.36     1560.97
199707       50.74       70.60       64.20     1558.63     3142.66     1741.59
199708       52.71       71.71       67.93     1551.28     3204.12     1797.77
199709       53.68       72.11       67.35     1466.82     2868.03     1622.16
199710       52.29       68.67       65.68     1528.41     3020.10     1671.51
199711       39.51       54.18       48.62     1238.29     2386.81     1232.44
199712       37.08       49.88       45.04     1215.33     2389.04     1194.38
199801       34.83       46.60       40.34     1207.66     2400.97     1181.89
199802       30.66       41.30       34.34     1174.97     2225.84     1019.08
199803       34.58       47.33       39.65     1266.23     2494.76     1199.74
199804       33.67       46.71       38.50     1243.17     2445.79     1182.34
199805       32.51       45.11       36.99     1210.13     2292.09     1092.48
199806       29.28       40.56       32.91     1106.59     2037.38      945.25
199807       28.21       41.80       39.85     1425.06     1603.84     2190.21
199808       26.87       39.76       37.29     1375.74     1560.42     2115.36
199809       22.56       33.80       31.21     1218.59     1329.10     1886.66
199810       23.61       36.16       33.09     1347.20     1469.65     2133.48
199811       27.46       44.14       39.40     1627.59     1720.42     2492.33
199812       29.58       46.22       43.11     1704.68     1841.36     2534.23
199901       28.99       44.38       40.89     1684.37     1815.16     2444.62
199902       28.53       43.83       40.39     1723.53     1840.29     2372.71
199903       27.90       42.84       39.28     1710.15     1820.03     2372.79
199904       28.95       43.87       40.91     1860.31     1982.00     2590.38
199905       35.52       54.10       50.06     2180.71     2267.29     3054.95
199906       36.38       58.36       55.59     2043.27     2137.82     2846.61
199907       42.87       59.71       54.56     1681.08     3210.77     2403.10
199908       40.24       56.83       52.22     1645.54     3196.66     2398.62
199909       38.88       54.86       50.51     1614.24     3202.43     2318.63
199910       40.17       55.34       50.61     1511.99     3147.45     2280.24
199911       39.64       55.16       50.00     1507.73     3185.84     2332.79
199912       41.79       57.69       52.01     1624.70     3450.97     2473.48
200001       46.17       62.21       57.87     1779.09     3746.32     2769.07
200002       48.45       60.26       57.03     1571.70     3487.77     2648.78
200003       53.46       60.88       58.35     1456.94     3359.44     2835.00
200004       52.69       60.40       57.09     1515.47     3465.49     2709.25
200005       42.03       53.85       47.32     1483.62     3297.88     2569.30
200006       37.55       49.24       42.97     1311.21     3022.52     2425.41
200007       38.86       60.72       57.55     1656.22     3704.16     2707.29
200008       38.29       61.62       57.02     1662.98     3648.32     2756.71
200009       39.04       62.66       56.97     1752.88     3511.18     2837.53
200010       33.90       56.84       50.81     1633.11     3366.56     2524.09
200011       30.30       54.14       46.40     1541.37     3254.62     2290.85
200012       30.30       54.15       45.62     1539.90     3289.47     2242.73
200101       29.93       55.01       45.41     1721.52     3398.62     2338.56
200102       29.84       55.86       46.10     1729.44     3526.84     2481.91
200103       29.87       54.01       45.12     1806.48     3393.58     2289.03
200104       25.83       48.10       38.60     1639.24     2963.29     1936.14
200105       27.25       49.46       41.65     1706.98     3169.42     2098.10
200106       28.23       52.09       43.29     1710.46     3134.89     2095.83
200107       37.66       50.93       40.31     1318.84     3487.53     2997.94
200108       35.44       49.22       37.13     1297.34     3386.21     2840.27
200109       34.73       49.16       35.81     1269.65     3359.68     2785.69
200110       29.78       42.07       29.25     1094.46     2932.19     2269.58
200111       31.68       45.04       32.08     1141.55     3056.50     2492.81
200112       33.66       48.30       35.21     1266.57     3316.66     2668.87
200201       33.96       49.40       34.73     1314.87     3420.11     2734.71
200202       35.54       51.63       36.87     1380.31     3466.83     2742.03
200203       35.19       52.98       36.47     1408.72     3375.00     2674.45
200204       36.11       55.85       38.72     1448.93     3532.16     2784.52
200205       35.71       56.90       38.43     1483.50     3618.85     2727.28
200206       37.31       60.46       40.10     1508.96     3611.89     2831.75
200207       28.48       50.57       43.02     2209.60     2433.47     2468.16
200208       25.63       46.23       39.10     2108.67     2297.21     2348.61
200209       25.86       45.75       39.27     2026.99     2289.71     2412.30
200210       23.90       42.39       35.27     1846.50     2152.40     2214.31
200211       24.11       43.37       35.66     1931.98     2248.05     2351.65
200212       24.21       43.81       35.51     2043.82     2262.57     2414.26
200301       24.34       43.34       35.78     1951.46     2197.64     2343.39
200302       24.99       44.52       37.28     1940.20     2240.09     2412.96
200303       25.16       45.07       37.32     1930.57     2213.90     2334.00
200304       24.16       43.58       35.89     1849.97     2257.00     2360.46
200305       24.64       44.08       36.31     1908.76     2348.75     2535.86
200306       27.63       49.07       39.32     2008.60     2494.52     2712.08
200307       28.43       47.54       40.88     2149.08     2742.60     2097.05
200308       30.98       51.90       44.74     2243.87     2784.53     2202.39
200309       34.54       55.94       48.67     2469.33     2895.50     2332.99
200310       37.21       60.39       52.62     2628.24     3032.50     2400.32
200311       39.28       63.59       55.76     2828.96     3194.53     2565.58
200312       38.95       64.41       56.29     2791.13     3219.18     2588.74
200401       40.46       66.95       58.46     2947.47     3373.49     2701.27
200402       43.84       71.40       61.71     3103.38     3520.51     2786.59
200403       46.11       75.16       64.23     3207.80     3617.23     2914.24
200404       44.10       72.39       61.80     3120.88     3561.38     2862.97
200405       40.73       67.16       56.91     2997.76     3365.04     2664.37
200406       39.51       66.05       55.65     2982.70     3343.45     2687.73
200407       28.91       63.00       56.72     2969.49     3105.38     1916.50
200408       29.06       64.24       57.58     2966.32     3133.17     1928.05
200409       28.86       64.85       57.32     2992.25     3232.51     1997.51
200410       30.39       67.66       60.85     3154.97     3400.73     2100.24
200411       31.34       70.38       63.83     3208.43     3533.72     2167.19
200412       34.43       76.28       69.96     3482.19     3759.80     2355.75
200501       34.37       78.40       71.80     3578.49     3863.17     2426.38
200502       35.17       79.42       73.80     3551.27     3851.55     2403.87
200503       35.75       82.87       75.66     3718.24     3977.72     2494.86
200504       34.36       79.78       72.70     3597.97     3846.20     2415.44
200505       32.98       77.99       69.94     3489.39     3876.81     2424.04
200506       32.21       76.87       66.66     3519.31     3853.51     2401.04
200507       40.38       73.31       58.41     2191.99     4807.31     2143.18
200508       41.24       75.07       60.01     2312.21     5029.00     2226.30
200509       41.50       75.78       61.01     2311.69     5013.83     2238.30
200510       42.88       78.10       63.47     2388.13     5182.11     2380.18
200511       40.58       74.82       59.94     2276.70     4855.83     2223.58
200512       41.67       75.63       60.85     2322.40     5015.63     2300.13
200601       42.34       76.58       61.22     2394.71     5103.45     2369.47
200602       44.86       80.75       67.16     2540.84     5456.56     2485.34
200603       46.91       81.70       68.31     2532.43     5402.79     2493.06
200604       50.10       84.02       72.05     2578.55     5463.26     2561.57
200605       53.05       88.36       76.33     2707.24     5844.81     2759.21
200606       50.51       83.82       70.74     2533.41     5488.67     2620.62
200607       43.81       81.11       71.69     3634.56     3909.81     2997.88
200608       45.25       82.76       73.75     3712.51     3951.14     3033.88
200609       46.58       84.15       75.13     3787.09     4050.36     3118.37
200610       47.39       84.92       72.62     3807.13     4035.72     3088.93
200611       50.31       89.36       80.22     4034.81     4230.40     3318.30
200612       53.26       93.56       85.28     4295.69     4407.91     3452.30
200701       54.95       95.42       87.67     4573.42     4579.46     3611.13
200702       58.80      100.36       92.40     4675.38     4686.58     3681.54
200703       60.60      101.95       95.94     4655.59     4756.88     3720.79
200704       64.12      109.04      100.11     4853.59     4940.19     3947.71
200705       70.10      117.71      108.76     5089.91     5152.46     4123.81
200706       77.46      127.91      118.00     5135.61     5302.74     4253.74
200707       76.96      113.58      110.51     3689.81     5846.95     2632.08
200708       81.77      119.82      112.32     3660.45     5967.20     2728.95
200709       70.92      103.69       96.23     3482.35     5890.43     2565.60
200710       77.17      111.22      106.55     3808.65     6673.33     2999.07
200711       79.97      116.78      114.38     4047.10     7298.48     3326.20
200712       73.81      106.98      102.64     3832.44     6858.07     3083.76
200801       72.96      105.39      100.98     3745.90     6737.18     3068.32
200802       62.27       90.65       83.79     3469.86     6091.62     2596.35
200803       65.60       93.71       88.42     3623.65     6159.97     2756.64
200804       59.23       84.78       79.67     3451.19     5915.49     2494.06
200805       61.40       86.98       83.55     3630.04     6410.87     2706.72
200806       63.96       88.06       91.55     3617.86     6540.39     2858.09
200807       61.16      104.42       90.54     3943.26     7158.90     3609.68
200808       58.04       98.20       80.80     3841.36     6846.10     3311.27
200809       52.78       88.13       70.12     3661.41     6449.65     2925.50
200810       43.64       71.95       54.48     3231.76     5281.43     2243.85
200811       31.19       50.54       34.04     2493.30     3941.10     1608.33
200812       29.36       46.23       31.12     2380.35     3686.91     1408.75
200901       31.36       50.25       34.97     2520.45     3922.96     1568.95
200902       29.04       46.68       31.92     2337.35     3626.46     1443.17
200903       28.26       44.89       32.08     2173.05     3426.25     1400.98
200904       29.75       46.40       35.77     2306.08     3814.44     1607.69
200905       32.87       52.89       41.43     2543.99     4309.39     1880.88
200906       41.07       67.91       54.20     2836.23     5130.47     2220.01
200907       44.46       71.75       64.71     3290.46     5344.64     4074.99
200908       49.91       81.76       73.15     3662.36     6061.83     4616.23
200909       50.24       86.73       76.60     3664.22     6088.04     4694.68
200910       54.16       92.62       84.15     3914.49     6604.57     5151.77
200911       56.23       95.56       85.41     3997.63     6674.81     5160.73
200912       58.37       99.74       88.46     4148.71     6708.39     5381.82
201001       59.36      102.15       89.97     4328.85     6828.12     5571.09
201002       58.41      100.19       87.58     4083.06     6406.95     5108.86
201003       59.44      101.09       87.78     4112.40     6545.48     5336.01
201004       63.70      107.31       94.58     4342.94     6998.24     5813.38
201005       66.12      111.96       97.25     4369.34     7098.07     5663.26
201006       56.37       97.48       80.84     3919.23     6200.17     4911.45
201007       54.83       99.01       88.70     2996.30     6159.56     4683.83
201008       60.00      107.84       94.59     3304.64     6713.23     5184.65
201009       59.66      106.96       92.75     3255.36     6595.88     5162.72
201010       67.63      122.09      106.55     3657.54     7441.20     5717.48
201011       71.52      126.75      111.86     3785.95     7740.78     5919.30
201012       72.00      126.05      110.75     3726.09     7711.36     5732.08
201101       78.35      135.62      120.87     4020.18     8158.85     6161.64
201102       78.31      132.51      117.44     4018.97     8167.20     6068.96
201103       78.35      130.25      117.67     3991.18     8097.56     6139.05
201104       78.53      131.38      119.50     3942.42     8246.68     6314.96
201105       80.90      136.87      123.23     4101.08     8562.69     6717.09
201106       76.99      130.24      116.60     4064.11     8322.98     6473.78
201107       68.27      119.05      104.88     4536.33     8760.11     4688.48
201108       69.72      121.08      107.87     4566.43     8855.17     4774.36
201109       63.03      109.60       97.91     4312.60     8213.34     4414.61
201110       52.50       92.77       80.14     3729.56     6890.76     3578.94
201111       58.44      102.28       88.58     4257.03     7925.70     4048.81
201112       55.05       95.85       82.24     4055.17     7295.20     3784.05
201201       53.49       93.10       78.68     3914.26     7254.20     3763.63
201202       57.52      100.08       85.73     4177.03     8022.26     4206.11
201203       62.24      108.92       92.44     4320.62     8382.12     4421.62
201204       61.11      107.99       88.31     4295.95     8111.11     4310.62
201205       60.90      108.04       86.48     4355.59     8216.68     4407.87
201206       53.71       99.12       74.53     3864.84     7210.92     3851.00
201207       63.72      109.00       84.89     4725.57     7723.09     5103.53
201208       64.35      111.17       85.07     5095.98     8124.67     5267.25
201209       65.64      113.42       85.42     5009.49     8210.13     5373.12
201210       68.48      119.66       90.45     5138.12     8529.84     5651.05
201211       69.07      121.70       90.24     5284.32     8672.08     5712.85
201212       67.97      121.70       89.40     5465.49     8703.89     5829.21
201301       71.49      127.55       92.43     5565.56     8999.29     5999.07
201302       75.63      138.84       98.10     5811.64     9493.90     6403.61
201303       76.28      140.31       97.41     5867.00     9691.00     6355.55
201304       75.00      139.17       95.60     5983.71     9478.12     6357.46
201305       74.00      136.46       91.55     6264.16     9777.46     6376.37
201306       70.94      133.00       87.96     5688.59     8927.99     6230.52
201307       63.70      132.14      109.23     6552.91     8867.16     5858.68
201308       66.45      137.69      115.35     6771.48     9043.82     6153.05
201309       66.80      138.47      115.85     6729.20     8865.96     6188.67
201310       72.11      147.18      122.93     7240.24     9295.04     6649.89
201311       72.62      149.98      125.74     7569.11     9664.02     6872.33
201312       71.63      148.51      120.03     7314.78     9374.88     6796.30
201401       72.51      145.68      121.20     7243.99     9279.57     6828.37
201402       72.44      143.93      118.91     6913.96     8817.72     6491.91
201403       75.56      149.03      123.19     7311.59     9277.68     6877.46
201404       75.67      150.02      124.41     7451.14     9571.26     6692.23
201405       73.58      149.98      121.07     7549.31     9772.98     6747.05
201406       74.72      153.55      119.69     7553.98     9902.71     6802.28
201407       66.19      142.26      140.71     7651.64    10287.06     4388.57
201408       69.68      146.26      145.29     7815.08    10652.60     4631.20
201409       70.86      149.03      146.16     7839.50    10595.84     4548.07
201410       67.38      142.14      133.72     7263.41     9553.10     4232.13
201411       67.52      141.15      131.05     7449.79    10155.88     4330.82
201412       65.81      139.42      127.34     7285.66     9717.87     4266.02
201501       61.79      133.70      121.01     7110.85     9383.07     4138.06
201502       60.02      132.74      118.32     7146.73     9452.43     4159.39
201503       60.72      134.46      122.94     7361.88     9766.54     4224.37
201504       61.21      134.58      120.82     7158.92     9721.42     4208.00
201505       71.53      152.31      143.07     7414.33    10191.05     4499.60
201506       75.69      160.72      153.40     7294.64     9894.13     4249.12
201507       74.12      131.45      119.43     3920.72     8692.52     4044.92
201508       66.48      119.14      107.76     3851.29     8516.22     3804.21
201509       58.69      105.54       94.48     3390.74     7543.88     3412.38
201510       59.13      104.27       92.62     3283.06     7242.77     3340.78
201511       62.98      109.83       97.87     3550.74     7757.04     3650.19
201512       63.24      109.20       96.57     3423.16     7582.68     3545.60
201601       64.53      111.45       96.71     3480.97     7747.29     3577.64
201602       58.78      101.58       86.33     3219.68     7039.51     3222.22
201603       59.07      101.67       86.46     3328.27     7010.81     3261.23
201604       63.89      110.39       92.82     3699.66     7726.39     3574.12
201605       65.69      114.93       93.98     3752.90     7843.91     3595.71
201606       64.01      111.83       92.65     3599.29     7662.65     3548.79
201607       59.07      118.19      103.92     4926.26     7479.03     3328.65
201608       61.07      119.42      105.50     5208.51     7969.50     3565.97
201609       61.31      121.84      106.14     5234.63     7775.83     3615.58
201610       63.36      124.81      110.44     5468.00     7904.40     3672.86
201611       64.10      124.25      109.08     5518.31     7731.37     3610.15
201612       63.08      122.23      106.59     5555.43     7626.31     3616.09
201701       62.30      120.86      103.03     5384.71     7523.18     3528.79
201702       65.49      126.44      106.53     5773.10     7976.90     3685.13
201703       67.03      128.08      106.38     5809.48     8187.30     3800.74
201704       66.82      131.57      104.77     5959.97     8397.37     3886.97
201705       65.11      132.40      103.10     5945.35     8416.78     3971.72
201706       63.71      130.11      102.44     5957.56     8364.91     3885.33
201707       66.38      136.13      109.55     6113.89     9801.92     3035.18
201708       68.51      139.97      112.60     6375.37    10151.31     3038.29
201709       68.26      140.46      111.95     6447.44    10151.66     3024.61
201710       70.14      141.62      112.47     6390.95    10028.83     3085.00
201711       72.67      145.55      115.93     6438.57    10163.50     3164.63
201712       72.98      143.29      115.92     6393.61    10296.83     3234.44
201801       75.72      147.28      120.50     6651.51    10518.33     3391.74
201802       77.90      151.55      125.05     6931.37    10960.50     3484.72
201803       75.55      146.25      120.35     6697.79    10554.57     3426.66
201804       74.28      143.35      117.42     6361.97    10191.24     3307.57
201805       72.59      141.29      113.84     6553.54    10384.41     3352.89
201806       72.64      142.36      115.47     6545.89    10276.29     3401.19
201807       70.02      127.00      108.48     7522.81     7239.47     5689.84
201808       69.60      125.14      106.19     7568.19     7411.45     5761.22
201809       67.74      121.29      101.69     7273.01     7190.47     5711.61
201810       67.29      119.34      100.00     7231.51     7189.65     5544.56
201811       61.82      110.60       89.24     6621.45     6558.06     4948.08
201812       62.62      112.45       91.55     6808.34     6744.38     5270.92
201901       59.56      108.59       86.82     6594.52     6616.83     5212.39
201902       61.14      113.21       88.28     7038.12     7028.16     5623.56
201903       61.89      114.68       90.82     7255.27     7244.02     5831.60
201904       61.82      115.86       91.81     7309.26     7292.25     5807.94
201905       62.46      116.85       93.11     7452.79     7458.16     5888.34
201906       58.64      112.81       88.65     7233.02     7117.21     5515.04
201907       67.42      133.56      101.93     7723.53     9668.77     5700.11
201908       67.49      134.66      101.95     7623.00     9463.15     5742.73
201909       63.91      126.69       97.22     7082.95     8832.95     5454.14
201910       63.82      127.72       99.32     7160.96     8900.65     5445.65
201911       63.88      129.63      100.23     7333.04     9139.78     5724.41
201912       62.87      129.50       97.94     7379.27     8958.91     5837.07
202001       64.66      134.61      101.57     7613.85     9173.32     6043.67
202002       62.06      128.30       97.03     7401.42     8876.87     5964.79
202003       57.67      118.38       87.40     6775.80     8381.59     5615.80
202004       47.09       94.19       68.41     5513.15     6669.98     4585.97
202005       51.04      105.72       77.83     6206.69     7223.88     5239.04
202006       51.32      110.07       83.96     6365.76     7020.87     5259.17
