This was created by CMPT_EP_CFP_OP_INV_NI_AC_BRKPTS using the 202006 CRSP database.
It contains every 5th NYSE CF/P percentile.

      <=0   >0
1951    2  326    9.47   11.00   11.73   13.19   14.48   15.92   17.28   18.14   19.03   19.97   20.99   21.93   23.82   25.40   26.61   28.58   31.26   34.11   39.66   61.89
1952    1  438    8.18    9.47   11.45   12.32   13.54   14.25   14.67   15.46   16.19   17.21   17.98   18.78   19.73   20.68   21.88   23.87   25.58   27.96   32.86   55.90
1953    5  446    8.16    9.53   10.23   11.08   12.01   12.81   13.49   14.21   15.08   15.58   16.30   17.03   17.82   19.12   20.98   22.12   24.59   26.77   29.98  127.54
1954    1  460    8.97   10.12   11.27   12.22   12.95   13.56   14.39   15.25   15.65   17.19   18.51   19.65   21.12   23.03   24.77   25.88   28.13   32.66   40.42  110.19
1955    3  469    6.49    7.80    9.08    9.71   10.26   11.01   11.54   11.95   12.33   12.82   13.33   13.72   14.67   15.19   15.84   17.00   18.78   20.07   23.72   46.32
1956    1  480    6.72    8.33    8.99    9.95   10.63   11.07   11.48   11.99   12.56   13.09   13.65   14.14   14.70   15.38   16.34   17.29   18.94   20.85   24.33   49.90
1957    4  493    7.69    8.76    9.68   10.36   11.14   11.67   12.29   12.83   13.42   13.85   14.52   15.09   15.77   16.30   17.23   18.29   19.75   21.37   24.81   47.70
1958    2  521    8.26    9.46   10.43   11.85   12.43   13.09   13.90   14.65   15.65   16.55   17.39   18.28   19.22   20.27   21.41   23.57   25.38   28.15   33.36   92.46
1959    3  541    4.97    6.23    6.71    7.49    8.00    8.71    9.34    9.73   10.45   10.75   11.15   11.65   12.17   12.92   13.74   14.51   15.86   17.56   21.33   47.40
1960    4  564    4.64    5.79    6.74    7.60    8.26    8.92    9.47   10.01   10.45   10.92   11.55   12.08   12.77   13.28   13.98   15.05   16.56   19.19   22.41   52.35
1961   10  646    3.84    5.71    6.53    7.36    8.10    8.76    9.47   10.13   10.64   11.31   11.67   12.36   12.96   13.87   14.88   16.04   18.01   20.52   26.16   78.75
1962   17  689    3.20    4.41    5.07    5.71    6.58    7.18    7.68    8.18    8.52    8.97    9.36    9.86   10.47   11.30   12.01   13.00   14.39   16.37   20.55  105.06
1963    8  742    5.03    6.04    6.64    7.18    7.92    8.43    8.94    9.47    9.98   10.54   11.25   11.89   12.45   13.35   14.31   15.44   16.76   18.64   23.23  124.54
1964    7  788    4.67    5.65    6.32    6.91    7.44    8.05    8.43    8.91    9.54   10.25   10.79   11.59   12.19   12.93   13.76   14.56   16.07   18.11   22.43  111.63
1965   10  855    4.76    5.79    6.37    6.97    7.44    7.97    8.46    8.95    9.53   10.19   10.75   11.43   12.25   13.01   13.86   14.85   15.89   17.38   19.74   91.95
1966   11  900    4.35    5.52    6.19    6.83    7.36    7.81    8.25    8.67    9.08    9.62   10.09   10.51   11.09   11.70   12.36   13.10   14.18   15.22   18.30   80.56
1967   11  949    4.64    6.33    7.30    8.14    8.98    9.60   10.13   10.91   11.47   12.09   12.68   13.44   14.25   15.03   15.93   16.82   17.87   19.89   22.58  176.38
1968   14  978    3.33    4.24    5.23    6.02    6.54    7.13    7.73    8.28    8.83    9.27    9.66   10.15   10.69   11.12   11.62   12.24   13.03   14.25   16.11   33.71
1969   12 1050    2.99    3.95    4.74    5.34    5.86    6.34    6.77    7.15    7.58    8.01    8.44    8.75    9.17    9.62   10.16   10.64   11.16   11.97   13.56   23.87
1970   19 1109    3.46    4.63    5.65    6.43    7.43    8.01    8.80    9.56   10.24   10.92   11.49   12.19   12.83   13.32   13.96   14.90   16.32   17.75   20.34   69.63
1971   60 1103    3.85    5.04    6.08    6.98    7.79    8.35    9.04    9.65   10.27   10.72   11.20   11.71   12.24   12.81   13.42   14.27   15.19   16.42   18.99   45.70
1972   55 1177    2.98    4.06    5.23    6.07    6.76    7.44    8.15    8.66    9.24    9.83   10.43   11.06   11.60   12.16   12.74   13.48   14.23   15.43   17.35   56.36
1973   28 1269    2.97    4.44    5.38    6.35    7.24    8.12    8.81    9.59   10.28   10.90   11.80   12.34   13.03   13.70   14.34   14.99   15.83   17.00   19.63   96.82
1974   32 1282    5.05    7.02    9.12   11.23   12.87   14.20   15.31   16.25   17.24   18.13   19.12   20.21   21.75   23.55   25.37   26.97   29.38   32.30   38.65   80.20
1975   66 1272    8.41   11.04   13.72   16.54   18.52   20.54   21.93   23.50   24.65   26.01   27.79   29.50   31.30   33.86   36.46   39.06   42.38   49.17   58.88  258.92
1976   96 1245    6.17    8.12    9.91   11.36   12.77   14.17   15.67   16.64   17.46   18.34   19.17   19.96   21.23   22.19   23.97   26.37   28.23   31.19   36.89   96.60
1977   47 1321    6.79    8.40    9.96   11.05   12.22   13.28   14.18   14.87   15.76   16.43   17.14   17.77   18.48   19.42   20.50   21.55   23.35   25.69   29.85   58.08
1978   52 1314    8.00   10.19   11.51   12.66   13.56   14.42   15.19   16.00   16.91   17.63   18.38   19.05   19.70   20.63   21.84   23.15   24.91   27.20   30.70   79.49
1979   34 1325    8.80   10.84   12.41   13.69   14.91   16.10   16.93   17.95   18.80   19.56   20.36   21.24   22.18   23.18   24.50   25.84   27.66   30.70   34.68   61.54
1980   40 1315    7.89   10.11   11.51   12.74   13.95   15.06   16.06   17.16   18.08   18.98   19.95   20.78   21.70   22.64   23.88   25.48   27.28   29.74   33.66   89.22
1981   58 1291    5.65    7.69    8.96   10.13   11.43   12.58   13.95   15.00   16.05   17.06   18.03   18.96   19.86   20.97   21.99   22.93   24.20   26.15   29.24   61.43
1982   76 1259    6.72    8.99   10.44   11.86   13.03   14.10   15.26   16.45   17.51   18.49   19.26   19.95   20.95   21.77   23.07   24.22   25.92   28.63   32.57  104.56
1983  140 1178    4.77    6.64    7.71    8.53    9.28   10.32   11.25   12.23   13.11   14.01   15.00   16.36   17.42   18.69   20.15   21.95   23.77   26.04   30.00   83.86
1984  138 1182    3.57    5.42    6.67    7.77    8.61    9.32   10.12   10.77   11.49   12.23   13.03   13.83   14.69   15.69   16.97   18.75   20.56   23.78   28.18   60.76
1985  134 1165    5.65    7.35    8.74    9.76   10.40   11.39   12.16   12.99   13.79   14.53   15.46   16.42   17.39   18.61   19.92   21.39   23.20   25.33   28.45  117.03
1986  166 1087    4.02    5.54    6.56    7.35    8.05    8.54    9.12    9.79   10.54   11.36   12.04   12.89   13.89   14.98   15.98   17.10   19.07   20.63   23.65   77.53
1987  179 1073    3.20    4.99    6.16    6.93    7.58    8.23    8.97    9.56   10.09   10.63   11.18   11.87   12.58   13.24   14.15   15.32   16.71   18.49   21.66  235.71
1988  145 1106    4.08    5.82    6.99    7.82    8.84    9.58   10.18   10.94   11.62   12.54   13.26   14.15   14.88   15.64   16.49   17.68   19.21   21.24   27.37  421.56
1989  140 1097    4.05    5.83    7.08    7.84    8.68    9.19    9.74   10.41   11.10   11.67   12.31   13.04   13.89   14.90   15.95   17.02   18.33   20.71   25.03  402.56
1990  155 1084    3.98    5.33    6.40    7.10    7.67    8.19    8.83    9.33    9.95   10.50   11.37   12.03   12.72   13.53   14.38   15.10   16.52   18.47   22.85  229.18
1991  207 1077    4.15    5.97    6.74    7.49    8.32    9.16    9.88   10.65   11.34   12.07   12.78   13.52   14.14   15.00   15.83   17.12   18.73   21.89   28.31  249.87
1992  262 1082    2.43    3.77    4.55    5.30    5.93    6.59    7.24    7.80    8.32    8.73    9.29    9.79   10.40   11.11   11.83   12.72   13.68   15.42   18.31 1067.06
1993  215 1224    2.49    3.73    4.75    5.37    6.16    6.60    7.08    7.67    8.18    8.67    9.09    9.47   10.06   10.73   11.47   12.23   13.12   14.59   17.49  108.35
1994  223 1310    2.64    3.93    4.86    5.50    6.14    6.59    7.10    7.49    7.95    8.43    8.93    9.35    9.91   10.51   10.97   11.63   12.67   14.01   17.23  205.36
1995  167 1418    3.75    5.21    6.28    7.06    7.53    8.10    8.61    9.19    9.70   10.12   10.70   11.25   11.80   12.47   13.16   14.11   14.96   16.55   20.07   98.54
1996  145 1487    2.86    4.38    5.29    5.90    6.65    7.21    7.63    8.14    8.56    9.08    9.59   10.08   10.58   11.17   11.96   12.93   14.60   16.20   20.19  153.05
1997  151 1589    2.49    3.81    4.72    5.71    6.26    6.73    7.26    7.75    8.25    8.73    9.27    9.85   10.42   11.01   11.62   12.40   13.59   15.39   19.11  133.42
1998  163 1578    2.68    3.75    4.38    4.91    5.39    5.92    6.40    6.86    7.36    7.81    8.28    8.75    9.24    9.80   10.51   11.21   12.32   13.95   17.67  114.31
1999  192 1515    2.10    3.21    4.09    4.82    5.39    5.99    6.52    7.19    7.71    8.33    8.83    9.39    9.94   10.77   11.86   12.89   14.60   17.31   22.78  186.38
2000  161 1401    2.46    3.47    4.57    5.46    6.23    7.08    7.70    8.49    9.23    9.95   10.60   11.51   12.34   13.34   14.49   16.10   17.85   21.19   27.56  160.88
2001  162 1290    2.63    3.66    4.49    5.36    6.10    6.85    7.57    8.20    8.90    9.72   10.58   11.28   12.38   13.61   15.09   16.93   19.55   23.97   31.14  119.77
2002  236 1168    1.93    3.05    3.77    4.44    5.11    5.58    6.07    6.58    7.11    7.71    8.28    9.02    9.80   10.76   11.55   12.76   14.33   16.98   23.97  230.33
2003  189 1206    2.52    4.14    5.04    5.78    6.35    6.89    7.47    7.94    8.49    9.14    9.69   10.35   11.05   11.87   12.76   14.11   15.67   18.49   23.73   92.77
2004  164 1206    2.26    3.57    4.35    4.93    5.38    5.86    6.35    6.74    7.20    7.61    8.03    8.61    9.26    9.80   10.67   11.43   12.52   14.92   18.50  114.73
2005  120 1250    2.72    3.71    4.43    5.06    5.51    5.92    6.27    6.65    7.06    7.41    7.83    8.27    8.82    9.45   10.19   11.01   11.90   13.59   16.67  327.30
2006  109 1230    2.90    3.87    4.62    5.19    5.72    6.16    6.61    6.97    7.33    7.73    8.13    8.67    9.11    9.68   10.25   11.05   12.29   14.20   17.11   87.30
2007  113 1208    2.77    3.99    4.76    5.28    5.83    6.12    6.48    6.85    7.13    7.55    7.92    8.31    8.70    9.29    9.92   10.70   12.07   13.87   17.19  294.46
2008  138 1160    2.48    3.89    4.81    5.37    5.98    6.46    6.86    7.26    7.70    8.09    8.53    9.14    9.84   10.37   11.05   11.95   13.28   14.75   17.27   78.33
2009  307  943    3.39    5.30    6.48    7.42    8.29    9.18    9.86   10.49   11.09   11.81   12.70   13.57   14.33   15.39   16.87   18.79   21.94   26.54   34.43  339.28
2010  285  956    2.01    3.28    4.27    5.13    5.81    6.34    6.85    7.48    8.00    8.48    8.96    9.45   10.04   10.81   11.72   12.80   14.26   15.67   18.67  514.88
2011  151 1081    2.36    3.70    4.66    5.25    5.81    6.43    6.97    7.36    7.87    8.31    8.77    9.29    9.95   10.76   11.74   12.99   13.93   15.44   18.93 1692.30
2012  143 1087    2.47    4.34    5.49    6.35    6.93    7.47    8.02    8.54    8.94    9.53   10.10   10.77   11.38   12.27   13.29   14.57   16.29   18.70   22.78  100.20
2013  171 1064    2.14    3.40    4.89    5.51    5.99    6.63    7.16    7.67    8.07    8.55    9.19    9.79   10.47   11.34   12.36   13.26   14.48   16.47   20.70  137.58
2014  156 1104    1.59    2.84    3.93    4.53    5.01    5.39    5.79    6.11    6.45    6.85    7.34    7.73    8.21    8.83    9.71   10.58   11.55   12.78   15.11  157.12
2015  177 1105    2.27    3.44    4.16    4.65    5.21    5.48    5.93    6.28    6.64    7.09    7.55    7.94    8.50    9.10    9.79   10.68   11.67   13.55   18.08  171.61
2016  252  999    1.90    3.13    3.94    4.66    5.19    5.60    5.98    6.39    6.83    7.23    7.67    8.25    8.85    9.44   10.08   10.88   11.89   13.94   19.35  124.28
2017  214  994    1.76    2.90    3.71    4.27    4.78    5.11    5.49    5.83    6.17    6.55    6.91    7.42    7.93    8.49    9.11    9.86   11.00   12.79   17.01  498.78
2018  180 1018    1.54    2.77    3.43    3.93    4.37    4.72    4.99    5.35    5.62    6.03    6.46    6.92    7.43    7.98    8.64    9.46   10.52   12.16   16.20   73.23
2019  169 1015    2.02    3.23    4.19    5.02    5.72    6.22    6.75    7.26    7.82    8.28    8.91    9.48   10.26   11.14   12.22   13.66   15.71   18.90   26.22  210.32
