This file was created using the 202006 Bloomberg database.

Missing data are indicated by -99.99.



           WML
199011    0.70
199012   -3.64
199101   -0.78
199102  -10.31
199103    0.86
199104    0.63
199105    1.10
199106    1.82
199107    2.71
199108    4.42
199109    0.44
199110    2.07
199111    1.81
199112    0.93
199201    0.55
199202    2.03
199203    1.69
199204    2.33
199205   -0.52
199206    5.34
199207    0.50
199208   -4.75
199209    2.36
199210    1.10
199211   -0.55
199212   -0.23
199301    0.74
199302   -0.68
199303   -2.44
199304   -1.16
199305    0.76
199306    2.28
199307    1.01
199308   -0.93
199309   -1.07
199310    0.95
199311   -4.26
199312    0.95
199401    2.15
199402    1.30
199403   -1.57
199404   -0.94
199405    0.19
199406    0.33
199407   -1.01
199408    0.07
199409    0.90
199410    1.17
199411   -0.54
199412    0.66
199501   -1.57
199502    0.86
199503   -0.69
199504    0.89
199505    0.87
199506    1.98
199507   -1.00
199508   -0.60
199509    3.65
199510    2.57
199511    1.03
199512   -2.48
199601   -1.00
199602    0.65
199603    1.44
199604    0.07
199605    1.51
199606    0.43
199607   -2.51
199608    2.15
199609    1.48
199610    2.22
199611    1.43
199612    1.51
199701    2.47
199702    0.31
199703    1.22
199704    3.58
199705   -0.72
199706   -0.32
199707    7.98
199708    0.81
199709    7.64
199710   -2.68
199711    4.64
199712    6.35
199801   -4.96
199802   -2.01
199803    4.73
199804    1.22
199805    1.86
199806    1.79
199807    4.84
199808    0.43
199809   -3.67
199810   -2.93
199811   -1.07
199812    5.73
199901    4.62
199902   -0.59
199903   -6.35
199904   -6.23
199905    1.37
199906    4.41
199907    1.86
199908    4.45
199909    3.24
199910    6.29
199911   13.14
199912    7.96
200001    3.24
200002   10.12
200003  -11.36
200004   -9.44
200005   -9.60
200006   -1.07
200007   -1.74
200008    3.68
200009   -3.17
200010   -4.90
200011   -4.66
200012    2.72
200101   -5.89
200102    6.11
200103    3.46
200104   -2.60
200105    4.98
200106    7.96
200107    2.35
200108    8.09
200109    8.00
200110   -3.99
200111   -8.91
200112    1.68
200201    2.85
200202    4.24
200203   -3.61
200204    4.16
200205    3.35
200206    6.34
200207    3.26
200208    2.18
200209    8.70
200210   -3.26
200211   -5.24
200212    8.82
200301    1.82
200302    4.53
200303    2.00
200304   -6.83
200305   -3.72
200306   -4.46
200307   -3.87
200308   -1.57
200309    0.35
200310    4.10
200311   -1.92
200312    0.46
200401    3.42
200402    0.28
200403    1.64
200404   -1.26
200405   -2.06
200406    2.36
200407   -1.75
200408    1.87
200409    0.22
200410    0.16
200411    0.71
200412    1.16
200501    1.72
200502    1.49
200503    0.67
200504    0.88
200505    0.99
200506    2.90
200507    1.45
200508    2.97
200509    2.82
200510   -0.66
200511    1.48
200512    2.55
200601    3.11
200602   -1.38
200603    2.23
200604    1.72
200605   -2.91
200606   -0.68
200607    0.48
200608    0.11
200609    0.21
200610    1.00
200611    1.57
200612    2.56
200701    0.66
200702    1.47
200703    1.66
200704    1.60
200705    1.36
200706    0.39
200707    2.52
200708   -0.74
200709    4.59
200710    2.38
200711   -0.26
200712    1.02
200801   -2.20
200802    2.87
200803    0.79
200804   -1.47
200805    2.41
200806    7.72
200807   -2.08
200808   -1.79
200809    1.76
200810    8.87
200811    3.74
200812   -1.51
200901    0.60
200902    1.47
200903   -9.38
200904  -22.52
200905   -9.57
200906    1.42
200907   -1.51
200908   -5.85
200909   -1.23
200910    1.88
200911    1.01
200912    1.72
201001   -0.90
201002    0.69
201003    4.23
201004    1.20
201005   -0.90
201006    0.10
201007   -0.83
201008    3.03
201009    2.51
201010    0.38
201011    5.59
201012    0.56
201101   -2.76
201102    0.44
201103    0.72
201104    2.23
201105    1.15
201106    1.49
201107    2.73
201108   -0.62
201109   -2.09
201110   -0.66
201111    5.43
201112    2.56
201201   -6.92
201202   -4.45
201203    4.15
201204    6.41
201205    6.39
201206   -0.61
201207    4.16
201208   -1.10
201209   -1.40
201210    0.07
201211    2.20
201212   -1.46
201301    1.10
201302    4.27
201303    5.43
201304    4.82
201305   -1.97
201306    1.48
201307    1.55
201308   -1.95
201309    3.14
201310    0.73
201311    3.46
201312    1.62
201401    0.59
201402    0.86
201403   -1.45
201404   -2.81
201405   -0.07
201406    0.27
201407    0.28
201408    0.41
201409    1.30
201410    1.09
201411    0.54
201412    2.07
201501    3.93
201502   -3.13
201503    2.06
201504   -1.33
201505    3.33
201506    1.70
201507    1.23
201508   -0.08
201509    3.82
201510   -2.59
201511    2.50
201512    3.18
201601    1.26
201602   -0.35
201603   -1.32
201604   -2.31
201605    2.98
201606    6.46
201607   -1.10
201608   -4.11
201609    2.81
201610   -1.62
201611   -4.23
201612   -2.08
201701    2.86
201702   -1.56
201703    0.45
201704   -0.10
201705    0.30
201706    1.31
201707    1.55
201708    1.32
201709    0.85
201710    1.88
201711    1.00
201712   -0.66
201801    2.31
201802    1.13
201803   -0.52
201804   -0.70
201805    2.44
201806   -1.08
201807   -1.67
201808    1.91
201809    1.22
201810   -2.26
201811   -1.89
201812    2.00
201901   -2.30
201902   -0.29
201903    3.41
201904   -3.33
201905    6.75
201906   -0.41
201907    0.49
201908    2.99
201909   -3.26
201910   -0.94
201911    0.00
201912    0.74
202001    3.31
202002   -0.43
202003    7.10
202004    1.50
202005    1.20
202006    2.20



 Annual Factors: January-December
         WML
1991    7.91
1992    9.07
1993   -5.28
1994    2.71
1995    6.07
1996    9.80
1997   28.51
1998    7.08
1999   48.32
2000  -22.38
2001   19.51
2002   30.78
2003  -12.15
2004    7.93
2005   22.54
2006    8.73
2007   17.67
2008   12.07
2009  -53.19
2010   17.97
2011    8.89
2012   10.90
2013   28.59
2014    3.01
2015   15.37
2016   -3.35
2017   11.58
2018    2.29
2019    5.67
