This file was created using the 202006 Bloomberg database.

Missing data are indicated by -99.99.



        Mkt-RF     SMB     HML      RF
199007    1.99    2.64    0.38    0.68
199008  -11.15   -0.75    0.27    0.66
199009  -14.55    3.34    1.27    0.60
199010   15.04   -8.98   -5.60    0.68
199011   -8.02    1.30    1.91    0.57
199012    0.44   -2.31   -1.83    0.60
199101    1.40   -4.80    0.19    0.52
199102   10.01    1.97    0.71    0.48
199103   -4.77    2.26   -0.20    0.44
199104    0.95   -0.19   -0.28    0.53
199105   -0.84   -1.48    0.25    0.47
199106   -6.72    1.72    1.31    0.42
199107    3.03   -2.29    0.80    0.49
199108   -3.33    0.02    0.04    0.46
199109    5.54   -0.34   -0.30    0.46
199110    1.41   -0.93   -2.29    0.42
199111   -5.57    1.62   -0.66    0.39
199112    3.82   -1.56   -0.76    0.38
199201   -3.01    1.07    2.06    0.34
199202   -3.72    2.81    0.40    0.28
199203   -7.32    2.29    1.55    0.34
199204   -1.13    0.50    3.38    0.32
199205    6.62    0.38    0.37    0.28
199206   -4.61    2.23    0.24    0.32
199207   -3.46   -2.21   -1.36    0.31
199208    5.86   -4.92   -3.18    0.26
199209   -3.02   -0.13   -0.96    0.26
199210   -5.70   -1.62    1.07    0.23
199211    0.24   -2.55   -1.22    0.23
199212    0.22    1.30   -0.24    0.28
199301   -0.10    1.22    1.49    0.23
199302    3.19    0.70    0.64    0.22
199303   10.01    0.17    1.22    0.25
199304    9.37    0.84    2.51    0.24
199305    3.30    5.83   -0.69    0.22
199306   -3.54   -0.87   -0.87    0.25
199307    3.93   -3.40    0.72    0.24
199308    4.81    1.04    1.66    0.25
199309   -3.07    1.36    0.31    0.26
199310    0.94   -1.49    0.35    0.22
199311   -9.12    3.74    0.45    0.25
199312    5.74   -0.18    2.80    0.23
199401   10.19    0.18    3.96    0.25
199402   -0.34    0.87    1.22    0.21
199403   -3.11    1.45    1.78    0.27
199404    3.26    0.25    0.92    0.27
199405   -0.72   -0.83    1.35    0.32
199406    1.84   -0.91    0.69    0.31
199407    0.19    0.28    0.95    0.28
199408    1.07   -0.91   -0.89    0.37
199409   -3.14    1.24    0.32    0.37
199410    2.51   -1.94    0.75    0.38
199411   -5.85   -0.80    0.52    0.37
199412    0.70   -0.30   -0.65    0.44
199501   -4.65    1.60    0.13    0.42
199502   -1.26    0.75    0.57    0.40
199503    5.55   -3.09   -1.57    0.46
199504    2.95   -1.64   -0.71    0.45
199505   -2.01    1.01    0.22    0.54
199506   -1.73    0.71    0.72    0.47
199507    4.80   -0.63   -1.87    0.45
199508   -3.31    2.49   -1.50    0.47
199509    0.52   -0.75   -1.07    0.43
199510   -2.31    0.09   -0.02    0.47
199511    1.73   -1.53   -0.30    0.42
199512    2.96    0.06    1.29    0.49
199601    0.26    1.70    1.45    0.43
199602    0.10    1.00   -0.06    0.39
199603    1.49   -0.25   -0.39    0.39
199604    3.25    2.11    0.11    0.46
199605   -1.36    1.73    0.33    0.42
199606   -0.23   -1.42    1.36    0.40
199607   -3.56   -0.54    1.38    0.45
199608   -0.35    1.13   -1.01    0.41
199609    1.85   -2.90    0.12    0.44
199610   -1.63    1.80    0.31    0.42
199611    2.92   -2.23    1.27    0.41
199612   -1.90   -0.53    1.26    0.46
199701   -4.00    2.21    1.79    0.45
199702    0.88    0.16   -0.23    0.39
199703   -0.95   -1.67    1.69    0.43
199704    0.09   -2.32   -0.06    0.43
199705    7.43   -0.85   -0.65    0.49
199706    4.01   -3.40    0.62    0.37
199707    0.65   -4.91   -0.50    0.43
199708   -6.94    4.28    0.13    0.41
199709    4.64   -5.46   -1.40    0.44
199710   -7.29    2.77    0.32    0.42
199711   -2.32   -4.98   -1.53    0.39
199712   -0.76   -3.99   -0.21    0.48
199801    3.84   -0.02    1.16    0.43
199802    6.02    0.38    1.59    0.39
199803    2.84   -0.29    2.74    0.39
199804    0.56    0.55   -0.84    0.43
199805   -0.39    0.45    1.12    0.40
199806   -0.79   -3.06   -0.73    0.41
199807    0.11   -3.01   -0.13    0.40
199808  -12.05    0.80   -1.71    0.43
199809   -3.54    1.83   -2.58    0.46
199810    9.32   -4.29    3.17    0.32
199811    4.07   -0.81    1.29    0.31
199812    2.49   -1.46   -2.29    0.38
199901    0.14    0.67   -2.63    0.35
199902   -2.38    2.24   -1.89    0.35
199903    3.80    0.34    2.14    0.43
199904    4.51    2.87    3.85    0.37
199905   -4.26    3.53   -0.81    0.34
199906    4.52    3.52    0.04    0.40
199907    3.05    0.76    0.14    0.38
199908    1.41    2.39   -0.97    0.39
199909    1.67    0.65   -1.82    0.39
199910    3.12   -3.42   -3.83    0.39
199911    4.42   -0.98  -10.96    0.36
199912    7.60   -4.41   -6.46    0.44
200001   -6.21    7.01   -1.83    0.41
200002    3.25    4.20  -10.21    0.43
200003    2.40   -4.50    5.91    0.47
200004   -6.65   -5.20    4.40    0.46
200005   -2.98    1.08    5.78    0.50
200006    3.17    0.64    4.84    0.40
200007   -4.38   -1.18    3.58    0.48
200008    1.23    1.03   -1.45    0.50
200009   -5.26    0.10    3.53    0.51
200010   -4.48   -5.79    7.32    0.56
200011   -4.21   -1.14    9.55    0.51
200012    1.38   -0.02    4.95    0.50
200101    0.38    1.19   -1.80    0.54
200102   -7.89    4.19    9.58    0.38
200103   -8.26   -0.69    4.58    0.42
200104    7.59   -1.62   -0.59    0.39
200105   -3.14    2.87    2.90    0.32
200106   -3.73    0.45    5.77    0.28
200107   -3.07   -1.98    3.49    0.30
200108   -2.28    1.86    4.62    0.31
200109  -10.67   -3.30    1.69    0.28
200110    2.62    1.97   -3.13    0.22
200111    3.10   -0.75   -1.65    0.17
200112   -0.45   -2.31    0.89    0.15
200201   -4.73    3.09    1.83    0.14
200202    1.18    0.13    2.23    0.13
200203    5.10   -0.68   -0.14    0.13
200204    0.98    1.97    3.27    0.15
200205    2.16    2.48    4.26    0.14
200206   -3.36    0.93    1.95    0.13
200207   -9.23    1.93    3.24    0.15
200208   -0.17   -1.47    1.65    0.14
200209  -10.43    2.46    0.41    0.14
200210    3.98   -5.58   -0.85    0.14
200211    4.20   -2.27    0.41    0.12
200212   -2.54    2.99    2.32    0.11
200301   -2.68    2.96    1.93    0.10
200302   -1.78    1.54    3.28    0.09
200303   -1.78    0.68    0.03    0.10
200304    9.25   -1.59   -0.94    0.10
200305    7.02    1.96    0.09    0.09
200306    2.80    2.27    1.42    0.10
200307    2.07    0.90    2.89    0.07
200308    3.12    2.70    1.12    0.07
200309    4.11    3.33   -0.47    0.08
200310    5.75    0.47    1.52    0.07
200311    1.97   -1.80   -0.49    0.07
200312    6.86   -1.80    0.99    0.08
200401    2.41    3.03    2.24    0.07
200402    2.37    0.56    0.45    0.06
200403    1.20    4.20    0.49    0.09
200404   -2.78    0.50   -0.20    0.08
200405    0.15   -2.10   -0.61    0.06
200406    2.82    2.00    0.75    0.08
200407   -3.57   -0.37    1.89    0.10
200408    0.69   -0.32    1.09    0.11
200409    2.60   -0.24    0.49    0.11
200410    3.75   -0.04    0.16    0.11
200411    6.09    0.64    0.85    0.15
200412    4.14   -0.30    0.97    0.16
200501   -1.29    3.98    1.12    0.16
200502    3.93    0.35    1.19    0.16
200503   -2.13    0.22    1.54    0.21
200504   -2.57    0.15    0.40    0.21
200505   -0.49   -1.94    0.84    0.24
200506    1.88    0.91    0.70    0.23
200507    3.18   -0.16    0.78    0.24
200508    3.17    0.23   -0.42    0.30
200509    3.49   -1.36    0.45    0.29
200510   -3.29    0.88    0.82    0.27
200511    2.17    0.02   -0.70    0.31
200512    5.11    2.42   -1.81    0.32
200601    5.74    0.54    1.45    0.35
200602   -0.52   -0.92    2.20    0.34
200603    3.27    0.70    0.22    0.37
200604    4.58    0.14    0.01    0.36
200605   -4.67   -1.54    0.58    0.43
200606   -0.79   -2.28   -0.25    0.40
200607    0.19   -2.75    2.27    0.40
200608    2.46   -0.23   -0.45    0.42
200609   -0.38   -0.96    0.93    0.41
200610    3.46   -0.62   -0.35    0.41
200611    2.70    0.21    0.43    0.42
200612    2.66   -0.31    0.62    0.40
200701    0.61    1.71    1.07    0.44
200702    0.54    1.14    0.66    0.38
200703    2.49    0.09    0.72    0.43
200704    3.75   -0.12    1.64    0.44
200705    1.92   -0.57    0.79    0.41
200706    0.00    1.20    0.37    0.40
200707   -1.42    1.70    0.06    0.40
200708   -2.60   -4.77    0.34    0.42
200709    5.29   -2.27   -1.57    0.32
200710    4.31    0.64   -2.72    0.32
200711   -4.61   -3.61   -0.34    0.34
200712   -2.05   -0.90    1.65    0.27
200801   -8.88   -0.71    1.52    0.21
200802    2.09    2.32   -1.19    0.13
200803   -1.54   -1.54    2.80    0.17
200804    5.18   -3.30   -0.78    0.18
200805    1.76    1.28   -1.25    0.18
200806   -7.91    1.46    0.15    0.17
200807   -4.07   -2.10    2.33    0.15
200808   -4.57   -1.64    0.24    0.13
200809  -14.43   -1.39    2.52    0.15
200810  -21.11   -1.99    0.96    0.08
200811   -5.44    1.02   -0.70    0.03
200812    6.64    0.57    0.64    0.00
200901   -9.02    4.53   -2.54    0.00
200902   -9.95    1.77   -3.57    0.01
200903    6.07   -2.13   -0.24    0.02
200904   12.38   -1.20    2.36    0.01
200905   13.67    2.92   -1.46    0.00
200906   -0.78    2.83    0.32    0.01
200907    9.26   -3.31    3.74    0.01
200908    4.20    1.96    3.68    0.01
200909    4.64    1.32   -0.06    0.01
200910   -1.83    1.45   -1.11    0.00
200911    2.32   -1.90   -1.59    0.00
200912    1.23   -1.52    1.06    0.01
201001   -4.01    3.74   -0.68    0.00
201002   -0.22    0.10   -1.10    0.00
201003    6.32   -1.28    3.97    0.01
201004   -0.66    4.18    0.06    0.01
201005  -10.71    0.27   -2.51    0.01
201006   -1.22    0.52   -2.08    0.01
201007    9.24   -2.74    2.39    0.01
201008   -3.27    0.76   -2.29    0.01
201009   10.01    0.51   -0.66    0.01
201010    3.98   -0.61   -0.68    0.01
201011   -4.29    2.94   -1.93    0.01
201012    8.27    2.10    0.98    0.01
201101    2.13   -1.07    4.20    0.01
201102    3.41   -0.41   -0.32    0.01
201103   -1.60    0.95   -1.32    0.01
201104    5.70   -1.63   -1.25    0.00
201105   -2.77   -0.08   -0.83    0.00
201106   -1.38   -0.68    1.23    0.00
201107   -1.18    2.39   -2.44    0.00
201108   -8.57    1.38   -2.39    0.01
201109  -10.32   -0.19    2.17    0.00
201110    8.74   -4.03   -2.51    0.00
201111   -4.62   -0.27   -1.20    0.00
201112   -1.31    0.00    0.88    0.00
201201    6.02    1.63    0.93    0.00
201202    5.35   -0.45   -0.08    0.00
201203   -0.25    0.32   -0.27    0.00
201204   -1.45    0.89   -2.24    0.00
201205  -11.24    0.66   -0.28    0.01
201206    5.81   -3.73    2.24    0.00
201207    0.79   -0.93   -1.99    0.00
201208    2.95   -0.76    0.90    0.01
201209    3.42    0.73    1.34    0.01
201210    0.77   -0.92    0.67    0.01
201211    1.79   -2.37    0.83    0.01
201212    3.29    0.48    3.65    0.01
201301    5.26    0.23    2.37    0.00
201302   -0.94    1.01   -1.05    0.00
201303    0.82    1.67   -3.08    0.00
201304    4.40   -1.15    1.62    0.00
201305   -1.49   -0.80    0.91    0.00
201306   -3.74    0.01   -0.17    0.00
201307    5.49   -0.52    0.83    0.00
201308   -1.04    1.59    0.25    0.00
201309    7.08    1.15    0.24    0.00
201310    3.30   -1.37    2.20    0.00
201311    0.62   -0.45   -0.17    0.00
201312    1.70    0.29   -0.47    0.00
201401   -3.19    4.04    1.24    0.00
201402    5.36   -1.90    0.22    0.00
201403   -0.25    0.43    1.09    0.00
201404    1.08   -1.99    0.74    0.00
201405    1.42   -0.60   -0.38    0.00
201406    1.48    2.01   -0.33    0.00
201407   -1.93    0.67    0.21    0.00
201408   -0.23    0.10   -0.10    0.00
201409   -4.10   -1.64   -0.06    0.00
201410   -1.80   -1.87   -2.32    0.00
201411    0.82   -1.91   -1.21    0.00
201412   -2.90    1.76   -0.62    0.00
201501   -0.27   -0.65   -1.16    0.00
201502    5.64   -1.39    0.76    0.00
201503   -1.27    0.77   -0.80    0.00
201504    4.90    2.47    0.86    0.00
201505   -0.42    1.97   -0.80    0.00
201506   -2.59    2.12    0.15    0.00
201507    0.77   -3.06   -3.15    0.00
201508   -6.34    1.85    0.05    0.00
201509   -4.64    1.81   -2.01    0.00
201510    6.83   -2.66    1.12    0.00
201511   -1.31    1.24   -2.28    0.00
201512   -1.21    2.66   -1.26    0.01
201601   -6.75   -0.64   -1.58    0.01
201602   -1.08    1.64   -0.44    0.02
201603    7.01    1.71   -0.22    0.02
201604    3.25    0.54    2.95    0.01
201605   -0.92    0.42   -2.03    0.01
201606   -3.28    1.13   -1.45    0.02
201607    5.03    0.01    2.22    0.02
201608    0.09   -0.24    2.47    0.02
201609    1.59    2.18   -0.46    0.02
201610   -1.67    0.29    5.12    0.02
201611   -2.20   -0.24    2.85    0.01
201612    2.79   -1.10    1.85    0.03
201701    3.56    1.33    0.85    0.04
201702    0.77    0.65   -0.72    0.04
201703    3.02   -1.03   -0.86    0.03
201704    2.77   -0.66   -0.64    0.05
201705    3.52   -0.31   -1.75    0.06
201706    0.35    1.47    1.18    0.06
201707    3.21    0.29    2.01    0.07
201708    0.24    0.48   -0.30    0.09
201709    2.15   -0.08    0.99    0.09
201710    1.41    0.00   -0.07    0.09
201711    0.74    0.07   -0.17    0.08
201712    1.78    1.78    0.06    0.09
201801    4.72    0.30    0.19    0.11
201802   -4.30    1.33   -0.36    0.11
201803   -1.24   -0.45   -1.58    0.12
201804    1.71   -2.11    2.13    0.14
201805   -1.73    1.78   -4.51    0.14
201806   -1.51   -1.25   -1.04    0.14
201807    1.76   -2.44    1.12    0.16
201808   -2.00    0.67   -3.37    0.16
201809    0.68   -0.90    1.60    0.15
201810   -8.72   -1.20    1.90    0.19
201811   -0.15    0.05   -1.51    0.18
201812   -5.27   -2.15    1.86    0.19
201901    6.44   -0.72   -1.50    0.21
201902    2.33   -0.65   -1.80    0.18
201903    0.39   -1.16   -2.05    0.19
201904    2.79   -0.69   -1.24    0.21
201905   -4.78    1.20   -1.99    0.21
201906    4.98   -2.63   -0.42    0.18
201907   -1.63    0.72   -1.01    0.19
201908   -2.52   -1.14   -2.24    0.16
201909    2.39   -0.74    3.08    0.18
201910    3.28    0.22    0.75    0.15
201911    1.34    0.50   -1.49    0.12
201912    3.39    1.49    0.74    0.14
202001   -2.32   -0.60   -2.97    0.13
202002   -8.87   -2.29    0.55    0.12
202003  -13.93   -0.98   -7.13    0.12
202004    7.11    3.91   -4.43    0.00
202005    5.00    2.69   -5.35    0.01
202006    3.33   -0.98    0.28    0.01



 Annual Factors: January-December
      Mkt-RF     SMB     HML      RF
1991    3.85   -4.08   -1.19    5.60
1992  -18.88   -0.47    2.10    3.51
1993   27.29   12.11   13.58    2.90
1994    6.10   -1.49   11.63    3.90
1995    2.82   -0.61   -4.28    5.60
1996    0.65    1.55    6.48    5.21
1997   -5.75  -16.43    0.08    5.26
1998   11.94   -9.37    2.09    4.86
1999   31.94   11.41  -32.54    4.68
2000  -22.33   -4.66   31.41    5.89
2001  -25.00    1.92   22.42    3.83
2002  -13.65    6.81   18.76    1.65
2003   42.88   17.07   16.77    1.02
2004   21.51    9.13   10.59    1.20
2005   13.82    6.68    6.07    2.98
2006   20.71   -9.95    9.27    4.80
2007    8.37   -6.74    2.80    4.66
2008  -44.40   -3.63    4.39    1.60
2009   33.45   10.18   -1.23    0.10
2010   11.77   12.66   -6.37    0.12
2011  -12.64   -2.81   -3.31    0.04
2012   17.24   -4.89    6.05    0.06
2013   23.00    2.08    3.91    0.02
2014   -4.54   -0.82   -1.52    0.02
2015   -0.78    7.57   -8.88    0.02
2016    3.09    5.96   11.56    0.20
2017   26.32    5.07    0.76    0.80
2018  -15.81   -5.52   -2.99    1.81
2019   19.75   -4.26  -11.33    2.14
