This file was created using the 202006 Bloomberg database. It contains
value- and equal-weighted returns for the intersections of 2 ME portfolios
and 3 INV portfolios in Developed_ex_US.

The portfolios are constructed at the end of June.  ME is market cap at the end
of June. Investment is the change in total assets from the fiscal year ending in year t-2
to the fiscal year ending in t-1, divided by t-2 total assets.
The annual returns are from January to December.

The break points include utilities and include financials.

The portfolios include utilities and include financials.

Missing data are indicated by -99.99.



  Average Value Weighted Returns -- Monthly
               Small                 Big
          Low     2    High    Low     2    High
199007   4.84   4.76   4.83   2.95   1.92   1.80
199008 -10.71 -10.56 -11.17 -10.30 -10.43  -9.86
199009 -10.68 -10.61 -11.24 -13.52 -14.13 -14.54
199010   7.81   7.90   5.69  18.84  15.50  16.22
199011  -7.03  -4.61  -5.58  -8.61  -6.73  -6.67
199012  -0.81  -0.31  -1.61   1.58   2.18   0.47
199101  -2.16  -2.33  -2.48   0.90   3.28   2.57
199102  12.90  11.99  12.23   9.92  10.27  10.52
199103  -3.55  -2.38  -2.28  -5.64  -4.19  -4.93
199104   1.64   1.59  -0.16   0.44   1.71   1.50
199105  -1.09  -1.07  -2.24  -0.18   0.34  -0.88
199106  -4.84  -4.32  -4.99  -6.71  -6.87  -6.50
199107   1.68   2.58   1.93   4.08   4.01   4.10
199108  -3.57  -1.73  -1.59  -2.29  -2.72  -2.87
199109   6.31   5.50   5.63   6.17   5.52   6.42
199110   2.36   0.05   0.23   1.23   1.77   2.74
199111  -4.54  -3.22  -3.50  -5.28  -4.97  -5.54
199112   2.23   3.68   2.88   4.33   5.19   4.19
199201  -1.18  -1.25  -0.43  -2.39  -2.32  -3.64
199202  -0.41  -0.84  -0.69  -2.70  -3.47  -4.92
199203  -5.60  -3.82  -4.29  -6.54  -6.91  -7.56
199204  -0.04   0.75   0.55   0.59   0.08  -2.40
199205   7.66   6.99   6.20   7.10   6.53   6.80
199206  -3.30  -1.53  -2.12  -4.42  -3.91  -5.76
199207  -5.48  -4.58  -4.88  -1.13  -3.28  -4.22
199208   0.22   3.25   1.43   9.78   4.29   5.79
199209  -3.35  -3.39  -3.20  -2.23  -2.51  -3.53
199210  -7.74  -6.55  -6.30  -6.31  -5.00  -4.58
199211  -1.34  -1.89  -2.21   1.60   0.43   0.08
199212   1.79   0.73   1.29   0.45   0.39   0.04
199301   2.33   0.94   0.98  -0.26   0.05   0.07
199302   3.43   4.00   4.06   3.91   2.91   3.48
199303  10.60   9.88  10.20  12.54   9.39   9.02
199304  11.25  10.54   9.01  10.93   8.80   8.63
199305   8.38   8.25   8.06   4.45   1.70   2.40
199306  -4.11  -4.25  -3.56  -1.98  -3.43  -4.74
199307   1.51   1.70   0.94   5.92   4.38   3.19
199308   6.29   6.91   5.97   4.11   5.21   5.66
199309  -2.20  -1.32  -1.53  -4.53  -2.92  -1.69
199310  -1.00  -0.44   0.85   1.17   1.81   0.77
199311  -6.27  -5.05  -5.26 -12.55  -8.14  -6.93
199312   6.71   6.19   5.63   5.12   6.22   6.48
199401  14.10  10.52   9.40  13.32   9.91   8.16
199402   1.28   0.69   0.42   1.01  -0.27  -1.76
199403  -1.62  -0.51  -1.63  -3.20  -2.75  -3.57
199404   5.05   3.75   3.31   4.18   3.46   3.01
199405  -0.62  -0.74  -1.48   0.82  -0.17  -2.01
199406   2.09   1.53   0.08   2.53   2.17   1.59
199407   0.84   0.90   0.70  -0.87   1.04   1.22
199408   0.15   0.61   0.47   0.53   2.46   1.47
199409  -2.02  -1.22  -1.43  -2.87  -2.91  -3.05
199410   1.65   1.83   0.54   3.23   3.72   2.00
199411  -5.76  -5.69  -6.83  -5.63  -5.39  -5.35
199412   1.37   0.56   0.35   1.82   1.01   0.65
199501  -2.74  -2.45  -2.81  -3.83  -5.36  -3.39
199502  -0.10   0.06  -0.31  -2.71  -0.27   0.21
199503   2.49   3.48   3.19   6.12   6.71   5.73
199504   1.67   1.86   2.02   4.80   2.95   3.39
199505  -1.35  -0.83   0.17  -2.92  -1.19  -0.66
199506  -1.15  -0.54   0.03  -3.62  -0.37  -0.14
199507   4.66   4.04   4.51   6.73   4.58   5.26
199508  -0.18  -1.14  -1.26  -3.24  -2.86  -3.27
199509  -0.64  -0.35   1.10   0.57   0.86   1.94
199510  -2.44  -1.60  -2.00  -2.48  -1.75  -1.71
199511   2.19   0.08  -0.30   3.83   2.23   0.90
199512   3.94   3.98   2.90   4.09   3.02   3.37
199601   2.65   2.03   2.60   0.09   0.63   1.12
199602   0.44   1.56   2.44  -0.45   0.61   0.79
199603   2.36   1.46   1.40   3.32   0.96   1.73
199604   6.71   5.35   3.99   3.66   3.15   3.67
199605   0.02   0.34   1.50  -1.83  -0.67  -0.85
199606  -1.11  -0.51  -0.87   0.44   0.43  -0.06
199607  -3.77  -2.97  -3.64  -4.06  -2.61  -3.00
199608   0.30   0.40   1.85  -0.43   0.17   0.12
199609  -0.60  -0.45  -0.09   2.58   2.91   2.04
199610   0.18   0.62   0.55  -2.00  -0.83  -1.51
199611   1.20   1.80   1.77   3.06   3.76   3.50
199612  -2.22  -1.75  -1.53  -2.92  -0.96  -0.94
199701  -1.07  -2.25  -0.69  -4.32  -3.85  -3.18
199702   1.37   1.46   1.20   0.53   1.77   1.14
199703  -1.11  -1.44  -2.29  -0.25  -0.21  -0.95
199704  -1.45  -1.74  -1.95   0.20   0.97   0.53
199705   7.28   7.17   6.99   7.65   8.42   7.94
199706   1.39   2.57   1.00   6.11   4.68   3.42
199707  -4.44  -3.48  -2.46  -0.28   2.01   2.66
199708  -2.64  -2.91  -2.65  -4.15  -7.66  -8.25
199709  -1.24   0.14   0.85   4.88   5.15   7.19
199710  -4.21  -2.80  -5.94  -6.25  -7.29  -7.92
199711  -7.18  -6.37  -7.29  -3.83  -0.87  -0.18
199712  -4.69  -3.99  -3.33  -1.17   0.37   0.48
199801   6.10   4.60   3.12   5.70   4.04   3.25
199802   7.54   6.34   7.07   6.30   6.50   6.50
199803   3.22   2.93   4.50   4.00   2.47   3.55
199804   0.13   1.45   2.42   0.87   0.19   2.38
199805   0.23   0.90   0.25  -0.68  -0.21   0.57
199806  -3.37  -2.72  -3.97  -0.86  -0.02   0.66
199807  -2.48  -1.70  -1.83  -2.00   0.29   3.37
199808 -10.14 -10.69 -12.61  -9.97 -11.07 -13.47
199809  -2.16  -1.86  -2.98  -0.55  -2.59  -5.72
199810   7.67   7.03   5.54   8.84   9.79  11.09
199811   3.72   3.71   4.51   2.91   3.22   6.74
199812   0.59   1.05   1.40   2.57   3.70   2.77
199901   0.24  -0.42   2.05  -0.43  -0.21   1.50
199902  -0.91  -1.47   0.67  -1.06  -1.84  -3.34
199903   6.05   4.23   5.16   4.16   3.50   4.76
199904   8.81   7.60   8.49   3.93   5.15   4.31
199905  -1.57  -0.60  -0.73  -3.11  -3.76  -5.42
199906   7.17   6.64  11.03   2.11   4.83   6.04
199907   4.28   3.78   4.41   3.96   1.47   4.99
199908   2.45   2.72   5.32   0.05   2.62   1.85
199909   1.78   1.40   2.33   0.65   0.12   5.87
199910  -0.35  -1.36   1.52   1.88   2.78   6.90
199911  -0.74  -0.31   4.56   1.22   1.21  12.95
199912  -0.08   1.13   6.06   5.61   6.58  12.99
200001   0.67  -1.56   2.68  -7.11  -7.31  -5.34
200002   3.00   1.27  10.59   0.76   1.65   6.98
200003   2.37   1.45  -3.18   5.45   4.57   0.74
200004  -9.87  -7.12 -11.85  -5.60  -3.30  -8.09
200005   0.44   1.63  -2.67   1.00   0.23  -7.81
200006   7.30   5.93   2.90   2.27   3.29   4.22
200007  -4.79  -3.36  -4.33  -4.94  -3.00  -4.21
200008   2.97   2.10   1.94   3.38   0.62   1.55
200009  -3.96  -2.86  -5.05  -4.02  -5.04  -5.14
200010  -7.07  -6.07 -10.16  -2.39  -3.08  -4.91
200011   0.04  -1.11  -8.95  -2.83  -2.85  -5.84
200012   1.97   2.41   2.22   3.03   3.02  -1.07
200101   1.66   1.93   1.64   1.35   0.52   0.75
200102  -0.90  -1.22  -5.65  -4.25  -8.74 -10.57
200103  -6.04  -6.74 -10.30  -7.82  -8.19  -7.24
200104   7.29   7.36   5.85   7.45   7.56   9.70
200105   0.43   0.42  -0.58  -2.12  -3.42  -3.87
200106  -1.15  -1.52  -4.69  -2.41  -2.93  -5.65
200107  -2.75  -2.05  -6.55  -1.94  -1.63  -4.11
200108   1.61   1.46  -2.13   0.17  -0.29  -6.10
200109 -11.48 -10.97 -15.99 -10.69 -11.11  -9.33
200110   2.48   2.84   6.85   0.81   2.06   5.60
200111   1.36   2.06   4.57   2.32   3.16   5.26
200112  -2.22  -1.32  -3.02  -0.17   0.41  -0.34
200201  -1.13  -1.30  -2.26  -3.53  -4.05  -6.59
200202   3.38   3.24  -0.46   3.51   1.27  -0.47
200203   4.29   4.10   4.93   4.98   5.52   5.73
200204   4.19   4.68   1.49   3.15   2.41  -2.51
200205   6.76   5.82   3.20   2.15   2.97   0.95
200206  -0.39  -1.68  -3.41  -2.40  -2.82  -5.10
200207  -5.99  -5.43  -8.22  -9.15 -10.26  -8.50
200208  -1.26  -0.35  -1.51  -0.10   0.58  -0.42
200209  -7.16  -6.41  -9.97 -10.45 -11.48  -9.96
200210  -1.65  -0.54  -0.64   5.37   5.68   3.77
200211   2.12   1.94   2.72   4.27   5.55   3.88
200212   0.72   1.29   0.37  -2.16  -3.08  -2.90
200301   0.80   1.04  -0.16  -1.98  -3.38  -3.27
200302   1.44   1.10  -1.07  -2.00  -2.46  -1.17
200303  -0.40  -0.71  -1.98  -1.15  -2.28  -1.59
200304   7.64   7.17   7.74   9.11  11.06   8.06
200305   9.01   8.10   9.79   6.96   6.84   6.89
200306   6.28   4.72   4.42   2.23   2.35   3.22
200307   4.03   2.70   3.88   2.92   2.05   0.48
200308   7.91   5.04   4.97   2.12   3.23   2.66
200309   7.20   7.08   7.04   3.02   3.50   4.30
200310   7.09   4.76   7.12   7.20   5.05   4.66
200311  -1.15   1.13   0.93   3.27   1.93   1.82
200312   5.23   5.60   5.53   7.58   6.54   7.05
200401   8.06   4.46   4.98   3.58   1.99   0.66
200402   2.79   3.14   3.41   1.23   2.34   3.86
200403   5.75   4.50   4.69  -1.39   0.77   2.23
200404  -2.36  -2.10  -2.18  -2.18  -3.49  -2.56
200405  -3.10  -1.00  -1.20   0.22   0.98   0.65
200406   5.23   4.28   4.88   2.35   2.69   2.95
200407  -4.50  -2.78  -4.09  -3.91  -3.00  -3.14
200408   0.58   1.02   0.52   0.05   1.19   1.03
200409   2.81   2.21   2.28   3.08   3.03   2.36
200410   3.77   3.67   3.94   4.02   4.18   3.34
200411   7.25   6.79   7.00   6.46   6.55   5.26
200412   3.99   4.53   4.33   4.33   4.27   4.29
200501   2.76   2.53   2.61  -1.70  -1.44  -1.51
200502   4.89   4.50   4.50   4.20   4.25   3.63
200503  -1.37  -0.67  -1.96  -1.77  -1.79  -2.38
200504  -2.99  -1.44  -1.74  -2.24  -2.05  -3.04
200505  -1.65  -1.59  -2.09   0.59  -0.25  -0.40
200506   3.36   2.50   2.82   2.26   1.81   2.14
200507   3.39   3.23   3.60   2.82   3.87   3.33
200508   4.08   3.07   3.50   3.66   3.39   3.27
200509   2.39   2.25   3.15   3.45   4.16   3.93
200510  -1.59  -1.62  -2.62  -1.81  -3.68  -3.60
200511   2.12   1.77   2.70   1.30   2.59   3.71
200512   6.95   6.64   8.18   4.88   4.82   6.25
200601   5.73   6.24   7.98   5.00   6.61   6.02
200602  -0.70  -0.85  -0.76  -0.53  -0.23   0.60
200603   4.28   3.82   4.84   3.36   3.26   4.30
200604   4.87   5.09   5.39   4.62   5.39   4.44
200605  -5.59  -4.91  -5.89  -3.36  -4.12  -4.75
200606  -2.56  -2.33  -2.51  -0.27  -0.27   0.19
200607  -1.05  -1.48  -2.94   0.18   1.53   0.16
200608   2.54   2.37   3.16   3.32   2.54   3.28
200609   0.31  -0.15  -2.04   0.61  -0.04   0.11
200610   3.00   3.03   3.91   3.56   3.68   4.73
200611   3.23   3.79   2.87   3.44   3.03   3.07
200612   2.66   2.80   2.80   3.19   2.82   3.65
200701   3.47   2.89   2.41   1.17   0.85   0.67
200702   2.50   2.49   1.62   1.64   0.37   0.66
200703   3.13   3.25   2.94   2.74   3.47   2.11
200704   3.99   4.77   4.06   3.90   4.89   3.29
200705   2.02   2.19   1.69   2.57   2.26   2.29
200706   1.74   1.47   1.67  -0.31   0.42   0.53
200707   0.65   1.20   0.17  -1.79  -1.23  -0.35
200708  -6.03  -5.19  -7.27  -0.17  -2.14  -2.98
200709   2.51   3.18   4.67   5.23   5.81   6.67
200710   3.38   3.55   6.73   4.47   4.56   5.02
200711  -5.93  -6.57  -8.97  -2.61  -4.38  -4.92
200712  -2.55  -2.29  -2.84  -1.01  -1.92  -2.35
200801  -7.27  -8.32 -10.95  -8.43  -8.69  -8.77
200802   3.58   3.66   5.39   1.53   1.80   3.06
200803  -1.32  -1.29  -4.47  -0.53  -1.52  -1.72
200804   1.81   2.23   2.85   4.52   6.28   6.14
200805   2.90   1.88   4.12   1.58   1.58   2.61
200806  -5.18  -5.30  -7.45  -7.15  -8.17  -8.51
200807  -3.23  -4.70  -7.75  -2.83  -3.55  -4.91
200808  -4.13  -5.23  -7.48  -3.58  -4.34  -5.05
200809 -12.91 -14.20 -18.37 -10.53 -14.17 -18.01
200810 -18.42 -20.46 -28.07 -19.54 -19.86 -23.94
200811  -3.41  -3.87  -6.04  -2.19  -6.67  -7.71
200812   7.96   7.25   6.58   8.18   5.62   6.04
200901  -5.55  -5.62  -4.61 -10.18  -9.32  -8.58
200902  -9.76  -8.63  -8.54 -10.77 -10.52  -8.34
200903   3.30   4.01   5.25   3.22   7.89   7.56
200904   8.63  10.97  14.95  10.50  12.48  15.18
200905  14.01  15.62  18.73  10.85  14.50  14.53
200906   1.90   1.98   2.41  -0.80  -0.60  -2.13
200907   6.27   7.30   7.56   9.68   9.56   9.39
200908   6.44   6.99   6.22   3.94   4.75   2.88
200909   4.92   5.93   6.82   4.79   4.91   3.65
200910  -1.22  -0.63  -0.29  -1.38  -2.69  -1.39
200911  -0.04   0.83   0.18   2.42   3.04   1.98
200912  -0.13  -0.12   0.56   2.59   0.34   1.66
201001   0.07  -0.81  -1.15  -4.49  -4.78  -3.68
201002  -0.53  -0.13  -0.19  -0.78  -0.37   0.57
201003   6.12   5.98   5.63   5.78   6.20   7.26
201004   3.38   2.13   3.08  -1.28  -0.86  -1.18
201005 -11.19  -9.84 -11.82 -10.86 -10.38 -10.89
201006  -1.28  -0.29  -1.34  -1.48  -1.03  -1.31
201007   7.85   6.50   7.14  10.27   9.56   8.70
201008  -3.76  -2.71  -2.19  -5.01  -3.44  -1.34
201009  11.33   9.39  10.13  10.80  10.45   8.54
201010   3.79   2.53   3.34   3.44   4.46   4.05
201011  -1.77  -2.14  -1.58  -3.86  -4.86  -4.82
201012  11.12   9.95   9.30   7.99   7.95   8.32
201101   2.87   1.72   0.56   3.22   2.02   1.42
201102   3.15   3.09   2.55   3.55   3.13   3.87
201103  -1.23  -0.65  -0.73  -2.23  -1.15  -1.72
201104   4.21   3.98   3.74   5.51   6.18   5.91
201105  -2.63  -2.76  -3.39  -3.08  -2.77  -2.42
201106  -2.20  -0.76  -2.33  -1.65  -1.11  -1.35
201107   0.32   0.73   1.19  -1.09  -1.95  -0.69
201108  -7.84  -6.62  -7.75  -9.36  -8.89  -7.84
201109 -10.28  -7.82 -12.13  -9.66  -9.84 -11.87
201110   4.76   3.08   6.09   7.87   9.32  10.35
201111  -5.19  -4.13  -5.42  -4.43  -4.77  -4.46
201112  -1.14  -0.75  -1.47  -1.14  -0.71  -2.52
201201   7.80   6.82   8.01   4.73   5.78   7.06
201202   5.15   4.11   5.42   5.69   5.00   5.93
201203   0.42   0.91  -0.59   0.78  -0.29  -1.18
201204  -0.74  -0.87  -0.88  -1.48  -1.75  -1.05
201205 -10.62  -9.52 -11.18 -10.72 -10.99 -12.41
201206   3.09   3.28   2.13   6.64   6.44   5.17
201207  -0.99  -0.07  -0.34   0.34   0.99   1.48
201208   2.77   2.34   1.99   2.84   3.17   2.95
201209   3.96   4.45   4.69   3.04   3.47   3.36
201210   0.68   0.24  -0.76   0.49   1.19   0.68
201211   0.05   0.87  -0.84   1.94   1.64   2.71
201212   5.73   4.33   3.54   3.30   3.44   2.66
201301   6.53   5.90   5.48   5.79   5.32   4.47
201302  -0.42   0.02  -0.02  -0.75  -0.86  -1.55
201303   1.68   1.47   2.31   1.52   0.18   0.82
201304   4.41   3.29   3.22   5.72   4.27   3.66
201305  -2.71  -2.24  -1.26  -1.57  -1.89  -0.47
201306  -3.96  -2.86  -4.52  -2.89  -3.79  -4.52
201307   5.24   4.13   5.83   5.69   5.14   6.11
201308   0.27   0.10   0.93  -0.43  -1.65  -1.16
201309   8.68   7.96   7.88   7.94   6.47   6.97
201310   2.82   2.18   2.04   4.00   3.61   2.50
201311   0.44   0.27  -0.27   0.99   0.67   0.42
201312   1.93   1.39   2.48   1.83   1.44   1.97
201401   0.90   0.83   0.19  -2.72  -3.80  -4.18
201402   4.23   2.83   3.86   5.84   5.58   5.25
201403   0.27   0.80   0.02  -0.76   0.26  -0.91
201404  -0.70  -0.33  -0.58   0.49   1.57   1.49
201405   0.94   0.88   0.66   1.29   1.70   1.34
201406   2.97   3.30   3.56   0.71   1.62   1.21
201407  -0.95  -1.75  -1.39  -2.11  -2.21  -1.40
201408  -0.01  -0.17  -0.05  -0.27   0.01  -0.75
201409  -5.72  -4.52  -6.13  -3.27  -4.73  -3.20
201410  -4.02  -3.04  -3.93  -2.51  -0.91  -1.82
201411  -0.77  -1.61  -0.92   1.17   0.55   1.70
201412  -1.75  -0.56  -1.68  -3.91  -3.25  -1.81
201501  -0.54  -0.76  -1.28  -0.81  -0.09   0.26
201502   4.11   4.28   4.65   5.76   5.66   5.96
201503  -0.71  -0.33  -0.54  -1.44  -1.63  -0.75
201504   6.82   5.93   8.40   4.19   5.01   4.63
201505   1.02   1.05   1.61  -0.28  -1.14  -0.03
201506  -0.38  -0.57  -1.13  -2.54  -3.17  -2.43
201507  -3.13  -1.40  -2.50   1.57   1.07   0.71
201508  -4.35  -3.82  -5.71  -6.62  -6.69  -6.16
201509  -3.00  -3.20  -3.43  -5.02  -4.81  -4.53
201510   4.45   4.63   4.48   6.23   6.91   8.19
201511  -1.29  -0.17   0.29  -2.02  -1.53  -0.61
201512   0.94   0.99   1.10  -2.18  -1.35  -0.83
201601  -7.10  -6.88  -8.34  -5.10  -6.78  -8.05
201602   0.69   0.46  -0.22  -0.26  -1.43  -1.91
201603   8.22   7.84   9.02   5.45   7.62   7.25
201604   4.77   3.75   3.84   4.09   2.45   3.23
201605  -1.70  -0.46  -0.11  -1.62  -0.66  -0.57
201606  -1.40  -2.42  -3.54  -1.83  -3.74  -4.32
201607   4.93   6.27   4.63   3.77   5.15   6.40
201608  -0.07  -0.12   0.91   0.13  -0.25   0.53
201609   3.76   3.11   3.42   2.06   1.36   0.70
201610  -0.26  -0.54  -1.95  -0.98  -2.12  -1.95
201611  -2.13  -2.12  -2.27  -1.23  -2.35  -2.87
201612   2.17   2.40   1.56   3.17   2.95   2.62
201701   5.41   4.73   4.66   3.66   3.24   3.55
201702   1.55   1.80   1.04  -0.27   1.32   1.03
201703   1.20   2.57   2.16   3.23   3.66   2.56
201704   1.34   2.77   2.60   2.64   3.31   2.59
201705   2.64   3.44   3.69   3.67   3.55   3.51
201706   1.47   2.19   1.11   0.18   0.61   0.01
201707   3.98   3.53   3.19   4.51   2.60   3.03
201708   0.71   1.00   0.73   0.39   0.43  -0.21
201709   2.56   2.32   2.01   2.52   2.22   1.96
201710   1.73   1.11   1.77   1.44   1.50   1.58
201711   0.33   0.54   1.70   0.63   0.91   0.73
201712   3.43   2.98   3.65   2.47   1.19   1.70
201801   5.24   4.52   5.35   5.51   4.70   4.14
201802  -3.19  -2.93  -2.83  -4.53  -4.44  -3.94
201803  -2.40  -1.28  -1.15  -2.20  -1.09   0.41
201804   0.20   0.90  -0.60   2.52   2.01   1.59
201805  -1.03  -1.10   1.00  -2.83  -1.78  -0.48
201806  -2.67  -2.20  -2.76  -1.84  -1.26  -0.45
201807   0.13   0.15  -0.67   1.86   2.66   1.64
201808  -1.84  -1.38  -0.81  -2.71  -2.14  -0.31
201809   0.31   0.44  -0.03   1.38   0.98   0.16
201810  -8.84  -8.28 -11.05  -8.15  -7.52 -10.59
201811  -0.47   0.26   0.15  -0.30   0.24   0.02
201812  -6.55  -6.08  -7.79  -5.17  -4.39  -5.49
201901   5.34   5.80   6.42   6.84   6.18   7.73
201902   1.51   1.82   2.36   1.79   2.70   3.35
201903  -0.69  -0.68  -0.29   0.43   0.57   1.39
201904   2.20   1.86   2.99   2.71   3.13   3.42
201905  -4.04  -2.77  -4.09  -4.56  -4.61  -4.93
201906   2.98   3.02   2.32   5.12   5.59   5.38
201907  -0.57  -1.36  -0.82  -2.01  -1.77  -0.24
201908  -3.02  -3.65  -4.07  -3.01  -1.96  -1.62
201909   2.38   2.04   2.20   3.39   2.56   1.62
201910   3.33   4.20   4.01   2.98   3.38   3.98
201911   1.18   1.70   2.33   1.02   1.30   2.26
201912   4.92   4.50   5.27   3.55   3.09   3.73
202001  -3.37  -2.91  -3.05  -3.07  -1.92  -1.15
202002 -10.72 -10.06 -11.00  -9.76  -8.09  -7.82
202003 -15.80 -14.50 -15.96 -15.22 -13.17 -12.52
202004   8.78   8.89  11.98   5.58   5.64  10.64
202005   5.41   5.55   8.38   3.57   4.35   7.23
202006   2.48   1.88   3.08   2.66   3.51   4.14



  Average Equal Weighted Returns -- Monthly
               Small                 Big
          Low     2    High    Low     2    High
199007   4.46   4.51   4.05   4.44   3.90   3.77
199008  -5.59  -8.19  -8.27 -12.39 -11.77 -12.11
199009  -7.49  -8.40 -10.01 -14.27 -13.78 -14.92
199010   0.96   4.47   1.85  15.92  14.36  15.71
199011  -4.40  -3.05  -3.42  -7.98  -8.14  -7.74
199012  -1.33  -0.20  -1.37  -0.19   0.40  -0.61
199101  -0.46  -1.72  -2.25  -0.33   1.07  -0.18
199102   9.91  10.38  10.93  14.62  14.46  15.01
199103   0.09  -1.65  -0.79  -4.17  -3.83  -4.15
199104   2.65   1.13   0.09   0.82  -0.04   0.46
199105  -0.51  -1.55  -2.49  -0.27  -0.01  -0.69
199106  -2.68  -3.86  -4.77  -6.00  -6.30  -6.39
199107   4.22   3.41   3.02   2.76   3.00   2.88
199108  -1.10  -0.92   0.15  -2.12  -3.11  -3.65
199109   6.47   5.47   6.28   7.52   6.12   5.91
199110   2.37  -0.42  -0.95   1.09   1.10   0.57
199111  -0.76  -1.85  -1.77  -6.16  -4.85  -5.60
199112   1.16   3.43   2.45   3.93   4.51   3.96
199201   0.44  -1.50  -2.20  -0.99  -1.23  -1.47
199202   1.21   0.93   0.01  -2.17  -2.47  -2.98
199203  -3.24  -3.02  -3.93  -6.51  -5.96  -6.66
199204   1.39   1.56   2.06  -1.24  -0.71  -1.83
199205   6.56   7.02   6.09   8.06   7.32   7.04
199206  -2.38  -1.07  -1.94  -5.46  -3.81  -5.57
199207  -3.29  -3.76  -3.72  -4.70  -4.51  -5.69
199208  -1.97   1.49   0.12   4.36   4.01   5.23
199209  -4.41  -4.03  -3.95  -3.65  -3.53  -3.93
199210  -7.94  -6.57  -6.13  -5.66  -4.54  -4.50
199211  -1.59  -2.56  -2.27  -0.16  -0.31  -0.24
199212   3.63   0.49   1.16   0.86   0.20   0.53
199301   5.34   2.15   3.85   0.56   1.68   1.21
199302   4.96   4.39   3.51   2.75   3.43   3.62
199303  10.80   9.04   8.10   9.80   9.00   9.29
199304   9.55   8.65   7.80  10.00   9.13   8.72
199305   7.33   6.33   6.45   4.19   3.32   3.85
199306  -3.20  -3.89  -3.30  -3.35  -3.55  -5.00
199307   4.46   3.41   3.70   4.13   3.58   2.81
199308   7.58   7.18   7.46   5.13   5.77   6.37
199309  -0.66  -0.19  -2.06  -3.16  -2.08  -1.95
199310   1.61   1.21   1.79  -0.08   0.13  -0.26
199311  -2.75  -2.67  -3.13  -9.13  -8.10  -8.41
199312   7.76   6.79   6.65   5.99   6.29   5.86
199401  16.65  12.26  11.89  14.47  10.66  11.32
199402   3.45   2.08   1.49   0.91   0.27   0.18
199403  -1.48  -0.43  -1.58  -0.76  -0.79  -1.15
199404   4.61   3.82   2.84   3.87   3.99   3.61
199405  -0.07  -0.13  -1.78  -0.41  -0.56  -1.78
199406   0.00   0.69  -0.77   2.39   2.03   1.82
199407   1.42   1.33   1.53   0.75   1.48   1.68
199408   0.94   1.12   0.72   0.97   1.33   0.22
199409  -0.32  -0.15  -0.45  -2.68  -2.59  -2.71
199410   0.98   1.29  -0.09   2.37   2.49   0.82
199411  -5.28  -4.87  -6.59  -5.80  -5.50  -6.11
199412   0.52   0.82   0.06   1.74   1.32   1.01
199501  -1.47  -1.65  -2.80  -4.17  -3.69  -2.51
199502   0.44   0.67   0.32  -1.53  -0.47  -1.38
199503   1.57   2.82   2.53   4.53   4.71   3.54
199504   1.83   1.23   2.09   3.64   3.43   3.06
199505  -0.32  -0.46   0.66  -2.93  -1.63  -1.72
199506  -0.74   0.18   0.44  -1.45  -0.99  -1.21
199507   4.13   3.48   5.43   5.63   4.34   5.38
199508   0.59  -0.22   0.61  -1.84  -3.18  -2.61
199509   1.47   0.71   1.48  -0.02   0.37   0.99
199510  -1.76  -1.00  -1.49  -2.48  -1.75  -2.63
199511   0.61  -0.79  -0.11   1.42   1.58   0.21
199512   2.26   2.44   2.57   3.22   3.34   3.39
199601   2.59   2.55   3.95   1.75   1.53   2.39
199602   3.33   2.56   3.91   1.23   1.50   1.61
199603   1.93   1.97   1.90   1.81   1.69   1.44
199604   5.07   3.80   3.56   4.17   4.36   4.46
199605   2.68   1.92   4.09  -0.61  -0.53   0.26
199606  -0.35  -0.71  -1.78   0.11   0.16  -0.51
199607  -2.07  -1.55  -3.18  -3.77  -2.95  -3.73
199608   1.87   1.30   3.29  -0.36  -0.22   0.64
199609  -0.04   0.02   0.71   1.18   1.36   1.09
199610   1.36   1.34   1.71  -1.45  -1.25  -1.19
199611   3.68   2.22   2.69   2.08   2.01   1.91
199612  -0.62  -0.72  -0.54  -2.77  -2.11  -2.02
199701  -0.28  -0.85  -0.25  -3.60  -3.44  -2.53
199702   2.75   1.95   2.55   0.21   1.01   0.44
199703  -0.51  -0.82  -2.62  -1.64  -1.86  -2.20
199704  -1.72  -2.10  -2.37  -0.85  -0.64  -0.09
199705   6.24   6.75   6.16   8.75   8.28   8.83
199706   0.30   2.02  -0.85   3.02   2.96   3.01
199707  -3.05  -2.83  -2.51  -1.67  -0.46   1.16
199708  -1.50  -1.64  -1.34  -4.40  -5.45  -6.00
199709  -0.04   0.66   1.24   2.64   2.67   2.36
199710  -3.57  -2.78  -6.06  -4.26  -4.46  -5.39
199711  -6.44  -6.11  -8.12  -6.50  -4.04  -4.42
199712  -5.00  -4.23  -4.00  -3.70  -2.99  -3.34
199801   7.37   6.09   4.85   8.48   6.36   5.35
199802   8.54   7.35   7.06   7.95   8.34   7.39
199803   1.71   1.96   1.23   3.42   2.34   2.83
199804   0.39   1.42   2.01  -0.16   0.03   1.24
199805  -1.08  -0.32  -1.91  -0.50  -0.38  -1.83
199806  -4.13  -3.17  -5.44  -3.29  -1.73  -2.60
199807  -1.57  -1.43  -1.96  -1.66   0.28   1.24
199808  -9.91  -9.94 -12.84 -10.88 -10.48 -12.85
199809  -0.66  -0.15  -0.83  -3.22  -1.57  -3.03
199810   6.82   6.79   5.85  10.59   9.49   9.12
199811   4.09   3.61   4.57   2.48   2.83   4.98
199812   0.37   0.32   0.02   1.29   2.51   2.49
199901   1.88   0.99   2.20  -0.72  -1.16   1.28
199902  -0.06  -0.60   0.10  -1.29  -1.88  -2.87
199903   5.28   3.35   4.80   5.22   4.02   6.20
199904  10.67   9.44  11.87   7.02   5.22   4.93
199905   1.70   1.73   1.68  -2.40  -2.15  -3.45
199906   6.29   6.47   7.41   2.65   3.95   4.81
199907   5.75   4.36   4.79   3.74   2.80   3.80
199908   1.86   2.00   2.96   0.93   1.95   2.92
199909   3.68   2.10   1.95   0.65   0.31   2.27
199910  -0.66  -0.50  -0.20  -0.58  -0.10   1.43
199911   2.03   0.50   4.32  -0.47  -0.93   5.55
199912   4.09   3.25   7.51   4.16   3.96   7.65
200001   7.07   1.96   6.97  -4.71  -5.16  -2.47
200002   5.39   1.57   8.49  -2.19  -1.39   3.93
200003   5.97   3.40   1.77   5.51   5.95   2.01
200004 -10.28  -7.86  -9.91  -3.58  -2.70  -5.24
200005  -1.05   1.17  -2.16   2.62   3.29  -1.53
200006   6.21   4.89   3.67   5.27   4.96   4.44
200007  -2.00  -2.23  -3.01  -3.92  -1.86  -4.13
200008   1.29   1.16   0.71   2.88   2.21   3.44
200009  -4.40  -2.71  -5.18  -3.23  -2.56  -4.35
200010  -7.59  -6.43 -10.19  -3.44  -3.21  -8.27
200011  -1.70  -1.26  -7.51  -0.44  -0.48  -8.07
200012   1.07   2.09  -0.06   3.72   3.71   0.72
200101   3.99   2.64   4.86   1.30   0.85   5.00
200102  -1.46  -0.93  -5.07  -2.70  -2.61  -9.06
200103  -7.48  -6.57 -10.98  -7.69  -7.41 -11.42
200104   6.43   7.15   6.02   8.40   7.81  10.34
200105   1.34   1.12  -0.76  -1.81  -0.84  -2.67
200106  -1.75  -1.83  -6.69  -3.44  -2.51  -8.22
200107  -2.82  -1.86  -6.27  -1.76  -1.32  -5.02
200108   1.06   1.53  -2.52   0.73   0.14  -3.51
200109 -11.12 -11.27 -16.84 -12.00 -11.86 -13.08
200110   3.92   3.88   9.18   2.80   3.14   8.52
200111   3.51   3.22   7.22   3.88   3.76   6.62
200112  -1.64  -1.73  -3.25  -1.15  -0.69  -1.78
200201   1.54   0.17   0.20  -1.84  -2.72  -4.76
200202   2.91   2.60  -1.43   3.17   2.28   0.72
200203   4.47   4.26   4.62   6.07   5.75   5.72
200204   3.61   3.87  -0.66   4.54   3.01  -0.40
200205   6.39   5.45   2.17   4.57   4.35   1.72
200206  -1.08  -1.57  -5.17  -1.87  -2.84  -6.46
200207  -7.00  -4.90  -7.77  -8.46  -8.67  -8.66
200208  -0.44  -0.21  -1.28  -0.87   0.22  -0.03
200209  -8.53  -6.65 -10.10  -9.20  -8.65 -10.24
200210   0.44  -0.12   0.45   2.39   2.75   3.43
200211   3.42   2.20   3.50   5.16   5.18   5.66
200212   1.08   1.16   0.24  -1.47  -0.80  -2.12
200301   2.96   2.15   1.43  -0.62  -1.68  -2.09
200302   0.03   0.88  -2.36  -2.01  -1.78  -1.68
200303  -1.80  -0.71  -3.41  -0.73  -1.09  -1.37
200304   8.27   7.19   8.66  10.99   9.94  11.01
200305  11.57   9.93  11.68   8.18   7.35   9.41
200306   7.30   5.88   6.42   3.77   3.92   4.29
200307   5.20   3.56   5.21   3.83   2.47   1.46
200308   9.97   6.14   6.99   6.25   4.25   3.81
200309  10.30   7.89   8.65   5.14   5.83   5.80
200310   6.92   5.02   7.32   7.91   5.43   5.09
200311   0.95   1.88   1.66   1.29   2.36   1.27
200312   4.59   5.57   4.56   6.29   6.19   6.17
200401  10.39   6.01   7.05   3.94   3.13   2.36
200402   4.05   3.34   3.27   1.79   2.50   3.28
200403   3.35   3.53   2.24   2.19   2.61   3.93
200404  -4.02  -2.39  -2.52  -3.13  -2.73  -3.33
200405  -3.10  -0.97  -1.78   0.34   0.82   0.36
200406   2.44   2.60   2.27   3.89   3.69   3.38
200407  -2.42  -1.48  -2.54  -4.24  -2.70  -4.13
200408  -0.50   0.81  -0.03   0.68   1.37   0.77
200409   3.56   2.37   2.90   2.58   2.96   2.89
200410   4.31   4.10   3.86   4.02   3.59   3.27
200411   8.29   7.12   8.26   7.44   7.11   6.04
200412   2.66   3.83   3.53   4.81   4.61   4.69
200501   3.71   2.71   3.01   0.61   0.37   0.11
200502   5.69   5.01   5.10   4.11   4.10   3.56
200503  -1.30  -0.78  -2.39  -1.76  -1.16  -2.00
200504  -2.90  -1.44  -2.49  -2.36  -2.13  -2.83
200505  -3.01  -2.37  -3.16  -0.07  -0.66  -0.56
200506   1.99   1.93   1.77   2.28   2.16   2.63
200507   4.04   3.65   3.63   3.46   3.34   4.04
200508   4.39   3.38   3.41   4.25   4.07   3.99
200509   2.35   2.40   2.57   4.31   3.40   3.78
200510  -2.15  -1.95  -2.82  -2.78  -3.17  -3.54
200511   0.47   1.20   1.34   2.83   2.60   3.31
200512   4.66   6.02   5.48   6.14   5.46   7.13
200601   7.87   7.12   8.51   6.23   6.59   6.51
200602   1.58  -0.11  -0.10   0.22   0.68  -0.64
200603   4.09   3.76   4.09   4.34   3.53   4.62
200604   6.36   6.10   7.07   4.66   4.88   5.37
200605  -4.14  -4.01  -5.62  -4.47  -3.83  -5.39
200606  -2.70  -1.98  -3.24  -0.88  -0.64  -0.56
200607   0.02  -1.10  -1.32  -0.57   0.41  -1.03
200608   2.55   2.29   2.86   3.39   3.07   3.54
200609   0.34  -0.07  -2.21   0.78   0.54  -0.01
200610   3.60   3.04   3.41   3.88   3.69   4.14
200611   5.29   3.70   2.96   3.49   3.52   3.64
200612   2.42   2.45   2.54   2.66   3.27   2.94
200701   5.93   3.69   3.57   1.95   1.86   1.47
200702   3.40   2.79   1.53   2.04   1.30   1.15
200703   3.92   3.53   2.18   3.31   3.51   3.11
200704   5.73   4.79   4.32   3.36   4.18   2.89
200705   3.95   3.12   2.02   1.23   1.25   1.77
200706   4.32   3.41   2.57  -0.59  -0.18  -0.73
200707   3.16   2.42   0.58  -1.10  -0.73   0.56
200708  -7.23  -5.90  -8.60  -2.63  -2.21  -3.97
200709   3.62   3.35   4.12   3.43   4.04   6.09
200710   3.34   3.41   5.62   4.06   4.09   5.80
200711  -5.44  -6.04  -8.48  -5.48  -5.52  -6.60
200712  -3.04  -2.18  -3.59  -2.42  -1.90  -3.00
200801  -6.90  -7.42  -9.28  -7.33  -7.67  -9.10
200802   4.06   4.68   4.25   2.98   3.36   4.66
200803  -3.99  -2.41  -5.48  -0.59   0.16  -2.52
200804   1.97   2.37   2.32   4.17   4.05   5.08
200805   3.67   2.45   4.09   1.29   1.70   2.52
200806  -5.12  -5.04  -7.56  -9.04  -8.62  -9.72
200807  -4.38  -5.21  -7.90  -2.96  -4.02  -6.26
200808  -6.67  -6.73  -9.46  -2.71  -3.74  -5.21
200809 -13.17 -13.65 -16.91 -11.96 -14.67 -19.77
200810 -21.93 -21.97 -28.29 -21.18 -22.98 -29.42
200811  -4.29  -4.87  -7.02  -3.67  -4.52  -7.68
200812   5.83   6.62   5.34   8.28   7.26   7.65
200901  -2.01  -4.24  -2.02  -7.43  -8.41  -5.49
200902  -5.70  -6.49  -5.69  -9.54  -9.84  -7.50
200903   6.82   5.45   8.30   7.04   9.43  11.93
200904  15.89  14.30  19.26  15.70  17.70  20.83
200905  19.99  18.92  22.31  12.05  16.24  18.84
200906   3.40   2.92   1.82   0.27  -0.34  -0.02
200907   6.52   7.43   7.70   8.39   8.29   9.35
200908   7.64   7.81   6.96   5.32   5.23   4.97
200909   6.87   6.23   7.62   4.98   5.10   4.41
200910   0.49   1.51   1.91  -2.07  -2.32  -0.74
200911   0.68   0.61   0.15   1.48   2.20   1.35
200912  -1.01  -0.80  -0.56   1.05   0.47   1.91
201001   1.45   0.58   0.46  -1.69  -2.10  -2.34
201002  -0.92  -0.37  -0.88  -0.33  -0.15   0.23
201003   5.56   5.26   4.91   6.22   6.61   7.39
201004   4.10   2.99   4.50   0.52  -0.10   0.48
201005 -11.21  -9.85 -12.61 -11.05  -9.83 -11.18
201006  -1.44  -0.57  -2.19  -1.09  -0.90  -1.50
201007   8.92   6.91   7.09   9.19   8.91   8.26
201008  -2.41  -1.93  -2.53  -4.69  -3.10  -1.78
201009  11.92   8.89  10.86  12.35  10.27   9.01
201010   4.92   2.85   3.50   4.23   3.72   4.08
201011  -1.31  -1.98  -2.18  -2.76  -3.74  -3.63
201012  10.91   9.06   9.33  10.51   8.56   9.19
201101   4.78   3.52   3.11   2.48   1.40   1.44
201102   3.63   2.78   2.43   2.90   2.95   3.00
201103  -0.56  -0.46  -0.67  -1.13  -0.58  -0.85
201104   4.94   4.57   4.61   5.11   4.83   4.93
201105  -3.56  -2.90  -3.72  -2.58  -2.66  -2.78
201106  -3.65  -0.79  -3.02  -1.64  -1.02  -1.58
201107   2.06   1.48   2.23  -1.16  -1.30  -0.67
201108  -7.15  -6.56  -7.49  -9.21  -7.89  -7.34
201109 -10.76  -8.92 -12.21 -10.50  -9.99 -11.90
201110   5.26   4.68   7.32   8.55   8.04   9.26
201111  -5.21  -4.28  -6.30  -6.10  -5.25  -4.57
201112  -1.43  -0.53  -1.37  -1.83  -1.51  -2.16
201201   9.33   7.56   9.20   7.72   9.12   8.31
201202   6.40   6.15   6.42   6.37   5.07   7.51
201203  -0.22   0.51  -0.93   0.24   0.09  -1.05
201204  -0.79  -0.68  -0.94  -2.26  -1.00  -0.89
201205 -10.61 -10.12 -12.02 -12.10 -11.40 -13.13
201206   2.42   2.22   0.82   5.61   5.21   4.15
201207  -0.53   0.02  -0.28  -0.18   0.00   1.52
201208   2.98   3.09   2.09   3.59   2.90   2.25
201209   3.99   3.88   3.81   3.59   3.77   4.51
201210   0.98   0.08   0.17   0.86   0.77   0.11
201211  -0.46   0.06  -1.13   0.85   1.60   0.72
201212   4.72   3.35   2.57   4.56   3.77   2.52
201301   8.15   7.30   6.69   5.76   4.80   4.19
201302  -1.43  -0.65  -1.25  -0.32   0.30   0.00
201303   0.55   0.66   0.60   1.37   1.06   0.89
201304   1.17   1.72  -0.35   4.56   3.90   3.09
201305  -1.80  -2.30  -3.65  -1.27  -1.75  -0.97
201306  -4.35  -3.37  -5.97  -2.81  -2.73  -4.36
201307   6.25   4.94   6.62   5.33   5.34   5.55
201308   3.17   1.11   2.16  -0.83  -1.10  -0.94
201309   8.21   8.14   7.99   7.67   6.82   7.19
201310   3.83   2.51   2.72   3.52   3.20   2.31
201311   0.18   0.42  -0.71   0.56   0.43   0.16
201312   1.36   1.21   1.26   2.06   1.39   1.45
201401   3.43   2.35   2.39  -2.20  -2.67  -2.49
201402   3.86   2.65   3.78   5.48   4.94   5.33
201403   0.47   0.55   0.08  -0.04   0.31  -0.44
201404  -0.59   0.13  -0.88   0.19   0.88   0.57
201405   0.66   0.54   0.00   2.02   1.50   1.57
201406   2.87   3.20   3.40   2.05   1.81   2.12
201407   2.82   0.09   0.03  -2.15  -2.15  -2.26
201408   0.66   0.21  -0.02  -0.97  -0.04   0.06
201409  -4.93  -3.59  -5.76  -4.86  -4.90  -4.48
201410  -4.43  -3.85  -4.52  -2.89  -1.28  -1.98
201411  -1.14  -1.06  -1.75   1.22   0.63   0.40
201412  -3.43  -1.89  -3.84  -2.90  -1.72  -1.83
201501  -1.71  -1.38  -2.11  -0.96  -0.38  -0.65
201502   4.53   3.78   3.46   7.21   6.33   6.43
201503  -0.76  -1.00  -1.37  -1.42  -1.39  -1.63
201504   9.07   7.69   9.45   5.40   5.43   6.04
201505   1.86   1.30   1.54  -0.83  -0.64   0.34
201506  -0.15   0.19  -0.81  -2.85  -2.50  -2.25
201507  -2.50  -1.46  -2.16   0.48   0.38  -0.40
201508  -4.63  -4.25  -5.86  -5.44  -4.88  -5.48
201509  -1.90  -2.12  -2.41  -4.11  -4.37  -4.66
201510   4.90   4.92   4.95   6.75   6.82   7.69
201511  -2.09  -1.23  -1.02  -2.11  -0.82  -0.23
201512   0.29   0.68   0.66  -1.38  -0.59  -1.24
201601  -5.39  -6.25  -7.01  -7.06  -6.72  -8.50
201602   2.70   1.12   0.63   0.93  -0.30  -0.07
201603   9.85   8.77   8.81   8.15   8.09   9.27
201604   6.36   5.30   4.94   4.45   3.20   3.15
201605  -1.75  -0.78  -1.15  -1.62  -0.82  -0.05
201606  -0.92  -1.57  -2.76  -4.57  -4.11  -4.92
201607   5.39   5.56   4.80   5.46   5.96   6.02
201608   0.78   0.63   2.24   0.29   0.00   0.41
201609   4.29   3.13   4.21   2.40   1.93   2.08
201610  -0.16  -0.27  -1.15  -0.91  -1.69  -3.23
201611  -1.84  -2.02  -2.55  -1.22  -2.72  -3.44
201612   1.33   2.37   0.67   2.67   3.02   2.04
201701   8.58   6.61   7.10   4.40   3.65   3.77
201702   3.07   2.15   1.33   0.56   1.02   1.63
201703   2.11   2.37   1.29   2.65   3.05   2.50
201704   0.15   2.44   0.64   3.01   3.42   3.71
201705   1.82   3.66   2.54   2.74   3.69   4.18
201706   1.54   2.22   1.24   0.89   1.45   0.53
201707   5.11   4.63   4.26   4.03   3.08   3.46
201708   0.91   1.35   0.73   0.35   1.05   0.60
201709   2.75   1.82   2.20   2.56   1.64   2.15
201710   2.21   1.47   2.27   1.61   1.54   1.12
201711   2.76   1.45   2.57   0.45   0.97   0.95
201712   3.65   2.99   3.72   2.92   2.11   2.48
201801   8.33   5.90   7.27   5.15   4.68   4.59
201802  -3.59  -2.95  -3.79  -4.30  -3.96  -2.71
201803  -1.55  -1.41  -1.32  -1.79  -1.23  -0.09
201804  -1.30  -0.34  -1.27   2.47   1.59   1.31
201805  -1.38  -0.55   0.03  -1.94  -1.56  -0.09
201806  -3.46  -2.36  -3.59  -1.98  -1.45  -1.25
201807   0.31   0.10  -0.23   1.12   1.28   1.21
201808  -1.86  -1.59  -1.47  -1.98  -1.57  -0.54
201809  -0.07  -0.13  -0.05   0.87   0.24  -0.05
201810  -7.73  -7.80 -10.16  -8.70  -8.56 -10.29
201811  -0.35   0.02  -0.65  -0.81   0.12  -0.11
201812  -6.05  -5.22  -7.23  -5.39  -4.75  -6.03
201901   6.30   5.24   6.29   7.39   6.84   8.56
201902   1.49   1.46   0.92   1.95   2.16   2.87
201903   0.10  -0.08  -0.26  -0.34  -0.25   0.48
201904   1.79   1.86   1.32   2.57   3.00   3.60
201905  -3.01  -2.67  -3.78  -5.64  -5.62  -5.21
201906   2.52   2.45   2.21   5.14   5.04   4.99
201907   0.56  -0.46   0.20  -1.97  -2.11  -0.49
201908  -2.43  -3.45  -3.88  -2.44  -2.33  -2.34
201909   1.64   2.08   1.78   3.09   3.14   1.88
201910   2.14   3.05   2.86   4.10   3.93   4.06
201911   0.74   0.52   0.84   1.48   1.82   3.09
201912   5.00   4.87   4.87   3.92   3.29   4.54
202001   0.17  -0.73  -1.59  -3.47  -2.57  -1.87
202002  -9.73  -9.51 -10.49  -9.82  -8.65  -9.09
202003 -15.84 -14.61 -17.67 -17.78 -15.21 -14.67
202004  16.24  11.26  16.51   9.36   8.76  12.72
202005   7.47   6.03   9.10   4.12   4.98   8.54
202006   5.68   3.54   5.98   2.74   2.42   2.03



  Average Value Weighted Returns -- Annual
           Small                 Big
       Low    2      High   Low    2      High
1991   6.13   9.63   4.56   5.74  12.66  10.30
1992 -17.99 -12.12 -14.26  -7.26 -15.30 -22.32
1993  41.42  42.32  39.84  29.70  27.49  28.03
1994  16.42  12.10   3.21  14.57  12.07   1.67
1995   6.19   6.49   7.19   6.57   8.25  11.70
1996   5.94   7.91  10.17   1.10   7.61   6.58
1997 -17.24 -13.44 -16.00  -1.93   2.24   1.50
1998  10.01  10.17   5.90  17.00  15.86  21.26
1999  29.93  25.38  63.66  20.30  24.33  66.07
2000  -7.97  -7.80 -24.84 -11.29 -11.32 -26.37
2001 -10.42  -8.62 -28.17 -17.08 -21.73 -24.78
2002   2.96   4.65 -13.91  -5.82  -9.24 -21.17
2003  70.27  59.05  59.26  46.08  39.14  37.67
2004  33.66  32.16  31.80  18.79  23.24  22.62
2005  24.15  22.91  24.43  16.38  16.31  15.78
2006  17.37  18.18  17.07  25.31  26.51  28.46
2007   8.46  10.70   5.78  16.62  13.15  10.51
2008 -35.29 -41.21 -55.42 -34.93 -43.23 -49.26
2009  30.03  42.80  57.35  24.44  35.73  38.78
2010  25.34  20.52  19.91   8.32  11.06  12.77
2011 -15.28 -11.11 -18.75 -13.24 -11.60 -12.49
2012  17.31  17.14  10.35  17.74  18.22  17.08
2013  27.03  23.23  26.18  30.86  19.94  20.28
2014  -4.90  -3.55  -6.60  -6.25  -3.98  -3.40
2015   3.39   6.32   5.24  -3.97  -2.68   3.53
2016  11.54  10.90   6.00   7.37   1.36   0.00
2017  29.65  33.06  32.18  28.01  27.41  24.29
2018 -19.75 -16.24 -20.08 -15.96 -11.97 -13.27
2019  16.15  17.23  19.60  19.14  21.47  28.65



  Average Equal Weighted Returns -- Annual
           Small                 Big
       Low    2      High   Low    2      High
1991  22.76  11.55   9.28  10.32  10.94   6.47
1992 -11.73 -11.11 -14.27 -16.81 -15.15 -19.15
1993  65.73  50.24  48.00  28.21  30.81  27.47
1994  21.91  18.39   6.48  17.91  14.17   8.30
1995   8.79   7.54  12.13   3.51   5.74   4.15
1996  21.00  15.59  21.90   3.15   5.45   6.27
1997 -12.65 -10.10 -17.41 -12.21  -8.86  -8.76
1998  10.92  11.84   0.87  13.30  17.77  13.13
1999  51.11  38.01  61.26  20.10  16.79  39.69
2000  -1.79  -4.96 -17.03  -2.29   2.06 -18.82
2001  -7.22  -5.85 -25.13 -14.03 -12.28 -24.53
2002   5.84   5.66 -15.16   0.75  -1.51 -15.75
2003  88.82  70.98  72.36  62.30  51.76  51.45
2004  31.89  32.44  29.15  26.48  30.02  25.58
2005  18.85  21.14  15.95  22.60  19.52  20.77
2006  30.12  22.63  19.58  25.87  28.43  24.95
2007  22.64  16.74   4.63   6.88   9.59   8.03
2008 -42.84 -43.09 -57.17 -37.77 -42.53 -54.91
2009  74.19  64.64  87.01  40.23  48.01  72.61
2010  32.06  22.24  19.51  20.53  17.34  17.33
2011 -12.42  -8.15 -15.62 -15.60 -13.52 -13.95
2012  18.21  16.08   8.60  18.72  20.13  15.85
2013  27.38  23.20  16.23  28.11  23.35  19.58
2014  -0.27  -0.93  -7.34  -5.34  -3.00  -3.73
2015   6.28   6.72   3.50  -0.20   2.59   3.04
2016  21.56  16.20  11.21   8.26   4.97   1.47
2017  40.39  38.51  34.15  29.40  30.12  30.59
2018 -17.88 -15.68 -21.10 -16.62 -14.73 -13.89
2019  17.79  15.50  13.67  20.21  19.83  28.45



  Number of Firms in Portfolios
              Small                 Big
          Low    2      High   Low    2      High
199007   1342    891   1180    539    717    541
199008   1336    890   1179    539    717    541
199009   1336    890   1177    539    717    541
199010   1334    889   1173    538    716    541
199011   1314    887   1170    538    715    541
199012   1308    886   1165    537    715    541
199101   1304    885   1164    537    715    540
199102   1300    884   1160    536    715    540
199103   1298    883   1157    536    715    540
199104   1293    882   1155    536    714    539
199105   1288    881   1151    535    714    539
199106   1283    881   1149    535    713    537
199107   1542   1055   1159    547    731    554
199108   1538   1051   1159    547    731    554
199109   1533   1051   1159    545    730    554
199110   1517   1044   1155    545    730    554
199111   1506   1041   1149    545    729    553
199112   1501   1041   1146    545    729    553
199201   1499   1038   1141    544    728    551
199202   1493   1038   1140    544    728    551
199203   1485   1038   1140    544    728    551
199204   1482   1038   1138    543    728    551
199205   1477   1036   1135    542    728    551
199206   1475   1032   1133    540    728    551
199207   2257   1186   1196    612    815    617
199208   2252   1186   1195    611    812    617
199209   2249   1183   1194    611    811    617
199210   2240   1180   1192    610    811    617
199211   2237   1177   1190    610    811    617
199212   2231   1174   1189    610    811    617
199301   2221   1174   1187    610    810    614
199302   2218   1174   1186    610    810    614
199303   2214   1174   1185    610    810    614
199304   2210   1174   1184    610    809    614
199305   2205   1171   1184    610    809    613
199306   2201   1165   1184    608    807    613
199307   2501   1456   1450    629    838    629
199308   2497   1451   1447    629    838    629
199309   2487   1449   1446    629    838    629
199310   2486   1449   1446    628    838    629
199311   2479   1449   1445    628    838    627
199312   2473   1446   1443    628    837    627
199401   2472   1445   1443    627    837    627
199402   2466   1444   1442    627    837    626
199403   2460   1442   1441    627    836    626
199404   2456   1442   1439    626    835    626
199405   2448   1441   1433    626    834    626
199406   2446   1438   1433    626    831    625
199407   2490   1632   1744    690    921    690
199408   2488   1630   1743    690    921    690
199409   2485   1628   1743    690    919    690
199410   2482   1625   1740    689    918    689
199411   2469   1620   1738    688    918    689
199412   2468   1616   1736    688    918    689
199501   2460   1612   1734    686    916    687
199502   2447   1611   1734    686    916    687
199503   2441   1608   1733    686    916    687
199504   2431   1606   1728    684    915    686
199505   2421   1605   1727    684    915    686
199506   2412   1600   1725    684    915    686
199507   2302   1918   2262    695    930    695
199508   2292   1914   2258    693    929    694
199509   2285   1913   2254    693    928    693
199510   2283   1912   2248    693    925    693
199511   2276   1905   2245    692    924    691
199512   2269   1901   2238    691    921    690
199601   2258   1892   2231    688    920    687
199602   2254   1886   2227    686    916    685
199603   2248   1882   2224    685    915    683
199604   2235   1877   2220    683    914    683
199605   2225   1874   2214    679    913    681
199606   2220   1868   2208    678    912    680
199607   2804   1896   2418    724    975    728
199608   2797   1893   2414    722    973    726
199609   2783   1888   2403    718    969    724
199610   2771   1879   2397    716    966    723
199611   2764   1872   2387    715    963    722
199612   2759   1865   2383    715    963    720
199701   2742   1857   2375    710    960    719
199702   2731   1852   2367    709    960    715
199703   2718   1848   2363    709    959    715
199704   2710   1840   2355    709    958    715
199705   2700   1837   2346    706    956    713
199706   2687   1831   2337    705    954    712
199707   3267   2093   2461    679    907    680
199708   3256   2088   2450    678    906    680
199709   3250   2081   2447    674    905    679
199710   3238   2079   2440    672    905    678
199711   3221   2068   2431    672    902    678
199712   3206   2061   2422    672    902    678
199801   3186   2053   2409    670    899    676
199802   3174   2047   2407    669    897    674
199803   3162   2034   2396    667    894    672
199804   3145   2024   2387    666    892    670
199805   3136   2018   2378    664    891    669
199806   3122   2006   2371    662    890    668
199807   3612   2465   2805    566    756    566
199808   3594   2453   2796    563    754    564
199809   3569   2441   2787    560    749    563
199810   3547   2431   2777    557    746    562
199811   3530   2419   2769    556    743    561
199812   3506   2411   2753    551    740    561
199901   3473   2399   2747    545    732    559
199902   3466   2389   2734    540    729    559
199903   3450   2379   2724    537    727    558
199904   3423   2372   2710    536    725    557
199905   3409   2366   2697    533    723    556
199906   3396   2354   2688    531    720    553
199907   3929   2553   2838    549    732    550
199908   3899   2542   2819    544    726    548
199909   3880   2526   2812    542    724    548
199910   3853   2511   2798    536    721    547
199911   3834   2497   2788    534    721    547
199912   3809   2483   2779    529    720    544
200001   3790   2468   2765    526    716    538
200002   3774   2456   2753    525    715    536
200003   3761   2442   2732    523    714    534
200004   3735   2427   2716    520    711    534
200005   3720   2416   2708    517    707    532
200006   3703   2409   2685    516    703    530
200007   4499   2840   2519    518    692    517
200008   4468   2829   2512    514    688    515
200009   4440   2814   2503    510    683    515
200010   4410   2795   2491    501    681    512
200011   4384   2784   2480    499    677    511
200012   4366   2769   2468    497    672    510
200101   4340   2760   2461    493    670    506
200102   4313   2751   2451    493    668    503
200103   4292   2732   2445    493    667    502
200104   4263   2713   2430    484    661    501
200105   4251   2702   2419    482    659    500
200106   4236   2685   2410    481    656    499
200107   4162   2601   3473    504    668    503
200108   4147   2580   3456    502    664    501
200109   4128   2569   3449    501    662    501
200110   4100   2558   3437    500    657    499
200111   4083   2545   3425    495    654    495
200112   4057   2541   3413    494    654    495
200201   4028   2532   3398    492    650    492
200202   4011   2519   3387    492    647    490
200203   3987   2514   3370    488    647    489
200204   3970   2499   3357    487    642    488
200205   3952   2490   3349    486    642    486
200206   3934   2482   3328    484    641    486
200207   4636   2727   3048    505    674    506
200208   4598   2710   3028    503    671    505
200209   4571   2698   3012    500    666    505
200210   4533   2680   2997    494    660    505
200211   4502   2669   2982    491    657    505
200212   4488   2664   2974    487    655    504
200301   4454   2653   2958    482    652    501
200302   4429   2641   2949    481    650    500
200303   4412   2630   2935    481    648    500
200304   4389   2614   2922    478    644    499
200305   4373   2605   2903    476    643    498
200306   4353   2598   2890    472    641    494
200307   4234   2729   3201    519    689    519
200308   4212   2718   3186    515    684    517
200309   4192   2710   3173    512    682    514
200310   4163   2696   3163    510    680    511
200311   4138   2685   3142    509    679    511
200312   4122   2675   3136    509    678    509
200401   4097   2659   3119    509    674    508
200402   4083   2652   3105    507    673    506
200403   4064   2645   3096    506    673    504
200404   4039   2638   3086    505    668    504
200405   4028   2633   3073    503    666    502
200406   4019   2620   3063    502    664    500
200407   4129   2781   3162    576    765    576
200408   4100   2770   3149    573    761    574
200409   4088   2765   3138    570    758    568
200410   4068   2754   3127    568    757    567
200411   4057   2747   3120    566    754    567
200412   3981   2705   3060    564    751    563
200501   3981   2701   3057    564    750    564
200502   3971   2694   3043    561    750    561
200503   3959   2683   3033    558    750    561
200504   3946   2677   3027    557    749    560
200505   3930   2671   3018    554    747    559
200506   3903   2663   3011    551    744    558
200507   3931   2635   3588    613    816    612
200508   3907   2626   3576    606    812    610
200509   3895   2619   3570    605    810    608
200510   3876   2608   3557    600    804    605
200511   3852   2600   3547    600    803    605
200512   3837   2589   3533    596    802    603
200601   3820   2578   3519    593    796    597
200602   3810   2571   3508    592    793    596
200603   3791   2560   3501    590    789    595
200604   3772   2547   3488    586    784    594
200605   3760   2539   3481    584    783    594
200606   3747   2529   3466    582    783    594
200607   4428   2752   3431    621    829    623
200608   4404   2738   3418    617    823    617
200609   4383   2725   3402    612    821    616
200610   4355   2708   3383    606    818    615
200611   4316   2692   3372    606    812    615
200612   4288   2686   3363    604    811    610
200701   4265   2677   3348    596    808    610
200702   4241   2662   3332    595    805    608
200703   4221   2652   3318    594    805    607
200704   4198   2643   3300    592    803    602
200705   4189   2633   3292    588    802    599
200706   4164   2625   3269    585    801    598
200707   4361   3005   3686    625    836    627
200708   4338   2997   3667    620    834    625
200709   4314   2985   3654    616    831    622
200710   4284   2974   3640    614    830    617
200711   4263   2962   3618    613    829    615
200712   4234   2949   3601    612    827    612
200801   4211   2933   3592    611    822    609
200802   4195   2926   3574    609    820    606
200803   4179   2913   3555    607    815    603
200804   4146   2902   3540    606    814    601
200805   4133   2896   3521    604    810    599
200806   4104   2884   3504    601    809    595
200807   4431   2929   4051    560    747    561
200808   4412   2920   4038    557    746    559
200809   4394   2912   4018    555    744    557
200810   4368   2904   3997    553    741    556
200811   4338   2896   3973    550    739    555
200812   4319   2889   3958    549    737    555
200901   4289   2869   3931    548    735    555
200902   4277   2864   3915    548    732    553
200903   4260   2853   3893    542    729    553
200904   4231   2840   3867    541    727    551
200905   4209   2831   3845    539    726    549
200906   4182   2823   3829    539    726    549
200907   4810   2820   3382    526    698    527
200908   4780   2811   3372    525    698    527
200909   4746   2799   3356    524    696    525
200910   4723   2786   3347    521    692    524
200911   4701   2773   3332    519    690    519
200912   4685   2768   3322    517    690    519
201001   4653   2755   3295    514    688    517
201002   4631   2743   3278    514    687    517
201003   4612   2729   3267    514    687    517
201004   4587   2717   3254    508    685    515
201005   4568   2713   3239    508    683    514
201006   4558   2706   3229    507    681    513
201007   5137   2767   2761    542    723    542
201008   5112   2755   2746    542    722    539
201009   5089   2747   2743    541    721    538
201010   5016   2707   2700    539    720    536
201011   4999   2699   2693    538    718    535
201012   4978   2698   2692    537    717    534
201101   4954   2678   2683    536    715    534
201102   4931   2670   2669    534    713    533
201103   4908   2665   2662    534    713    533
201104   4884   2654   2649    532    709    532
201105   4864   2647   2637    532    707    530
201106   4843   2644   2630    532    705    529
201107   4707   2779   3382    538    720    538
201108   4680   2770   3369    536    720    535
201109   4661   2761   3355    533    719    533
201110   4637   2752   3341    533    717    532
201111   4616   2745   3330    532    717    530
201112   4598   2733   3315    531    717    529
201201   4577   2722   3303    529    715    526
201202   4553   2714   3292    529    714    526
201203   4525   2700   3281    528    714    525
201204   4502   2683   3262    526    713    524
201205   4489   2678   3255    524    712    523
201206   4469   2675   3243    523    710    522
201207   4665   2532   3529    516    689    516
201208   4642   2521   3516    515    688    515
201209   4622   2508   3502    514    687    515
201210   4602   2502   3492    514    682    515
201211   4588   2496   3478    514    682    515
201212   4560   2488   3467    513    682    515
201301   4533   2480   3451    513    679    514
201302   4516   2475   3440    513    679    513
201303   4492   2469   3436    512    677    512
201304   4474   2462   3419    510    676    511
201305   4465   2456   3410    510    675    510
201306   4447   2450   3400    508    674    510
201307   4892   2410   3314    496    661    496
201308   4871   2400   3302    492    660    496
201309   4851   2397   3293    491    660    496
201310   4827   2384   3283    490    659    495
201311   4804   2378   3271    487    659    494
201312   4790   2376   3255    487    658    494
201401   4775   2366   3246    485    658    493
201402   4751   2361   3238    484    658    493
201403   4736   2357   3224    483    658    493
201404   4714   2352   3205    482    657    492
201405   4702   2345   3194    482    657    492
201406   4689   2341   3184    482    657    491
201407   4858   2525   3284    528    704    529
201408   4834   2521   3274    527    703    529
201409   4813   2513   3268    525    701    528
201410   4786   2505   3260    526    700    528
201411   4772   2497   3252    526    696    528
201412   4759   2490   3241    525    696    528
201501   4736   2482   3233    525    694    527
201502   4709   2478   3227    525    694    527
201503   4690   2470   3213    525    694    527
201504   4673   2462   3197    525    694    526
201505   4655   2453   3190    523    692    525
201506   4630   2445   3179    521    692    525
201507   4779   2438   3406    543    723    543
201508   4763   2429   3395    543    721    542
201509   4744   2423   3383    543    720    540
201510   4716   2411   3376    543    719    538
201511   4691   2404   3362    542    719    538
201512   4675   2403   3352    541    718    538
201601   4656   2394   3345    538    718    537
201602   4634   2387   3340    538    717    535
201603   4609   2377   3327    537    715    534
201604   4587   2372   3314    535    715    533
201605   4571   2365   3306    534    715    533
201606   4554   2359   3299    532    715    532
201607   4508   2622   3580    554    739    555
201608   4484   2614   3574    553    736    555
201609   4458   2603   3562    552    735    555
201610   4435   2593   3546    551    733    554
201611   4408   2589   3535    549    732    552
201612   4392   2583   3532    548    731    551
201701   4370   2572   3520    547    729    551
201702   4357   2563   3509    547    728    550
201703   4339   2556   3499    546    728    550
201704   4327   2550   3493    543    726    550
201705   4317   2545   3485    542    726    550
201706   4297   2538   3479    541    724    550
201707   4395   2701   3797    572    761    572
201708   4373   2690   3786    572    759    571
201709   4352   2680   3781    569    757    570
201710   4330   2676   3776    568    757    568
201711   4319   2670   3763    565    754    568
201712   4304   2662   3756    565    753    568
201801   4291   2656   3748    564    752    566
201802   4267   2651   3739    561    751    564
201803   4255   2647   3732    560    751    563
201804   4244   2635   3724    559    749    562
201805   4229   2631   3713    559    749    562
201806   4206   2623   3704    559    748    561
201807   4184   2787   4222    585    781    585
201808   4168   2782   4215    584    781    583
201809   4147   2774   4202    583    780    583
201810   4127   2762   4193    582    778    582
201811   4102   2756   4187    582    778    581
201812   4089   2746   4175    580    777    578
201901   4068   2730   4162    579    777    578
201902   4058   2729   4160    577    774    578
201903   4045   2723   4151    576    774    578
201904   4029   2713   4141    574    771    578
201905   4009   2705   4131    572    770    577
201906   3992   2696   4116    569    770    577
201907   4600   2419   4403    537    717    538
201908   4563   2412   4390    536    717    538
201909   4550   2402   4381    536    715    537
201910   4532   2397   4371    536    715    535
201911   4516   2391   4362    535    714    535
201912   4506   2383   4356    535    712    535
202001   4493   2373   4335    533    711    535
202002   4468   2366   4324    530    710    532
202003   4442   2360   4311    530    707    530
202004   4426   2354   4295    530    707    528
202005   4411   2348   4283    530    707    526
202006   4392   2339   4270    530    706    525



  Average Firm Size
                       Small                                Big
              Low         2           High        Low         2           High
199007      108.38      146.11      116.21     2706.14     3068.35     3028.54
199008      113.73      152.71      121.36     2780.73     3118.57     3079.32
199009      101.42      136.37      107.44     2491.56     2790.01     2774.08
199010       90.46      121.27       95.33     2149.96     2388.37     2363.98
199011       98.35      130.75      100.57     2553.66     2759.00     2744.60
199012       91.59      124.64       94.97     2334.72     2570.44     2559.66
199101       90.45      124.12       93.32     2369.35     2620.16     2569.98
199102       88.26      121.19       91.05     2386.90     2705.63     2634.61
199103       99.71      135.51      102.10     2621.46     2980.88     2910.45
199104       96.28      131.53       99.69     2466.96     2846.32     2750.22
199105       97.72      133.05       99.41     2476.56     2890.42     2783.90
199106       96.70      131.17       96.92     2462.48     2897.29     2762.46
199107       85.63      124.98      116.51     2229.47     2721.41     2776.41
199108       87.07      127.72      118.25     2317.33     2822.25     2882.98
199109       83.89      125.40      116.27     2263.13     2744.27     2798.70
199110       89.71      132.75      122.94     2394.33     2888.78     2971.27
199111       92.01      132.94      123.32     2420.52     2940.04     3055.72
199112       88.00      128.49      118.88     2290.07     2791.36     2884.53
199201       89.92      132.92      122.14     2388.70     2932.74     3009.98
199202       88.88      131.11      121.60     2329.39     2862.31     2900.95
199203       88.34      129.91      120.66     2262.83     2761.90     2756.66
199204       83.27      124.63      115.37     2106.51     2563.10     2540.39
199205       83.14      125.14      115.80     2113.79     2559.35     2476.41
199206       89.30      133.77      122.75     2252.81     2716.30     2638.79
199207       76.38      116.59      114.20     2498.34     2484.26     2045.53
199208       72.05      110.91      108.26     2465.88     2398.14     1954.73
199209       72.17      114.48      109.72     2704.43     2499.89     2065.77
199210       69.80      110.24      106.07     2628.84     2430.80     1987.14
199211       64.40      103.15       99.44     2454.48     2307.51     1894.13
199212       63.53      101.29       96.98     2490.94     2315.18     1893.69
199301       64.70      101.93       98.11     2495.43     2319.75     1896.59
199302       66.18      102.82       99.12     2488.56     2320.12     1896.77
199303       68.41      106.85      103.18     2584.79     2386.59     1961.92
199304       75.42      116.99      113.45     2897.87     2602.82     2131.16
199305       83.84      129.40      123.44     3210.93     2824.58     2313.97
199306       90.74      139.81      133.05     3352.86     2867.44     2365.01
199307       83.96      123.69      122.13     2554.44     3224.25     2404.84
199308       85.17      125.74      123.00     2701.29     3359.98     2479.46
199309       90.62      134.39      130.28     2811.27     3532.54     2616.62
199310       88.52      132.36      128.02     2678.52     3421.74     2565.28
199311       87.63      131.64      129.04     2708.64     3481.44     2589.77
199312       82.11      125.07      121.94     2366.74     3198.99     2408.23
199401       87.48      132.78      128.70     2482.86     3393.94     2559.81
199402       99.95      146.75      140.79     2812.90     3728.69     2771.17
199403      101.37      147.57      141.22     2839.87     3719.49     2720.04
199404       99.46      146.45      138.76     2742.90     3605.67     2612.10
199405      104.45      151.70      143.20     2854.57     3728.39     2686.45
199406      103.53      149.62      140.70     2872.38     3717.80     2626.23
199407       98.30      133.25      126.00     3415.81     3262.46     2674.92
199408       98.94      134.10      126.63     3381.74     3290.88     2704.16
199409       99.11      134.58      127.12     3397.26     3375.45     2741.23
199410       96.96      132.69      124.94     3296.18     3271.21     2653.76
199411       98.56      135.06      125.39     3403.09     3390.55     2703.97
199412       92.86      127.04      116.62     3209.48     3205.29     2556.96
199501       93.62      127.20      116.64     3258.99     3235.24     2575.72
199502       91.18      124.07      113.28     3133.70     3059.98     2487.14
199503       91.19      124.34      112.85     3047.10     3049.60     2489.55
199504       93.26      128.28      116.16     3229.25     3244.98     2624.60
199505       94.86      129.93      118.19     3380.79     3335.47     2709.49
199506       93.22      128.35      118.09     3274.74     3282.06     2683.16
199507       99.77      119.95      108.18     3263.39     3383.09     2665.99
199508      104.32      124.69      112.86     3476.95     3536.18     2802.26
199509      104.20      123.20      111.35     3361.85     3432.98     2711.48
199510      103.39      122.55      112.38     3370.35     3461.67     2758.15
199511      100.53      120.74      109.97     3286.27     3401.27     2715.19
199512      102.67      120.76      109.51     3401.14     3483.64     2738.48
199601      106.73      125.25      112.69     3536.67     3587.94     2835.85
199602      109.65      127.70      115.68     3544.46     3605.40     2865.07
199603      110.28      129.69      118.28     3530.45     3627.77     2892.74
199604      112.80      131.17      119.72     3592.16     3654.00     2935.45
199605      120.28      137.79      124.39     3727.74     3764.21     3044.62
199606      120.04      138.02      126.13     3652.85     3715.03     3011.99
199607      103.72      132.90      124.26     3547.84     3760.86     2869.74
199608       99.69      128.78      119.59     3401.56     3655.39     2784.78
199609       99.69      129.31      121.88     3395.73     3655.48     2788.56
199610       99.06      128.06      121.64     3475.79     3758.83     2842.28
199611       99.19      128.71      122.00     3406.42     3729.72     2799.71
199612      100.28      130.93      124.16     3507.30     3866.43     2899.24
199701       98.30      128.51      121.91     3366.05     3784.17     2870.26
199702       97.28      125.75      120.84     3222.79     3637.15     2781.59
199703       98.56      127.72      122.30     3238.20     3701.03     2812.45
199704       97.37      125.63      119.23     3222.71     3675.19     2777.06
199705       95.69      123.12      116.64     3226.49     3708.84     2786.24
199706      102.58      131.40      124.79     3465.73     4010.64     3002.30
199707      109.14      135.44      127.12     3460.23     4692.32     3967.72
199708      104.20      130.38      124.19     3412.66     4783.13     4069.03
199709      101.38      126.23      120.65     3279.87     4409.02     3732.51
199710      100.15      126.03      121.40     3436.76     4626.31     3998.50
199711       95.81      122.35      114.06     3219.79     4297.92     3680.39
199712       88.93      114.45      105.54     3089.66     4256.32     3671.48
199801       84.40      109.44      101.63     3026.11     4272.23     3695.20
199802       89.40      114.37      104.82     3188.67     4448.04     3806.82
199803       95.97      121.72      111.93     3382.81     4742.78     4060.36
199804       98.58      124.98      116.11     3506.06     4851.42     4199.07
199805       98.34      126.30      118.96     3533.66     4856.57     4289.70
199806       98.43      127.01      119.10     3503.48     4832.11     4296.83
199807      101.56      136.18      124.02     4619.53     4994.16     6341.89
199808       98.63      133.83      121.74     4541.58     5007.70     6561.73
199809       88.38      119.37      106.32     4091.93     4453.82     5679.39
199810       85.42      116.85      102.95     4065.47     4281.23     5354.74
199811       91.79      125.15      108.63     4421.92     4693.84     5954.82
199812       95.16      129.80      112.97     4572.88     4855.52     6351.98
199901       95.08      131.09      114.42     4659.69     5041.98     6432.19
199902       95.16      130.16      117.02     4657.48     5043.43     6527.31
199903       93.96      128.30      117.74     4614.48     4941.97     6313.42
199904       99.05      132.98      123.69     4785.52     5111.05     6595.73
199905      107.28      142.48      134.28     4957.52     5374.42     6771.17
199906      105.18      141.01      132.52     4779.39     5160.53     6394.42
199907      112.94      148.73      137.73     5895.70     6247.35     6268.61
199908      117.84      153.53      143.73     6170.80     6352.13     6587.76
199909      120.67      157.46      151.40     6174.46     6524.18     6706.60
199910      122.70      159.64      154.74     6237.87     6539.73     7103.81
199911      122.35      157.50      157.26     6366.13     6715.51     7591.40
199912      121.38      157.13      164.65     6438.76     6799.46     8535.43
200001      120.90      158.83      174.66     6819.31     7266.71     9689.84
200002      121.72      155.19      179.18     6322.94     6729.93     9168.44
200003      125.22      156.99      198.31     6360.40     6840.01     9751.20
200004      127.06      157.90      191.78     6710.49     7149.68     9809.34
200005      114.14      145.86      168.63     6284.91     6926.76     8994.47
200006      114.38      147.62      163.83     6331.24     6927.77     8295.33
200007      117.03      180.42      184.19     7533.97     8534.18     8393.67
200008      111.07      174.23      175.96     7161.76     8288.65     8042.78
200009      114.35      178.10      179.66     7385.81     8372.63     8164.17
200010      109.54      172.39      170.10     7076.16     7955.52     7685.58
200011      101.61      161.79      152.26     6875.49     7729.78     7315.44
200012      100.94      159.51      138.40     6679.80     7540.15     6897.52
200101      102.70      163.10      141.29     6756.37     7634.82     6794.32
200102      103.97      166.43      143.59     6845.20     7687.79     6872.90
200103      102.88      163.81      135.12     6543.34     7004.60     6151.69
200104       95.55      152.22      120.40     5907.25     6450.70     5703.41
200105      101.87      162.01      127.25     6340.63     6910.67     6254.62
200106      101.81      162.13      126.38     6184.96     6665.59     6008.54
200107       99.43      141.88      113.53     4781.09     6493.67     7744.67
200108       96.49      138.03      106.08     4693.34     6410.53     7444.69
200109       97.80      139.70      103.70     4703.21     6383.01     6978.06
200110       85.87      124.31       86.94     4189.45     5624.36     6326.23
200111       87.61      127.75       92.91     4246.03     5744.74     6715.63
200112       88.53      130.15       97.21     4336.29     5922.77     7061.33
200201       86.58      128.16       94.32     4341.76     5952.69     7065.84
200202       85.61      125.74       92.21     4186.03     5729.42     6616.86
200203       88.60      129.88       91.94     4353.50     5796.13     6547.47
200204       91.92      134.87       96.21     4555.46     6111.94     6919.20
200205       95.58      140.97       97.47     4695.06     6240.10     6734.86
200206      101.97      148.74      100.63     4791.40     6395.10     6775.48
200207       82.13      133.71      111.60     5622.43     6141.37     5919.90
200208       76.88      125.98      102.42     5112.73     5483.72     5414.92
200209       75.83      124.91      100.83     4894.98     5518.26     5386.23
200210       70.28      115.92       90.64     4399.77     4896.39     4840.03
200211       69.00      114.84       89.95     4645.55     5180.92     5019.09
200212       70.35      117.10       92.22     4859.15     5474.38     5185.60
200301       70.68      118.54       92.41     4786.60     5318.29     5054.07
200302       71.24      119.25       91.99     4691.86     5148.52     4892.23
200303       72.04      119.89       90.99     4591.54     5018.09     4832.07
200304       71.43      117.77       88.92     4531.76     4901.76     4739.66
200305       76.78      125.75       95.61     4939.49     5416.34     5102.54
200306       83.36      135.02      104.76     5271.50     5767.65     5446.92
200307       79.32      122.53      109.10     6194.29     4937.17     5257.86
200308       82.51      125.23      112.78     6409.57     5048.12     5293.03
200309       89.03      131.39      118.58     6459.62     5213.00     5397.03
200310       95.28      139.98      126.55     6662.34     5388.42     5631.62
200311      102.22      146.89      135.70     7149.71     5660.98     5892.06
200312      100.90      148.17      136.79     7378.18     5769.83     6008.97
200401      106.29      156.03      144.46     7932.16     6160.54     6431.26
200402      114.95      162.97      151.62     8224.06     6285.06     6490.28
200403      118.09      168.04      156.61     8324.39     6426.82     6748.80
200404      124.40      174.88      163.22     8196.56     6463.80     6865.32
200405      121.36      170.72      159.72     7897.55     6236.00     6669.63
200406      117.48      167.16      157.59     7888.26     6272.76     6698.54
200407      105.60      156.76      148.46     6372.54     6422.49     6404.06
200408      100.79      152.43      142.47     6129.66     6210.70     6209.39
200409      101.28      153.89      143.31     6145.69     6291.34     6290.83
200410      103.83      156.68      146.44     6331.07     6474.74     6437.39
200411      107.79      162.18      152.16     6594.61     6755.69     6649.79
200412      116.42      174.40      162.84     6998.61     7208.73     7023.64
200501      120.74      182.14      169.48     7246.02     7516.75     7302.21
200502      124.09      186.67      173.96     7196.06     7399.59     7214.33
200503      129.87      195.22      181.46     7503.73     7706.72     7463.59
200504      127.83      192.87      177.29     7354.23     7520.21     7253.11
200505      123.63      189.82      173.88     7172.31     7338.60     7022.01
200506      121.43      186.03      169.18     7201.82     7299.42     6964.11
200507      119.26      180.23      159.60     6530.80     8003.73     5698.37
200508      123.11      185.86      165.23     6660.47     8221.42     5900.39
200509      127.68      191.15      170.73     6874.15     8470.63     6091.13
200510      130.56      194.74      175.75     7000.25     8804.33     6340.94
200511      128.55      191.49      171.00     6870.67     8479.07     6108.41
200512      131.26      194.65      175.30     6968.90     8691.36     6342.14
200601      139.60      207.72      188.97     7327.68     9138.70     6777.45
200602      147.41      220.14      204.19     7692.30     9766.13     7192.74
200603      146.35      218.39      202.14     7648.02     9765.10     7242.74
200604      152.09      225.84      210.93     7851.72    10087.32     7504.14
200605      159.10      237.02      221.78     8185.10    10585.84     7821.20
200606      149.98      225.15      208.08     7873.44    10078.30     7407.56
200607      142.28      223.20      191.00     7084.21    10415.14     7581.86
200608      140.48      219.52      184.77     7074.33    10520.33     7641.15
200609      143.56      224.32      190.25     7328.94    10763.45     7885.02
200610      143.70      223.63      185.75     7360.13    10774.21     7880.43
200611      148.01      231.05      192.50     7617.20    11174.60     8248.13
200612      151.96      239.13      198.12     7855.36    11497.52     8510.73
200701      155.63      245.45      203.53     8152.13    11848.78     8812.54
200702      161.26      252.67      207.83     8249.30    11961.54     8828.29
200703      164.84      259.12      211.27     8386.24    11993.32     8889.36
200704      169.41      266.55      216.62     8605.60    12374.15     9100.72
200705      175.70      278.82      225.31     8927.58    12915.13     9355.36
200706      178.50      284.49      228.93     9136.45    13135.49     9514.08
200707      171.82      254.68      235.47    11644.44    11502.79     8596.24
200708      172.06      257.55      234.76    11377.99    11365.59     8566.01
200709      161.37      243.08      217.19    11344.01    11126.71     8307.97
200710      164.64      249.86      226.07    11905.30    11763.69     8877.46
200711      169.56      258.65      240.60    12435.95    12290.67     9341.64
200712      159.59      241.27      218.83    12103.13    11754.56     8798.24
200801      155.37      234.37      212.60    11937.35    11516.90     8606.93
200802      143.23      214.54      188.18    10920.63    10522.43     7854.49
200803      148.37      221.77      198.09    11078.63    10727.10     8118.91
200804      143.97      217.38      188.01    10995.15    10520.28     7935.50
200805      145.17      221.01      192.24    11416.84    11020.44     8380.46
200806      148.74      224.46      199.72    11439.31    11111.77     8547.61
200807      156.78      226.83      184.89    10219.74    11087.61     9901.03
200808      151.27      215.69      170.16     9938.67    10685.24     9424.68
200809      145.02      203.59      157.27     9588.10    10214.75     8954.81
200810      125.59      174.14      127.77     8490.92     8729.52     7330.43
200811      102.34      137.82       91.55     6830.10     7003.55     5577.29
200812       98.47      132.29       85.83     6661.54     6527.57     5128.35
200901      105.80      140.56       91.11     7183.41     6896.20     5433.68
200902       99.65      132.64       86.72     6451.06     6257.81     4978.71
200903       89.87      121.10       79.24     5779.95     5583.64     4551.47
200904       92.47      125.07       83.00     5943.41     6001.03     4887.16
200905      100.21      138.47       95.16     6531.63     6708.89     5621.92
200906      114.06      159.66      113.00     7182.62     7614.22     6403.98
200907      111.70      160.19      130.45     7379.49     7946.10     7229.41
200908      118.60      171.92      140.06     8101.18     8696.16     7896.66
200909      126.47      183.74      148.89     8397.62     9113.69     8098.51
200910      132.99      194.18      158.67     8808.03     9562.84     8388.93
200911      131.41      193.05      158.17     8711.32     9318.54     8309.26
200912      131.25      194.54      158.16     8916.07     9576.60     8463.21
201001      131.29      194.57      158.98     9169.14     9576.90     8610.14
201002      131.79      193.26      156.71     8754.24     9123.39     8289.58
201003      131.36      192.75      156.68     8666.27     9078.18     8327.77
201004      138.95      203.52      165.08     9168.78     9617.02     8907.33
201005      143.60      207.36      169.99     9008.48     9365.44     8777.25
201006      126.96      186.16      149.87     7972.20     8345.27     7800.22
201007      111.50      183.07      162.50     7122.38     8547.08     7365.20
201008      119.85      195.12      173.87     7844.95     9355.31     8026.33
201009      115.27      189.50      169.99     7438.57     9022.71     7911.48
201010      128.91      208.47      188.56     8236.64     9944.72     8576.10
201011      133.77      213.64      194.10     8526.26    10394.82     8926.80
201012      131.38      208.14      190.47     8198.32     9877.65     8483.38
201101      145.83      228.28      207.71     8853.26    10669.71     9177.18
201102      149.79      232.02      209.59     9157.14    10885.09     9311.13
201103      154.78      239.20      214.73     9475.88    11203.92     9642.58
201104      152.44      236.36      211.97     9216.30    11056.80     9457.48
201105      157.82      244.98      219.26     9682.59    11706.94    10005.74
201106      153.01      236.58      210.92     9310.15    11313.42     9699.12
201107      141.08      234.84      201.45     8769.44    12055.31     9337.94
201108      141.41      235.78      203.64     8653.86    11804.60     9269.22
201109      130.30      220.04      187.41     7851.29    10722.77     8540.95
201110      116.59      202.23      163.40     7071.70     9637.52     7507.89
201111      121.64      207.65      172.71     7631.36    10527.67     8283.90
201112      115.01      198.60      163.45     7290.28     9985.86     7913.85
201201      113.63      197.10      160.78     7161.02     9920.53     7740.92
201202      122.73      210.60      173.34     7493.10    10491.76     8284.50
201203      129.08      219.43      182.85     7911.31    10993.74     8757.31
201204      128.29      219.05      180.66     7952.97    10920.11     8635.46
201205      127.25      216.71      178.16     7795.81    10693.60     8521.02
201206      113.39      195.30      157.78     6924.24     9466.33     7408.91
201207      121.02      206.68      162.28     8075.77    10064.07     8017.08
201208      119.71      206.18      161.38     8105.93    10167.43     8140.21
201209      122.94      210.82      164.44     8310.18    10472.65     8365.44
201210      127.29      219.03      171.43     8527.71    10851.45     8614.83
201211      128.04      219.56      169.96     8565.54    10968.63     8667.44
201212      128.01      221.36      168.36     8730.77    11118.66     8881.43
201301      135.70      230.94      173.35     9000.87    11523.87     9114.50
201302      144.83      244.33      182.69     9518.24    12120.97     9532.51
201303      144.42      244.00      182.47     9381.48    12014.51     9388.70
201304      146.48      245.72      185.34     9477.80    11982.51     9433.60
201305      152.91      253.80      191.61     9970.79    12433.88     9755.13
201306      147.63      247.46      188.57     9808.36    12076.12     9643.94
201307      130.54      258.76      200.75     9074.36    12829.98     9399.44
201308      137.38      270.02      212.58     9619.74    13476.73     9967.74
201309      138.16      270.27      214.36     9573.52    13211.94     9834.13
201310      150.28      290.37      230.27    10321.15    14023.44    10500.65
201311      154.65      296.22      233.78    10765.78    14515.13    10775.70
201312      155.13      296.92      233.17    10841.14    14606.01    10808.93
201401      157.96      300.95      238.36    11032.06    14803.02    11022.36
201402      159.15      303.59      238.54    10736.88    14221.92    10558.06
201403      165.92      310.60      247.20    11263.45    14975.24    11102.37
201404      165.87      311.58      246.80    11127.16    14949.89    10983.58
201405      164.47      311.47      244.86    11165.66    15129.11    11091.69
201406      164.65      313.41      245.61    11230.74    15276.18    11170.53
201407      162.53      300.39      249.29    12022.02    14331.89     9871.87
201408      161.20      294.84      245.30    11768.69    14012.12     9731.09
201409      161.35      294.48      244.72    11748.68    14004.05     9658.96
201410      151.96      279.88      228.40    11324.99    13316.50     9313.06
201411      146.11      271.31      219.22    11001.20    13224.81     9138.74
201412      144.94      267.14      217.03    11136.85    13266.38     9281.28
201501      142.20      265.17      213.11    10686.90    12826.14     9103.93
201502      141.81      262.75      210.51    10586.67    12805.12     9126.94
201503      147.53      274.17      220.59    11184.13    13502.02     9665.60
201504      145.40      270.98      218.15    10966.65    13206.20     9554.39
201505      154.99      285.87      236.19    11403.13    13835.14     9980.04
201506      156.62      287.81      240.01    11321.98    13586.51     9938.11
201507      164.71      283.16      219.85    11232.98    11671.46    10775.90
201508      159.33      279.27      214.23    11399.13    11809.17    10841.61
201509      152.49      268.31      202.18    10599.47    11011.59    10130.90
201510      147.36      257.45      194.37    10041.68    10455.18     9659.19
201511      153.92      268.75      202.44    10641.38    11164.62    10445.30
201512      152.16      268.17      203.00    10411.22    10978.59    10373.98
201601      153.42      270.16      205.15    10208.02    10818.03    10279.46
201602      143.02      252.00      188.22     9676.58    10082.42     9475.91
201603      143.53      251.55      187.96     9527.45     9946.94     9293.23
201604      154.07      269.86      204.07    10020.04    10655.17     9912.71
201605      161.44      279.30      211.41    10392.90    10864.92    10189.40
201606      157.99      277.01      210.58    10210.02    10707.52    10065.69
201607      140.94      258.51      196.05    10476.47     9849.40     9402.14
201608      147.91      274.41      204.86    10872.97    10367.91     9993.18
201609      147.65      273.62      206.61    10868.71    10323.35    10025.16
201610      153.06      280.67      213.50    11072.43    10455.42    10021.39
201611      152.66      278.87      209.01    10827.30    10232.08     9845.62
201612      149.68      272.72      204.23    10686.94     9970.97     9561.99
201701      153.03      279.37      207.30    11026.58    10276.67     9805.29
201702      161.22      293.39      217.10    11424.49    10608.59    10161.10
201703      163.94      299.09      219.17    11380.72    10733.57    10245.30
201704      165.17      305.08      222.71    11722.69    11089.27    10452.65
201705      167.28      313.02      228.09    11995.95    11419.17    10703.14
201706      171.43      322.47      236.20    12373.74    11739.59    11038.17
201707      170.42      291.38      228.67    11203.53    13427.75     9169.43
201708      177.55      301.40      235.71    11700.67    13792.51     9456.39
201709      179.00      303.98      237.08    11761.94    13825.92     9425.71
201710      182.94      310.32      241.18    12032.37    14090.67     9612.83
201711      185.89      313.20      245.59    12241.75    14322.18     9754.52
201712      186.31      314.91      249.69    12299.39    14411.24     9804.21
201801      192.80      324.18      258.55    12608.80    14572.64     9983.75
201802      203.19      338.20      272.52    13240.40    15249.74    10387.84
201803      196.85      328.02      264.70    12634.92    14543.41     9978.52
201804      190.97      322.48      260.58    12286.61    14333.40     9990.68
201805      191.53      324.16      258.90    12538.26    14548.62    10107.40
201806      189.32      319.78      260.95    12109.42    14198.76    10011.71
201807      172.45      299.12      233.99    12374.73    13563.05     9067.96
201808      172.62      299.28      232.25    12615.15    13908.47     9236.90
201809      169.71      295.13      230.09    12227.07    13590.67     9189.23
201810      169.35      295.11      229.34    12335.05    13706.29     9194.38
201811      153.52      270.36      203.96    11246.86    12661.96     8224.41
201812      152.22      271.42      203.81    11203.59    12639.09     8242.49
201901      142.01      254.95      187.64    10623.88    12068.41     7774.02
201902      149.96      269.65      199.53    11363.56    12756.37     8371.87
201903      151.92      274.44      204.21    11556.62    13074.54     8646.13
201904      149.47      270.97      203.16    11523.27    13087.28     8732.50
201905      152.49      275.57      208.70    11811.93    13445.80     9005.76
201906      145.28      266.50      199.84    11190.88    12742.00     8512.38
201907      172.16      289.15      215.35    13126.90    14291.67     9277.32
201908      171.46      285.20      213.76    12864.71    14023.89     9253.04
201909      165.55      274.65      204.97    12419.57    13754.63     9102.41
201910      168.81      278.95      208.27    12778.43    14061.35     9238.66
201911      174.70      289.57      216.61    13152.32    14540.44     9602.94
201912      176.55      294.74      221.60    13260.75    14735.60     9811.02
202001      184.79      307.47      232.84    13745.70    15181.73    10171.04
202002      179.16      298.55      226.00    13377.78    14892.81    10077.34
202003      160.15      267.89      200.96    12034.53    13692.09     9285.27
202004      133.80      227.73      167.34    10133.44    11821.61     8099.85
202005      145.48      246.88      187.57    10669.88    12453.50     8967.23
202006      153.04      260.36      203.23    11007.14    12956.98     9593.70
