This file was created using the 202006 Bloomberg database.

Missing data are indicated by -99.99.



        Mkt-RF     SMB     HML     RMW     CMA      RF
199007    1.99    2.63    0.38   -0.56    0.58    0.68
199008  -11.15   -0.62    0.27    1.09    0.01    0.66
199009  -14.55    3.31    1.27   -0.25    0.79    0.60
199010   15.04   -9.30   -5.60    2.08    2.37    0.68
199011   -8.02    1.50    1.91    2.19   -1.69    0.57
199012    0.44   -2.29   -1.83    1.73    0.96    0.60
199101    1.40   -4.57    0.19    1.69   -0.67    0.52
199102   10.01    1.85    0.71   -2.26    0.03    0.48
199103   -4.77    2.23   -0.20    1.29   -0.99    0.44
199104    0.95   -0.14   -0.28    0.66    0.37    0.53
199105   -0.84   -1.32    0.25    0.45    0.93    0.47
199106   -6.72    1.97    1.31    0.72   -0.03    0.42
199107    3.03   -2.09    0.80    1.74   -0.13    0.49
199108   -3.33    0.22    0.04    2.21   -0.70    0.46
199109    5.54   -0.33   -0.30    0.06    0.21    0.46
199110    1.41   -1.00   -2.29   -1.04    0.31    0.42
199111   -5.57    1.57   -0.66    0.91   -0.39    0.39
199112    3.82   -1.56   -0.76    0.27   -0.25    0.38
199201   -3.01    1.50    2.06    0.98    0.25    0.34
199202   -3.72    3.01    0.40    1.22    1.25    0.28
199203   -7.32    2.46    1.55    1.50   -0.14    0.34
199204   -1.13    0.89    3.38    4.51    1.20    0.32
199205    6.62    0.24    0.37   -1.28    0.88    0.28
199206   -4.61    2.36    0.24    1.51    0.08    0.32
199207   -3.46   -2.16   -1.36    0.35    1.24    0.31
199208    5.86   -4.99   -3.18   -1.72    1.39    0.26
199209   -3.02   -0.36   -0.96   -0.24    0.58    0.26
199210   -5.70   -1.51    1.07   -0.30   -1.58    0.23
199211    0.24   -2.53   -1.22    0.23    1.20    0.23
199212    0.22    1.25   -0.24    2.19    0.46    0.28
199301   -0.10    1.36    1.49   -0.10    0.51    0.23
199302    3.19    0.58    0.64   -0.76   -0.10    0.22
199303   10.01    0.00    1.22    0.20    1.96    0.25
199304    9.37    0.84    2.51   -2.40    2.27    0.24
199305    3.30    5.64   -0.69   -2.77    1.19    0.22
199306   -3.54   -0.79   -0.87   -1.08    1.10    0.25
199307    3.93   -3.24    0.72   -0.06    1.65    0.24
199308    4.81    1.22    1.66   -0.07   -0.62    0.25
199309   -3.07    1.46    0.31    1.63   -1.75    0.26
199310    0.94   -1.41    0.35    0.47   -0.72    0.22
199311   -9.12    3.78    0.45    1.79   -3.31    0.25
199312    5.74    0.12    2.80   -1.54   -0.13    0.23
199401   10.19    0.42    3.96   -3.40    4.93    0.25
199402   -0.34    1.05    1.22    0.20    1.81    0.21
199403   -3.11    1.70    1.78    0.02    0.19    0.27
199404    3.26    0.37    0.92   -1.14    1.45    0.27
199405   -0.72   -0.72    1.35   -1.13    1.84    0.32
199406    1.84   -0.88    0.69   -0.08    1.48    0.31
199407    0.19    0.42    0.95    1.19   -0.98    0.28
199408    1.07   -0.99   -0.89    1.72   -0.63    0.37
199409   -3.14    1.33    0.32    0.31   -0.20    0.37
199410    2.51   -1.81    0.75   -0.31    1.17    0.38
199411   -5.85   -0.68    0.52    0.50    0.39    0.37
199412    0.70   -0.39   -0.65   -0.47    1.09    0.44
199501   -4.65    1.63    0.13    0.81   -0.18    0.42
199502   -1.26    0.87    0.57    0.67   -1.36    0.40
199503    5.55   -3.06   -1.57    2.27   -0.15    0.46
199504    2.95   -1.83   -0.71   -0.95    0.53    0.45
199505   -2.01    1.08    0.22    0.94   -1.89    0.54
199506   -1.73    0.91    0.72    2.51   -2.33    0.47
199507    4.80   -0.96   -1.87   -1.52    0.80    0.45
199508   -3.31    2.37   -1.50    1.33    0.56    0.47
199509    0.52   -0.85   -1.07    1.87   -1.55    0.43
199510   -2.31    0.07   -0.02    0.39   -0.61    0.47
199511    1.73   -1.68   -0.30   -2.77    2.71    0.42
199512    2.96    0.06    1.29   -2.05    0.88    0.49
199601    0.26    1.78    1.45    0.23   -0.49    0.43
199602    0.10    1.15   -0.06    2.19   -1.62    0.39
199603    1.49   -0.26   -0.39   -1.10    1.28    0.39
199604    3.25    1.96    0.11   -0.96    1.36    0.46
199605   -1.36    1.78    0.33    1.27   -1.23    0.42
199606   -0.23   -1.16    1.36    1.51    0.13    0.40
199607   -3.56   -0.29    1.38    1.57   -0.59    0.45
199608   -0.35    1.01   -1.01    0.78   -1.05    0.41
199609    1.85   -2.91    0.12    0.54    0.02    0.44
199610   -1.63    1.94    0.31    1.82   -0.43    0.42
199611    2.92   -2.02    1.27    0.71   -0.51    0.41
199612   -1.90   -0.21    1.26    2.99   -1.33    0.46
199701   -4.00    2.48    1.79    2.17   -0.76    0.45
199702    0.88    0.10   -0.23   -1.16   -0.22    0.39
199703   -0.95   -1.32    1.69    1.95    0.94    0.43
199704    0.09   -2.29   -0.06    1.37    0.09    0.43
199705    7.43   -0.96   -0.65   -1.03    0.00    0.49
199706    4.01   -3.26    0.62   -0.23    1.54    0.37
199707    0.65   -4.72   -0.50    2.47   -2.46    0.43
199708   -6.94    4.13    0.13   -0.41    2.06    0.41
199709    4.64   -5.42   -1.40    3.01   -2.20    0.44
199710   -7.29    2.92    0.32    2.62    1.70    0.42
199711   -2.32   -5.04   -1.53    2.58   -1.77    0.39
199712   -0.76   -3.86   -0.21    1.12   -1.51    0.48
199801    3.84    0.02    1.16   -1.84    2.72    0.43
199802    6.02    0.43    1.59   -2.25    0.14    0.39
199803    2.84    0.34    2.74    1.83   -0.42    0.39
199804    0.56    0.45   -0.84    2.13   -1.90    0.43
199805   -0.39    0.65    1.12    1.24   -0.63    0.40
199806   -0.79   -3.05   -0.73    1.63   -0.46    0.41
199807    0.11   -2.82   -0.13    1.05   -3.01    0.40
199808  -12.05    0.69   -1.71    2.41    2.99    0.43
199809   -3.54    1.18   -2.58    0.04    3.00    0.46
199810    9.32   -3.76    3.17   -3.09   -0.06    0.32
199811    4.07   -0.60    1.29   -1.10   -2.31    0.31
199812    2.49   -1.72   -2.29    2.24   -0.51    0.38
199901    0.14    0.40   -2.63    1.48   -1.87    0.35
199902   -2.38    1.94   -1.89    2.23    0.35    0.35
199903    3.80    0.69    2.14   -2.50    0.14    0.43
199904    4.51    3.46    3.85   -1.43   -0.03    0.37
199905   -4.26    3.36   -0.81    1.33    0.73    0.34
199906    4.52    3.88    0.04    1.38   -3.90    0.40
199907    3.05    0.77    0.14   -0.13   -0.58    0.38
199908    1.41    2.05   -0.97   -1.26   -2.34    0.39
199909    1.67    0.02   -1.82   -0.14   -2.89    0.39
199910    3.12   -3.62   -3.83    1.97   -3.45    0.39
199911    4.42   -2.76  -10.96    4.86   -8.51    0.36
199912    7.60   -5.21   -6.46    4.79   -6.76    0.44
200001   -6.21    7.03   -1.83   -0.45   -1.89    0.41
200002    3.25    2.72  -10.21    2.02   -6.91    0.43
200003    2.40   -3.81    5.91   -1.23    5.13    0.47
200004   -6.65   -4.39    4.40    0.97    2.24    0.46
200005   -2.98    1.67    5.78   -2.44    5.96    0.50
200006    3.17    1.35    4.84   -3.03    1.22    0.40
200007   -4.38   -0.53    3.58   -0.24   -0.60    0.48
200008    1.23    0.54   -1.45   -3.27    1.43    0.50
200009   -5.26    0.71    3.53    2.04    1.11    0.51
200010   -4.48   -4.60    7.32    2.26    2.80    0.56
200011   -4.21    0.15    9.55    1.61    6.00    0.51
200012    1.38    0.34    4.95   -0.51    1.93    0.50
200101    0.38    0.92   -1.80   -0.54    0.31    0.54
200102   -7.89    5.02    9.58   -0.80    5.54    0.38
200103   -8.26    0.04    4.58    2.56    1.84    0.42
200104    7.59   -1.37   -0.59    1.27   -0.41    0.39
200105   -3.14    3.25    2.90    0.09    1.38    0.32
200106   -3.73    0.93    5.77   -1.52    3.39    0.28
200107   -3.07   -1.41    3.49    1.58    2.98    0.30
200108   -2.28    2.39    4.62    0.60    5.00    0.31
200109  -10.67   -2.68    1.69    1.52    1.58    0.28
200110    2.62    1.42   -3.13   -0.52   -4.58    0.22
200111    3.10   -0.93   -1.65   -1.85   -3.08    0.17
200112   -0.45   -2.15    0.89    1.07    0.48    0.15
200201   -4.73    3.33    1.83    1.93    2.10    0.14
200202    1.18    0.71    2.23    2.51    3.91    0.13
200203    5.10   -0.77   -0.14    1.47   -0.69    0.13
200204    0.98    2.47    3.27    1.33    4.18    0.15
200205    2.16    3.10    4.26    0.70    2.38    0.14
200206   -3.36    1.54    1.95    2.12    2.86    0.13
200207   -9.23    2.63    3.24    1.05    0.79    0.15
200208   -0.17   -1.17    1.65    0.34    0.29    0.14
200209  -10.43    2.91    0.41    3.12    1.16    0.14
200210    3.98   -5.99   -0.85   -2.54    0.29    0.14
200211    4.20   -2.53    0.41   -3.12   -0.10    0.12
200212   -2.54    3.50    2.32    1.94    0.55    0.11
200301   -2.68    3.26    1.93   -0.10    1.13    0.10
200302   -1.78    2.14    3.28    0.06    0.84    0.09
200303   -1.78    0.77    0.03    1.04    1.01    0.10
200304    9.25   -1.92   -0.94   -0.52    0.47    0.10
200305    7.02    2.01    0.09   -0.63   -0.36    0.09
200306    2.80    2.54    1.42    0.59    0.44    0.10
200307    2.07    1.21    2.89   -3.18    1.30    0.07
200308    3.12    2.99    1.12   -0.97    1.20    0.07
200309    4.11    3.36   -0.47    0.39   -0.56    0.08
200310    5.75    0.50    1.52   -1.88    1.26    0.07
200311    1.97   -1.91   -0.49    0.18   -0.31    0.07
200312    6.86   -1.58    0.99    0.62    0.11    0.08
200401    2.41    3.35    2.24   -1.53    3.00    0.07
200402    2.37    0.65    0.45    0.50   -1.62    0.06
200403    1.20    4.37    0.49    1.08   -1.28    0.09
200404   -2.78    0.63   -0.20    1.85    0.10    0.08
200405    0.15   -2.20   -0.61    0.48   -1.16    0.06
200406    2.82    2.18    0.75    1.53   -0.13    0.08
200407   -3.57   -0.30    1.89    1.33   -0.59    0.10
200408    0.69   -0.15    1.09    0.02   -0.46    0.11
200409    2.60   -0.31    0.49    0.15    0.62    0.11
200410    3.75   -0.03    0.16    0.32    0.26    0.11
200411    6.09    0.65    0.85   -1.93    0.73    0.15
200412    4.14   -0.08    0.97    0.01   -0.15    0.16
200501   -1.29    4.18    1.12    0.82   -0.02    0.16
200502    3.93    0.57    1.19    0.58    0.48    0.16
200503   -2.13    0.48    1.54   -0.07    0.60    0.21
200504   -2.57    0.26    0.40   -0.16   -0.22    0.21
200505   -0.49   -1.80    0.84    0.06    0.71    0.24
200506    1.88    0.93    0.70    0.97    0.33    0.23
200507    3.18    0.00    0.78   -0.02   -0.36    0.24
200508    3.17    0.14   -0.42    0.14    0.48    0.30
200509    3.49   -1.31    0.45   -0.01   -0.62    0.29
200510   -3.29    1.00    0.82   -0.78    1.40    0.27
200511    2.17   -0.13   -0.70    0.10   -1.49    0.31
200512    5.11    2.15   -1.81    0.04   -1.30    0.32
200601    5.74    0.63    1.45   -0.94   -1.64    0.35
200602   -0.52   -0.81    2.20   -1.05   -0.53    0.34
200603    3.27    0.66    0.22   -0.88   -0.75    0.37
200604    4.58    0.22    0.01    0.36   -0.17    0.36
200605   -4.67   -1.38    0.58    1.00    0.85    0.43
200606   -0.79   -2.31   -0.25    0.25   -0.25    0.40
200607    0.19   -2.67    2.27   -0.67    0.96    0.40
200608    2.46   -0.24   -0.45   -0.01   -0.29    0.42
200609   -0.38   -0.88    0.93   -0.15    1.43    0.41
200610    3.46   -0.61   -0.35    0.87   -1.04    0.41
200611    2.70    0.11    0.43   -0.30    0.37    0.42
200612    2.66   -0.36    0.62    0.33   -0.30    0.40
200701    0.61    1.85    1.07   -1.00    0.78    0.44
200702    0.54    1.27    0.66    0.17    0.93    0.38
200703    2.49    0.17    0.72    0.24    0.41    0.43
200704    3.75    0.03    1.64   -0.46    0.27    0.44
200705    1.92   -0.53    0.79    0.10    0.31    0.41
200706    0.00    1.36    0.37    1.30   -0.39    0.40
200707   -1.42    1.79    0.06   -0.07   -0.48    0.40
200708   -2.60   -4.49    0.34    1.25    2.03    0.42
200709    5.29   -2.43   -1.57   -0.32   -1.80    0.32
200710    4.31    0.23   -2.72    0.90   -1.95    0.32
200711   -4.61   -3.33   -0.34    0.29    2.67    0.34
200712   -2.05   -0.88    1.65   -0.82    0.82    0.27
200801   -8.88   -0.56    1.52   -1.20    2.01    0.21
200802    2.09    2.24   -1.19    0.70   -1.67    0.13
200803   -1.54   -1.26    2.80   -0.53    2.17    0.17
200804    5.18   -3.26   -0.78    1.70   -1.33    0.18
200805    1.76    1.14   -1.25    0.45   -1.13    0.18
200806   -7.91    1.70    0.15   -0.38    1.82    0.17
200807   -4.07   -1.66    2.33   -0.06    3.30    0.15
200808   -4.57   -1.35    0.24    1.40    2.41    0.13
200809  -14.43   -1.03    2.52   -0.12    6.47    0.15
200810  -21.11   -1.46    0.96    2.54    7.03    0.08
200811   -5.44    0.98   -0.70   -0.93    4.07    0.03
200812    6.64    0.53    0.64   -1.72    1.75    0.00
200901   -9.02    4.11   -2.54   -0.96   -1.27    0.00
200902   -9.95    1.42   -3.57    2.49   -1.83    0.01
200903    6.07   -2.06   -0.24    0.43   -3.15    0.02
200904   12.38   -1.15    2.36    0.12   -5.50    0.01
200905   13.67    2.74   -1.46   -0.14   -4.21    0.00
200906   -0.78    3.15    0.32    0.75    0.41    0.01
200907    9.26   -2.77    3.74    0.06   -0.50    0.01
200908    4.20    2.39    3.68   -1.14    0.64    0.01
200909    4.64    1.42   -0.06    0.49   -0.38    0.01
200910   -1.83    1.38   -1.11    2.12   -0.46    0.00
200911    2.32   -2.04   -1.59    0.76    0.11    0.00
200912    1.23   -1.30    1.06    1.93    0.12    0.01
201001   -4.01    3.81   -0.68    0.88    0.20    0.00
201002   -0.22   -0.01   -1.10    0.03   -0.85    0.00
201003    6.32   -0.75    3.97   -0.03   -0.49    0.01
201004   -0.66    4.22    0.06    1.16    0.10    0.01
201005  -10.71   -0.04   -2.51    0.21    0.33    0.01
201006   -1.22    0.39   -2.08   -0.19   -0.06    0.01
201007    9.24   -2.51    2.39   -1.09    1.14    0.01
201008   -3.27    0.61   -2.29    1.41   -2.63    0.01
201009   10.01    0.42   -0.66   -0.45    1.74    0.01
201010    3.98   -0.64   -0.68    0.97   -0.08    0.01
201011   -4.29    2.76   -1.93   -0.28    0.38    0.01
201012    8.27    2.05    0.98   -1.05    0.75    0.01
201101    2.13   -0.69    4.20   -1.05    2.05    0.01
201102    3.41   -0.54   -0.32    0.18    0.14    0.01
201103   -1.60    0.96   -1.32    1.60   -0.50    0.01
201104    5.70   -1.71   -1.25    1.28    0.03    0.00
201105   -2.77    0.00   -0.83    1.78    0.05    0.00
201106   -1.38   -0.37    1.23    1.33   -0.08    0.00
201107   -1.18    2.22   -2.44    0.81   -0.64    0.00
201108   -8.57    1.49   -2.39    2.87   -0.80    0.01
201109  -10.32    0.21    2.17    1.40    2.03    0.00
201110    8.74   -4.32   -2.51    0.63   -1.90    0.00
201111   -4.62   -0.21   -1.20    1.77    0.13    0.00
201112   -1.31    0.23    0.88    0.60    0.85    0.00
201201    6.02    1.47    0.93   -2.71   -1.27    0.00
201202    5.35   -0.56   -0.08   -1.15   -0.26    0.00
201203   -0.25    0.60   -0.27    1.75    1.48    0.00
201204   -1.45    0.89   -2.24    2.99   -0.14    0.00
201205  -11.24    0.92   -0.28    2.12    1.13    0.01
201206    5.81   -3.47    2.24   -0.47    1.22    0.00
201207    0.79   -1.10   -1.99    1.71   -0.89    0.00
201208    2.95   -0.74    0.90   -1.04    0.34    0.01
201209    3.42    0.85    1.34   -1.30   -0.52    0.01
201210    0.77   -0.81    0.67   -0.12    0.63    0.01
201211    1.79   -2.15    0.83    0.15    0.06    0.01
201212    3.29    0.93    3.65   -1.49    1.41    0.01
201301    5.26    0.51    2.37   -0.99    1.18    0.00
201302   -0.94    1.05   -1.05    1.04    0.20    0.00
201303    0.82    1.42   -3.08    2.15    0.03    0.00
201304    4.40   -1.04    1.62   -0.33    1.62    0.00
201305   -1.49   -0.78    0.91   -0.55   -1.28    0.00
201306   -3.74    0.06   -0.17    1.07    1.09    0.00
201307    5.49   -0.55    0.83   -0.14   -0.50    0.00
201308   -1.04    1.55    0.25   -0.12    0.03    0.00
201309    7.08    1.08    0.24   -0.57    0.89    0.00
201310    3.30   -1.13    2.20    0.00    1.14    0.00
201311    0.62   -0.50   -0.17    0.18    0.64    0.00
201312    1.70    0.25   -0.47    0.39   -0.34    0.00
201401   -3.19    4.08    1.24   -0.88    1.08    0.00
201402    5.36   -1.88    0.22    0.66    0.48    0.00
201403   -0.25    0.71    1.09    0.92    0.20    0.00
201404    1.08   -1.77    0.74    1.01   -0.56    0.00
201405    1.42   -0.56   -0.38    0.62    0.11    0.00
201406    1.48    2.07   -0.33    0.44   -0.55    0.00
201407   -1.93    0.59    0.21   -0.74   -0.13    0.00
201408   -0.23    0.18   -0.10   -0.07    0.26    0.00
201409   -4.10   -1.64   -0.06   -0.41    0.17    0.00
201410   -1.80   -1.85   -2.32    1.66   -0.39    0.00
201411    0.82   -2.06   -1.21    0.19   -0.19    0.00
201412   -2.90    1.82   -0.62    0.85   -1.08    0.00
201501   -0.27   -0.60   -1.16    1.79   -0.16    0.00
201502    5.64   -1.43    0.76   -1.03   -0.37    0.00
201503   -1.27    0.82   -0.80    0.65   -0.43    0.00
201504    4.90    2.34    0.86   -1.76   -1.00    0.00
201505   -0.42    1.81   -0.80   -0.86   -0.42    0.00
201506   -2.59    2.13    0.15    0.64    0.32    0.00
201507    0.77   -3.21   -3.15    2.48    0.12    0.00
201508   -6.34    1.88    0.05    0.18    0.45    0.00
201509   -4.64    1.75   -2.01    0.99   -0.03    0.00
201510    6.83   -2.56    1.12    0.45   -0.99    0.00
201511   -1.31    1.23   -2.28    2.30   -1.49    0.00
201512   -1.21    2.55   -1.26    0.84   -0.76    0.01
201601   -6.75   -0.57   -1.58    2.90    2.10    0.01
201602   -1.08    1.53   -0.44   -0.05    1.28    0.02
201603    7.01    1.66   -0.22    0.97   -1.30    0.02
201604    3.25    0.66    2.95   -2.01    0.89    0.01
201605   -0.92    0.32   -2.03    1.08   -1.32    0.01
201606   -3.28    1.14   -1.45    2.27    2.31    0.02
201607    5.03    0.17    2.22   -0.01   -1.17    0.02
201608    0.09   -0.04    2.47   -1.17   -0.69    0.02
201609    1.59    2.09   -0.46    0.02    0.85    0.02
201610   -1.67    0.54    5.12   -2.31    1.33    0.02
201611   -2.20   -0.13    2.85   -1.76    0.89    0.01
201612    2.79   -0.95    1.85   -0.25    0.58    0.03
201701    3.56    1.40    0.85   -0.48    0.43    0.04
201702    0.77    0.76   -0.72    1.13   -0.39    0.04
201703    3.02   -1.08   -0.86    1.21   -0.14    0.03
201704    2.77   -0.60   -0.64    0.93   -0.61    0.05
201705    3.52   -0.26   -1.75    1.61   -0.44    0.06
201706    0.35    1.38    1.18   -1.00    0.27    0.06
201707    3.21    0.26    2.01   -1.39    1.14    0.07
201708    0.24    0.57   -0.30    1.15    0.29    0.09
201709    2.15   -0.01    0.99   -0.52    0.56    0.09
201710    1.41    0.05   -0.07    0.18   -0.09    0.09
201711    0.74    0.12   -0.17    0.58   -0.74    0.08
201712    1.78    1.68    0.06   -0.87    0.27    0.09
201801    4.72    0.25    0.19   -0.89    0.63    0.11
201802   -4.30    1.37   -0.36    0.95   -0.48    0.11
201803   -1.24   -0.49   -1.58    1.56   -1.93    0.12
201804    1.71   -2.02    2.13   -0.92    0.87    0.14
201805   -1.73    1.66   -4.51    2.81   -2.19    0.14
201806   -1.51   -1.28   -1.04    0.49   -0.65    0.14
201807    1.76   -2.38    1.12   -0.47    0.51    0.16
201808   -2.00    0.63   -3.37    1.55   -1.71    0.16
201809    0.68   -0.80    1.60   -0.45    0.78    0.15
201810   -8.72   -0.99    1.90   -0.35    2.33    0.19
201811   -0.15    0.09   -1.51    0.85   -0.47    0.18
201812   -5.27   -2.01    1.86   -0.20    0.78    0.19
201901    6.44   -0.82   -1.50    1.43   -0.99    0.21
201902    2.33   -0.68   -1.80    0.31   -1.21    0.18
201903    0.39   -1.21   -2.05    0.94   -0.67    0.19
201904    2.79   -0.66   -1.24    0.13   -0.75    0.21
201905   -4.78    1.16   -1.99    1.10    0.21    0.21
201906    4.98   -2.58   -0.42    0.86    0.20    0.18
201907   -1.63    0.65   -1.01    0.78   -0.75    0.19
201908   -2.52   -1.29   -2.24    0.84   -0.17    0.16
201909    2.39   -0.43    3.08   -0.31    0.98    0.18
201910    3.28    0.36    0.75    0.98   -0.84    0.15
201911    1.34    0.40   -1.49    0.87   -1.19    0.12
201912    3.39    1.47    0.74   -0.58   -0.27    0.14
202001   -2.32   -0.90   -2.97    0.23   -1.12    0.13
202002   -8.87   -2.23    0.55   -1.18   -0.83    0.12
202003  -13.93   -1.57   -7.13    0.74   -1.27    0.12
202004    7.11    3.37   -4.43    2.08   -4.12    0.00
202005    5.00    2.18   -5.35    3.00   -3.32    0.01
202006    3.33   -0.97    0.28   -1.09   -1.04    0.01



 Annual Factors: January-December
      Mkt-RF     SMB     HML     RMW     CMA      RF
1991    3.85   -3.17   -1.19    7.53   -1.50    5.60
1992  -18.88    0.39    2.10    7.88    5.66    3.51
1993   27.29   12.90   13.58   -5.36    1.62    2.90
1994    6.10   -0.15   11.63   -2.39   13.06    3.90
1995    2.82   -1.07   -4.28    4.01   -3.07    5.60
1996    0.65    2.80    6.48   12.15   -4.86    5.21
1997   -5.75  -15.61    0.08   13.80   -2.33    5.26
1998   11.94   -8.76    2.09    5.81   -0.07    4.86
1999   31.94    6.68  -32.54   16.98  -39.75    4.68
2000  -22.33    0.30   31.41   -1.36   15.98    5.89
2001  -25.00    4.79   22.42    3.14   12.73    3.83
2002  -13.65    9.92   18.76   10.16   16.11    1.65
2003   42.88   19.87   16.77   -5.58    9.71    1.02
2004   21.51   10.67   10.59    5.34   -0.98    1.20
2005   13.82    7.64    6.07    1.90    0.16    2.98
2006   20.71   -9.50    9.27   -1.38   -1.42    4.80
2007    8.37   -5.91    2.80    2.02    4.40    4.66
2008  -44.40   -2.40    4.39    1.39   17.23    1.60
2009   33.45   10.84   -1.23   10.21  -20.83    0.10
2010   11.77   12.29   -6.37    2.37    0.49    0.12
2011  -12.64   -1.91   -3.31   11.77    1.36    0.04
2012   17.24   -3.42    6.05    1.23    3.81    0.06
2013   23.00    2.38    3.91    2.82    5.72    0.02
2014   -4.54   -0.27   -1.52    4.00   -0.58    0.02
2015   -0.78    7.16   -8.88    7.16   -4.67    0.02
2016    3.09    6.70   11.56    0.08    6.45    0.20
2017   26.32    5.42    0.76    3.31    0.59    0.80
2018  -15.81   -5.13   -2.99    4.26   -1.18    1.81
2019   19.75   -4.24  -11.33    8.79   -6.48    2.14
