This file was created using the 202006 Bloomberg database. It contains
value- and equal-weighted returns for the intersections of 2 ME portfolios
and 3 BE/ME portfolios in Developed.

The portfolios are constructed at the end of June.  ME is market cap at the end
of June.  BE/ME is book equity at the last fiscal year end of the prior calendar
year divided by ME as of  6 months before formation.  Firms with negative
BE are not included in any portfolio.

The annual returns are from January to December.

The break points include utilities and include financials.

The portfolios include utilities and include financials.

Missing data are indicated by -99.99.



  Average Value Weighted Returns -- Monthly
               Small                 Big
          Low     2    High    Low     2    High
199007   2.43   1.91   0.97   0.64   1.68   1.39
199008 -12.22 -11.49 -10.55  -9.51 -10.00 -10.21
199009 -10.82 -10.01  -9.38 -11.77 -10.79 -11.60
199010   5.20   3.50   0.54  13.04  10.20   8.74
199011  -3.11  -1.05  -0.86  -3.45  -2.42  -3.45
199012   1.24   0.77   1.09   3.08   1.96   0.28
199101   0.95   1.35   2.08   3.80   2.56   3.61
199102  12.74  11.48  11.34   8.92   8.89  10.37
199103   1.42   0.01   1.31  -1.38  -2.33  -3.38
199104   0.64   0.94   1.37   0.69   1.35   0.88
199105   0.53   1.20   0.77   1.20   1.35   1.59
199106  -5.20  -4.48  -3.91  -6.25  -6.00  -5.30
199107   2.77   2.42   2.29   4.49   4.14   4.22
199108  -0.82  -0.44  -0.29  -0.06  -0.84  -1.74
199109   3.93   4.49   2.83   2.70   3.44   3.62
199110   2.49   1.25   1.20   2.97   1.31   1.42
199111  -3.57  -4.08  -4.34  -3.93  -4.74  -5.86
199112   6.23   4.23   4.25   9.18   5.88   5.71
199201   1.10   1.33   3.48  -3.43  -2.64   0.35
199202  -0.44   0.18   1.96  -2.17  -2.18  -0.82
199203  -6.65  -4.04  -2.60  -6.10  -4.41  -5.06
199204  -2.55  -1.01  -0.27  -1.38   1.03   2.38
199205   4.08   4.19   5.30   4.35   4.24   4.46
199206  -3.64  -2.95  -2.64  -4.14  -3.03  -3.03
199207  -2.63  -2.52  -2.39   1.01   0.11  -1.96
199208  -0.30   0.54   0.08   4.77   2.51   1.14
199209  -0.70  -1.16  -1.96  -1.11  -0.66  -1.78
199210  -2.93  -3.05  -3.16  -1.81  -3.76  -2.59
199211   3.23   1.79   1.13   3.25   1.11   1.78
199212   1.71   2.32   2.70   0.13   1.50   1.09
199301   0.85   1.94   3.80  -1.13   0.51   2.44
199302  -0.91   0.94   3.22   0.10   3.92   3.06
199303   7.17   7.17   7.86   5.29   7.56   8.29
199304   4.87   4.95   6.28   2.54   4.85   6.93
199305   7.62   6.95   6.90   4.15   2.39   1.87
199306  -2.78  -2.79  -2.31  -1.92  -1.72  -1.55
199307   0.86   0.99   1.80   1.80   2.89   3.59
199308   4.74   5.56   6.01   4.10   4.55   5.09
199309  -0.30   0.19  -0.25  -2.24  -1.86  -1.72
199310   1.34   0.52   1.11   2.20   1.03   0.72
199311  -5.28  -4.36  -4.48  -6.02  -5.87  -7.03
199312   3.99   4.50   5.63   3.03   4.55   5.85
199401   6.74   7.55   9.74   6.15   7.59   9.50
199402  -0.31   0.64   0.54  -1.19  -1.18  -0.98
199403  -3.83  -2.52  -1.93  -4.24  -3.50  -2.43
199404   1.45   2.43   3.63   2.62   2.46   2.93
199405  -1.62  -1.50  -0.19  -0.13   0.01   1.11
199406  -0.89  -0.53   0.71  -0.17   0.74   0.80
199407   0.60   1.21   1.10   0.66   2.15   1.54
199408   3.83   2.46   1.26   3.23   2.18   1.95
199409  -1.13  -0.76  -0.82  -2.19  -3.00  -3.02
199410   0.99   0.61   0.73   2.39   3.19   2.42
199411  -5.21  -4.85  -5.06  -4.33  -4.96  -5.07
199412   0.91   1.27   0.83   1.75   0.93   0.71
199501  -2.34  -1.19  -1.52  -1.67  -2.06  -1.94
199502   1.17   1.39   1.56   0.81   1.02   1.09
199503   3.15   2.49   2.39   5.50   4.97   3.84
199504   1.42   2.37   2.16   3.39   3.22   3.02
199505   0.14   0.48   0.50   0.32   0.24   1.02
199506   3.10   2.43   1.32   0.44  -0.05   0.34
199507   7.12   4.69   4.04   4.87   5.02   4.00
199508   0.84   0.74   0.18  -1.58  -1.52  -1.42
199509   1.36   0.85   0.70   2.89   1.98   1.55
199510  -2.99  -3.50  -2.86  -1.25  -1.17  -2.06
199511   1.93   1.72   2.23   3.65   2.77   3.21
199512   2.90   2.97   2.93   2.10   2.89   3.12
199601   1.26   1.68   1.72   1.11   1.72   2.14
199602   3.07   1.72   1.79   0.70   1.14   0.73
199603   1.83   1.90   1.92   1.31   1.82   1.47
199604   7.30   6.13   5.24   2.57   3.31   2.19
199605   2.87   2.28   2.71   0.99  -0.32   0.40
199606  -3.74  -2.29  -1.35   0.06  -0.05   0.57
199607  -8.84  -5.46  -3.68  -4.58  -3.52  -3.32
199608   3.46   2.76   1.50   0.83   1.45   1.40
199609   1.41   0.96   1.09   4.55   3.58   3.03
199610  -1.87  -0.06   0.54  -0.70   0.38   1.13
199611   0.98   2.12   2.81   4.67   5.16   6.39
199612  -1.12  -0.08  -0.23  -2.27  -0.83  -0.92
199701   0.40   0.52   0.42   0.63   0.22   0.63
199702  -2.30  -0.50   1.11   0.93   0.19   1.74
199703  -5.55  -2.87  -1.65  -3.40  -1.02  -2.34
199704  -2.62  -1.88  -1.01   3.91   2.22   1.88
199705   9.96   9.11   7.89   7.83   7.37   6.43
199706   1.44   2.83   3.99   4.84   4.43   4.10
199707  -0.38   0.72  -0.17   4.75   4.91   3.98
199708   0.42  -0.27  -0.71  -6.94  -4.93  -4.80
199709   4.17   4.05   2.65   5.23   5.89   6.03
199710  -4.82  -4.99  -3.35  -5.55  -5.32  -4.68
199711  -5.08  -4.47  -4.53   1.86   1.10   0.31
199712  -2.98  -2.70  -1.19   0.44   0.98   2.55
199801   2.21   1.09   2.34   3.87   1.14   1.71
199802   7.03   7.10   7.03   6.44   7.09   7.47
199803   3.70   3.42   4.43   2.69   4.84   6.00
199804   1.59   1.78   1.21   0.98   1.40   0.78
199805  -2.64  -2.60  -0.91  -2.15  -0.80  -0.13
199806  -1.46  -2.49  -2.03   3.61   0.94   0.68
199807  -3.38  -4.64  -4.18   0.17  -0.94  -1.36
199808 -17.05 -15.39 -13.20 -11.94 -14.39 -15.67
199809   2.40   0.99  -0.26   3.79   0.11  -0.26
199810   4.73   5.49   7.05   8.68   8.97   8.93
199811   5.67   4.35   4.41   6.14   4.89   4.78
199812   4.25   2.58   1.62   7.15   2.69   2.80
199901   3.54   0.56  -0.36   3.65   0.68  -0.44
199902  -2.86  -4.48  -3.26  -3.75  -1.56  -2.70
199903   3.15   1.35   4.32   4.52   3.47   3.83
199904   6.77   7.18   9.16   1.67   7.13   6.88
199905  -0.53   0.68   0.29  -3.05  -2.97  -2.62
199906   7.78   6.93   7.77   6.72   3.13   3.18
199907   1.97   1.97   2.34  -0.62  -0.10   0.85
199908   3.06   0.55   0.61   1.14  -1.05   0.21
199909   2.66   1.54   0.26   0.44  -1.22  -1.19
199910   2.51  -0.25  -1.62   7.21   4.01   3.34
199911  10.02   4.14  -0.09   6.83   2.24  -2.12
199912  10.02   6.33   1.87   8.56   7.78   3.77
200001   2.10  -1.37  -0.91  -5.38  -5.65  -6.14
200002  17.50  11.30   4.12   3.10   0.97  -3.68
200003  -8.17  -3.59   1.93   4.85   7.42   8.24
200004 -13.18  -8.35  -6.33  -5.68  -4.02  -2.23
200005  -5.42  -2.18  -0.08  -4.82  -0.38   0.96
200006   7.51   7.51   7.51   4.65   1.09   1.79
200007  -6.96  -3.77  -1.92  -5.46  -1.22   1.38
200008   4.22   4.52   4.28   6.07   3.91   3.31
200009  -7.52  -4.48  -1.90  -7.92  -2.57  -0.35
200010 -12.80  -6.11  -3.81  -5.02  -0.15  -0.54
200011 -16.41  -5.81  -0.63 -10.66  -4.46  -2.04
200012   0.28   4.55   4.91  -3.70   4.93   6.96
200101   6.86   3.94   2.65   3.79   1.29   0.28
200102 -11.36  -5.00   0.14 -14.74  -5.45  -2.62
200103 -12.00  -6.73  -4.16 -10.28  -6.28  -3.84
200104   7.42   7.24   6.99  11.46   6.58   5.46
200105   0.04   1.31   2.67  -2.59  -0.22   0.31
200106  -4.23   1.01   0.57  -3.94  -2.17  -1.48
200107  -8.43  -4.92  -2.46  -2.03  -1.96  -1.96
200108  -4.96  -1.95   0.39  -6.29  -2.89  -3.66
200109 -17.84 -14.41 -11.55  -8.00 -10.41 -10.36
200110   9.35   6.30   2.99   4.05   2.16   0.12
200111   6.45   5.95   3.52   7.18   4.13   6.46
200112   0.72   1.95   1.13  -0.19   1.29   2.08
200201  -4.43  -2.22   0.26  -3.05  -2.68  -3.81
200202  -3.97  -1.25   2.09  -1.68   0.72  -0.90
200203   5.59   6.60   5.97   3.68   5.87   4.38
200204  -2.07   1.87   4.16  -5.58  -0.65  -1.01
200205  -1.33   0.46   2.77  -1.13   1.45   1.36
200206  -5.54  -3.70  -1.60  -6.39  -4.50  -5.99
200207 -11.14 -10.27  -8.89  -7.13  -9.67  -9.06
200208  -1.77  -0.18  -0.39  -0.24   0.65   1.69
200209  -9.91  -7.95  -6.28  -9.96 -10.93 -11.50
200210   2.71   1.43  -0.50   8.64   5.55   4.56
200211   7.55   5.92   3.78   4.62   5.34   7.01
200212  -5.03  -2.29   0.12  -5.43  -3.59  -3.49
200301  -1.44  -1.14  -0.23  -3.15  -2.61  -2.67
200302  -3.43  -1.17   0.30  -1.74  -1.90  -2.16
200303  -0.01   0.03  -0.16   0.63  -0.90  -1.32
200304  10.49   8.89   7.56   8.13   9.45   9.51
200305  10.88   9.86   9.05   5.35   6.66   8.17
200306   4.00   3.10   4.68   1.39   2.29   2.25
200307   4.34   4.31   4.93   0.74   3.00   3.03
200308   4.93   4.59   6.41   2.12   2.39   3.24
200309   4.22   3.07   4.19   0.99   0.95   1.23
200310   6.89   6.93   7.32   3.59   7.01   8.14
200311   1.35   2.39   1.38   1.47   2.13   1.82
200312   4.01   4.05   4.88   5.56   5.80   6.60
200401   3.87   4.52   6.00   1.74   1.61   3.31
200402   1.54   2.38   2.19   1.58   2.28   2.31
200403   4.06   1.89   4.07  -1.19   0.24  -0.30
200404  -2.24  -2.84  -3.58  -0.88  -3.13  -2.87
200405  -1.21   0.18  -0.83   0.83   1.09   0.89
200406   4.07   4.08   5.22   1.87   2.11   2.76
200407  -6.28  -4.83  -3.73  -5.00  -2.31  -2.84
200408  -0.89  -0.16   0.72  -0.01   0.93   0.85
200409   3.79   4.00   2.90   1.21   2.59   3.05
200410   3.26   3.43   2.87   2.19   2.97   2.91
200411   7.43   7.84   7.65   4.40   5.36   6.71
200412   3.54   3.93   4.47   4.15   3.55   4.26
200501  -0.52  -0.23   1.07  -2.63  -1.78  -1.25
200502   2.84   3.28   4.45   2.22   3.85   3.41
200503  -3.56  -2.30  -0.82  -1.60  -2.25  -1.25
200504  -3.61  -3.77  -2.59  -1.64  -2.75  -2.60
200505   0.57   1.84   0.47   2.20   1.07   2.25
200506   2.84   3.46   3.48  -0.40   2.36   2.24
200507   4.65   5.11   4.38   3.95   3.32   3.92
200508   1.25   2.18   2.10   0.89   1.30   1.62
200509   1.37   2.59   2.42   1.67   2.93   2.52
200510  -2.88  -2.73  -1.78  -1.54  -3.17  -2.17
200511   3.77   3.40   2.76   3.16   3.50   2.67
200512   6.11   3.69   4.65   2.07   3.23   2.44
200601   6.69   8.02   7.45   3.52   4.87   5.58
200602  -2.02   0.18  -0.52  -0.80   0.29   0.41
200603   4.09   4.82   4.84   2.48   2.64   2.61
200604   3.20   3.96   3.68   2.15   3.38   4.29
200605  -7.10  -4.92  -5.09  -3.40  -3.76  -3.04
200606  -2.07  -1.33  -1.68   0.12  -0.12  -0.10
200607  -3.94  -2.17  -1.57  -1.31   1.16   1.31
200608   3.23   2.50   2.59   2.82   2.88   1.98
200609  -0.44  -0.44   0.15   1.21   0.86   1.61
200610   4.63   4.26   3.77   3.72   3.56   3.84
200611   2.71   3.24   2.92   2.16   2.96   2.75
200612   1.87   1.76   2.45   0.81   2.85   2.93
200701   1.88   1.97   2.61   1.79   0.82   1.33
200702   0.50   1.26   1.56  -0.63  -0.23  -0.13
200703   1.68   2.47   2.68   1.70   2.77   1.67
200704   2.75   3.66   3.52   4.20   4.42   4.05
200705   1.23   2.33   2.49   2.80   3.04   2.80
200706  -0.11   0.50   0.98  -0.25  -0.22  -1.21
200707  -2.09  -1.87  -1.42  -0.77  -2.03  -3.24
200708  -4.40  -3.23  -3.86   0.48  -0.46  -1.02
200709   4.04   2.52   2.18   5.96   4.58   4.56
200710   6.74   3.75   2.50   4.40   3.33   2.63
200711  -7.88  -7.89  -6.80  -2.83  -3.95  -5.23
200712  -2.83  -1.39  -1.88  -1.70  -0.82  -1.10
200801 -10.45  -8.88  -6.34  -8.45  -7.15  -7.23
200802   1.98   1.84   1.92   0.31   0.38  -1.25
200803  -2.83  -1.31  -1.05  -1.43  -1.11  -0.26
200804   2.22   3.49   1.89   5.51   5.42   5.00
200805   3.35   3.99   3.01   3.21   1.78   0.38
200806  -7.74  -6.81  -6.34  -6.44  -7.88 -10.04
200807  -3.92  -2.66  -1.81  -2.81  -3.52  -0.75
200808  -2.97  -2.37  -2.02  -1.50  -2.22  -2.16
200809 -14.27 -13.65 -11.48 -12.66 -12.45 -10.55
200810 -24.77 -22.58 -19.80 -17.50 -18.75 -22.41
200811  -7.73  -7.52  -6.68  -5.09  -5.98  -9.38
200812   6.22   5.92   6.85   3.74   4.72   4.00
200901  -5.35  -6.90  -8.44  -6.08  -9.09 -12.21
200902  -8.41  -8.68 -11.18  -7.92 -10.06 -13.48
200903   7.43   6.38   5.43   7.09   7.01   9.05
200904  14.77  14.11  11.96   8.11  11.47  16.48
200905  12.46  10.72  11.27   9.01  10.27  10.18
200906   3.36   1.76   1.86   0.75  -1.34  -0.95
200907   6.49   7.19   9.48   6.57   9.35  11.43
200908   3.41   4.70   7.13   1.48   4.11   6.94
200909   6.04   5.59   6.42   4.14   4.22   4.88
200910  -2.63  -2.39  -3.26  -0.64  -1.92  -4.38
200911   1.41   1.19   1.16   4.93   3.64   2.47
200912   1.99   2.67   2.92   1.37   2.15   2.04
201001  -1.93  -1.67  -1.05  -3.58  -4.18  -4.60
201002   1.04   1.09   1.77   1.56   1.05   1.13
201003   5.02   5.99   7.80   4.94   6.26   8.30
201004   3.19   3.25   4.93  -0.35   0.70  -0.43
201005  -8.60  -9.11 -11.06  -8.55  -9.53 -11.06
201006  -2.15  -2.41  -4.43  -1.65  -3.58  -4.76
201007   6.93   7.25   6.91   7.56   8.06  10.18
201008  -3.67  -4.40  -4.73  -3.04  -3.21  -5.83
201009  12.52  11.64   9.76  10.29   9.26   9.83
201010   4.32   4.11   2.98   4.40   3.97   3.26
201011  -1.10  -0.27  -0.24  -1.55  -2.32  -3.91
201012   9.33   9.85   9.80   6.09   7.55   9.19
201101  -0.05   0.81   1.89   0.75   2.37   4.48
201102   3.33   3.73   3.71   2.93   3.96   3.45
201103   0.71   0.78  -0.29   0.06  -0.74  -2.10
201104   4.55   3.85   2.65   5.01   4.93   3.29
201105  -2.62  -2.15  -3.09  -0.84  -2.49  -3.01
201106  -2.46  -2.27  -1.02  -1.24  -1.54  -1.68
201107  -0.53  -0.72  -0.62   0.22  -1.68  -4.07
201108  -7.91  -8.52  -7.84  -5.70  -7.38  -9.37
201109 -11.05 -11.55  -8.62  -8.80  -8.85  -9.74
201110   9.69   8.81   5.69   9.99  10.42  10.25
201111  -3.80  -4.12  -3.13  -1.90  -1.91  -4.07
201112  -2.07  -0.79   0.22  -1.13  -0.25   0.22
201201   8.07   7.98   6.81   5.97   4.75   5.67
201202   4.44   4.46   3.78   5.25   4.52   5.32
201203   0.34   0.98   1.53   2.37   0.44   1.11
201204  -0.70  -1.05  -1.34  -0.17  -0.64  -2.96
201205  -9.79  -9.80  -8.46  -8.14  -9.00  -9.35
201206   4.10   3.13   3.81   3.71   4.89   6.87
201207  -0.99  -0.17  -1.13   1.40   1.70  -0.52
201208   2.58   2.89   2.63   2.65   2.36   3.88
201209   4.27   4.04   4.40   2.30   2.58   4.55
201210  -1.63  -0.54  -0.52  -1.82  -0.34   1.74
201211  -0.16   0.16   0.77   2.08   0.89   1.34
201212   2.28   3.53   5.17   0.55   2.02   4.67
201301   5.14   5.60   6.35   4.19   5.41   6.95
201302   0.27   0.17   0.40   0.56   0.42  -1.12
201303   3.81   2.60   2.31   2.97   2.48   0.70
201304   2.54   1.29   2.59   2.69   2.75   4.42
201305   0.29   0.44  -0.23   0.17  -0.22   2.48
201306  -2.55  -2.13  -2.52  -2.85  -2.09  -2.92
201307   6.02   5.76   5.70   5.52   4.89   6.75
201308  -0.37  -0.83  -0.96  -1.31  -2.26  -2.17
201309   8.05   7.17   7.29   5.63   5.10   5.20
201310   0.43   2.48   3.44   3.34   3.93   4.27
201311   1.91   1.63   1.41   1.78   1.78   2.03
201312   2.02   2.18   1.75   2.51   1.97   2.16
201401  -0.09  -1.12  -0.97  -4.00  -3.30  -3.50
201402   3.70   4.11   4.52   5.52   4.93   4.95
201403  -2.27   0.40   1.10  -1.15   0.55   1.19
201404  -3.31  -1.57  -0.93   0.66   1.00   0.79
201405   0.68   0.90   0.69   2.41   1.73   1.37
201406   4.37   4.02   3.63   1.59   1.97   1.86
201407  -3.18  -3.49  -2.47  -1.97  -1.71  -2.25
201408   1.62   1.61   1.03   2.43   1.96   1.53
201409  -5.53  -5.10  -6.02  -2.30  -2.75  -3.39
201410   1.12   0.25  -1.66   1.55   0.64  -1.35
201411   0.36  -0.58  -1.34   2.55   2.44   0.18
201412  -0.05   0.29  -0.09  -1.61  -1.70  -1.52
201501  -1.18  -2.34  -1.98   0.16  -1.79  -3.89
201502   6.17   5.93   4.75   5.55   6.02   6.27
201503   0.47   0.15  -0.19  -0.66  -1.54  -1.62
201504   2.95   2.94   4.84   1.49   2.52   4.12
201505   2.10   1.98   0.71   0.89   0.23  -0.01
201506   0.35  -0.20  -0.68  -1.99  -2.56  -2.26
201507  -0.61  -0.75  -3.73   3.03   1.49  -0.36
201508  -6.86  -4.34  -4.33  -6.38  -6.25  -6.35
201509  -4.23  -4.14  -4.08  -3.11  -3.51  -5.30
201510   4.19   5.94   5.24   7.50   7.96   7.11
201511   3.35   0.53   0.00   0.00  -0.64  -0.64
201512   0.03  -0.66  -1.97  -1.30  -1.64  -2.70
201601 -10.53  -7.55  -7.24  -6.17  -4.88  -7.94
201602  -0.51   0.63   0.27  -0.36  -0.17  -1.56
201603   8.36   8.05   8.09   6.33   6.79   7.43
201604   2.62   2.26   4.63   0.55   1.09   4.50
201605   1.60   0.35  -0.73   1.09   0.88  -0.80
201606  -2.72  -2.61  -1.50  -0.75  -1.20  -3.42
201607   4.96   5.79   6.22   4.64   4.20   4.31
201608  -0.01   0.79   1.34  -0.91  -0.01   2.12
201609   4.13   2.35   2.52   0.94   1.00   0.09
201610  -4.62  -3.51  -0.81  -3.30  -2.31   1.07
201611  -0.31   2.16   3.47  -0.75   1.08   4.24
201612   0.26   2.17   3.34   1.48   1.80   3.94
201701   3.40   2.78   3.20   3.32   2.41   2.44
201702   2.28   1.37   1.36   3.56   2.25   0.99
201703   2.56   2.13   0.63   2.39   1.33   0.71
201704   2.30   2.89   1.36   2.40   2.49   0.56
201705   2.68   2.19   0.51   3.65   2.36   0.65
201706   2.19   2.03   2.65  -0.75   0.37   2.25
201707   2.08   2.70   3.10   2.31   2.41   3.33
201708   0.54  -0.39   0.05   1.44  -0.08  -0.74
201709   2.78   4.06   4.02   1.33   2.34   3.37
201710   1.44   0.96   1.07   3.12   1.27   1.67
201711   1.06   1.60   1.37   2.34   2.03   1.78
201712   2.76   1.85   2.17   0.84   1.58   1.66
201801   5.59   3.97   3.62   6.14   4.91   5.26
201802  -2.28  -3.25  -3.88  -2.57  -4.76  -4.55
201803  -0.33  -0.36  -0.98  -1.73  -1.71  -1.92
201804  -0.39   0.84   1.60   0.57   0.99   2.13
201805   4.08   1.90   0.44   2.81   0.55  -2.59
201806  -0.89  -1.01  -1.55   0.36   0.01  -1.75
201807  -0.77   1.11   0.89   2.54   3.01   3.27
201808   1.58   0.54  -0.78   4.43   0.03  -1.59
201809  -0.71  -1.32  -0.65   0.23   0.77   0.77
201810 -11.61 -10.17  -8.97  -9.18  -7.06  -6.92
201811   1.90   0.29  -0.48   0.80   1.68   0.75
201812  -9.17  -8.41  -7.62  -7.41  -6.92  -7.84
201901   8.10   7.71   7.03   8.19   7.09   7.83
201902   3.90   3.15   2.52   4.36   2.99   1.56
201903   0.74  -1.45  -1.90   2.91   1.00  -1.00
201904   2.54   2.96   2.17   4.23   3.08   4.09
201905  -4.07  -5.78  -5.99  -5.57  -5.22  -7.06
201906   4.00   4.81   4.58   7.00   6.23   6.09
201907  -1.44  -0.74  -0.76   0.93   0.44  -1.08
201908  -3.17  -4.01  -4.56  -0.68  -2.17  -4.68
201909   0.04   2.40   3.63   0.40   1.95   5.13
201910   3.60   3.70   3.24   3.24   2.31   2.53
201911   5.04   2.40   1.93   3.57   2.66   2.20
201912   3.73   4.65   4.79   3.24   2.66   3.45
202001  -2.28  -3.23  -4.90   1.46  -0.72  -4.66
202002  -9.87  -9.54  -9.91  -7.61  -8.28  -9.70
202003 -15.28 -17.34 -20.05  -8.13 -12.83 -21.78
202004  15.61  11.49  10.11  12.10   9.74   8.35
202005  10.37   6.93   4.39   6.47   5.00   2.26
202006   3.28   2.69   2.32   4.65   0.96   2.12



  Average Equal Weighted Returns -- Monthly
               Small                 Big
          Low     2    High    Low     2    High
199007   2.09   1.62   1.36   2.38   2.35   2.43
199008 -10.44 -10.15  -7.73 -11.36 -11.68 -11.73
199009 -10.20  -9.29  -7.82 -12.24 -12.12 -13.11
199010   2.11   1.23  -2.64  11.48  10.56   9.57
199011  -0.83  -0.39  -0.37  -3.52  -3.24  -3.46
199012   0.34   0.37  -0.15   1.32   1.13   0.71
199101   1.89   1.55   3.55   1.87   1.86   2.32
199102  13.44  11.93  10.73  13.15  12.47  13.59
199103   2.46   1.52   2.99  -1.81  -2.24  -1.66
199104   1.03   1.14   1.69   0.12   0.48   0.90
199105   0.70  -0.29   0.17   0.65   0.93   1.37
199106  -5.25  -4.80  -3.24  -6.12  -5.86  -5.23
199107   2.69   2.91   3.47   3.13   3.14   3.91
199108  -0.34   0.75   0.71  -1.50  -1.51  -1.08
199109   4.43   4.98   3.46   4.76   4.36   3.82
199110   1.76   1.15   1.37   1.84   0.89   0.78
199111  -1.47  -2.47  -1.58  -4.89  -5.12  -5.19
199112   4.41   3.89   2.10   7.45   5.56   5.12
199201   2.75   1.82   6.94  -1.80  -0.81   1.40
199202   0.85   0.60   3.56  -1.65  -1.26  -0.43
199203  -5.65  -3.49  -1.55  -6.03  -4.96  -4.97
199204  -2.67   0.21   0.43  -2.71  -0.51   0.71
199205   5.10   5.04   4.75   5.69   5.93   5.13
199206  -3.64  -2.69  -2.29  -4.46  -4.01  -3.48
199207  -1.71  -1.96  -1.24  -1.40  -1.67  -3.14
199208  -1.29  -0.54  -1.48   3.24   2.47   1.30
199209  -1.02  -1.97  -2.43  -1.28  -1.61  -2.99
199210  -3.43  -4.10  -3.23  -2.44  -3.50  -1.53
199211   2.74   1.30   1.65   2.88   1.13   0.90
199212   2.99   3.15   3.37   0.65   1.59   1.40
199301   3.59   3.48   5.91   0.47   1.52   2.35
199302   0.54   2.04   3.52   0.22   3.10   3.09
199303   6.72   7.08   7.94   6.96   7.05   8.12
199304   4.93   4.99   5.59   3.29   5.61   7.44
199305   7.07   6.09   6.08   4.25   3.05   3.65
199306  -2.82  -2.15  -0.80  -3.18  -2.32  -1.97
199307   1.60   1.46   3.92   1.48   2.53   3.19
199308   4.84   5.91   6.92   5.01   4.99   5.65
199309  -0.73   0.20   1.08  -0.77  -1.01  -2.15
199310   2.64   2.41   2.96   0.59   0.19   0.18
199311  -4.32  -2.53  -1.96  -5.82  -6.22  -7.15
199312   4.24   5.42   5.18   3.86   5.27   6.71
199401   8.77   8.99  11.93   7.48   8.25  10.93
199402  -0.24   1.27   2.04  -0.32   0.00  -0.18
199403  -4.24  -2.70  -1.39  -2.89  -2.40  -0.91
199404   0.75   1.87   2.89   1.63   2.77   3.65
199405  -1.30  -1.23   0.36  -0.78  -0.73  -0.30
199406  -2.10  -1.02  -0.22  -0.27   0.92   1.02
199407   0.78   1.09   1.69   1.68   2.14   1.81
199408   2.65   2.11   1.94   3.16   2.33   1.43
199409  -0.03   0.11   0.77  -2.00  -2.71  -2.36
199410   0.06   0.23   0.65   1.73   1.90   1.10
199411  -5.75  -4.79  -4.52  -5.41  -5.04  -5.46
199412  -0.62  -0.07   0.22   1.32   1.28   1.56
199501  -0.90  -0.38   0.33  -2.57  -1.88  -1.57
199502   1.22   1.60   1.60   1.04   0.83   0.44
199503   2.22   2.43   1.82   4.85   3.91   2.50
199504   1.81   2.26   2.34   1.93   3.04   3.32
199505   0.67   0.54   1.26  -0.43  -0.68  -0.24
199506   2.20   2.30   1.84   1.19  -0.14  -0.37
199507   6.19   5.02   4.24   5.83   5.51   4.13
199508   2.20   1.86   1.28  -0.76  -1.13  -1.53
199509   1.54   1.47   2.07   1.61   0.99   0.64
199510  -2.87  -2.92  -2.33  -1.95  -2.44  -2.39
199511   0.94   0.44   0.32   2.52   2.53   2.22
199512   2.36   2.37   2.00   1.78   2.65   3.13
199601   2.85   2.64   3.18   1.21   1.67   2.19
199602   3.85   3.00   3.56   2.67   1.67   1.39
199603   1.78   2.07   2.55   1.66   2.15   1.40
199604   6.35   5.50   4.65   4.05   4.86   3.59
199605   4.52   4.02   4.50   0.68  -0.11   0.55
199606  -3.40  -2.48  -1.11  -1.44  -0.60  -0.04
199607  -7.98  -4.93  -2.94  -5.98  -4.17  -3.81
199608   3.53   3.38   2.62   2.48   1.80   1.64
199609   1.05   0.74   1.42   3.31   2.58   1.85
199610  -1.69  -0.09   1.40  -1.65  -0.87   0.18
199611   1.14   2.59   3.52   2.40   3.48   4.11
199612  -1.92  -0.45   0.38  -2.22  -1.43  -0.86
199701   0.81   1.62   2.04  -1.84  -0.79  -0.21
199702   0.12   0.85   1.96  -0.90   0.28   1.37
199703  -5.58  -3.04  -1.12  -3.64  -2.13  -2.05
199704  -3.89  -2.54  -1.65  -0.06   0.75   0.25
199705   8.80   8.40   6.93  11.25   8.47   7.74
199706   0.16   1.88   2.64   2.91   3.57   3.54
199707  -1.52  -0.10   0.43   2.91   2.61   2.60
199708   0.62   0.53   0.52  -3.76  -2.87  -3.57
199709   3.07   4.01   3.59   4.29   4.16   4.20
199710  -4.07  -4.59  -2.56  -5.34  -4.52  -3.58
199711  -6.75  -5.37  -4.61  -2.03  -2.02  -2.68
199712  -4.43  -4.47  -3.04  -1.60  -1.76  -0.14
199801   6.04   2.73   4.05   3.37   3.08   4.63
199802   6.68   7.53   7.25   7.55   7.73   8.92
199803   2.29   2.61   3.17   2.94   3.23   4.69
199804   1.47   2.01   1.87   0.67   0.79  -0.23
199805  -3.04  -2.78  -1.31  -2.98  -2.23  -1.58
199806  -4.02  -4.33  -3.40  -0.86  -1.71  -1.64
199807  -3.15  -3.66  -2.95  -1.69  -2.15  -3.01
199808 -16.66 -14.99 -12.49 -14.34 -14.31 -13.79
199809   1.90   1.31   0.63   2.73   1.54   0.82
199810   4.07   4.94   6.36   8.86   9.25   8.03
199811   6.09   4.88   5.18   5.61   3.31   4.36
199812   2.02   0.80   0.51   5.44   3.27   1.87
199901   5.53   3.32   2.32   1.88  -1.07  -1.56
199902  -2.11  -3.01  -1.33  -3.34  -3.05  -3.08
199903   1.32   1.34   3.33   3.40   4.02   4.32
199904   7.98   9.00  11.10   5.34   7.92   8.08
199905   2.42   2.52   2.85   0.14  -1.40  -0.92
199906   4.36   5.65   6.73   5.33   2.93   3.26
199907   3.27   3.71   4.03   0.99   0.62   1.49
199908   1.74   0.72   0.35   1.33  -1.29  -0.32
199909   2.16   1.61   1.07   1.18  -0.79  -1.67
199910   0.38  -0.43  -1.22   4.30   1.01   0.84
199911  11.01   6.05   2.11   6.81   1.01  -1.89
199912  10.56   7.59   3.76   8.70   4.96   3.50
200001   8.23   4.76   4.66  -3.57  -4.78  -5.30
200002  13.46   8.73   5.27   5.39  -1.63  -4.10
200003  -0.89   0.98   3.68   4.52   8.74   9.23
200004 -12.53  -9.05  -7.81  -5.14  -2.03  -1.29
200005  -5.16  -2.54  -0.99  -2.27   1.96   2.52
200006   6.14   6.52   5.97   5.48   1.57   2.22
200007  -5.61  -2.74  -0.93  -4.66  -2.53  -0.31
200008   2.65   2.97   2.58   8.15   5.07   3.97
200009  -7.01  -4.83  -2.66  -6.68  -2.48  -0.83
200010 -13.70  -7.87  -5.52  -8.48  -1.37  -0.69
200011 -14.48  -6.95  -2.10 -15.35  -3.82   0.85
200012  -2.82  -0.32   1.68  -0.02   5.34   7.28
200101  15.46  12.36   7.51  10.38   4.01   0.93
200102  -9.80  -6.09  -0.52 -16.43  -5.01   0.32
200103 -13.16  -9.15  -5.20 -14.65  -6.80  -5.02
200104   7.65   6.90   6.53  15.97   8.53   6.69
200105  -1.12   1.85   3.83  -1.27   0.34   0.99
200106  -6.81  -1.65   0.09  -4.43  -1.75  -1.85
200107  -6.95  -4.78  -2.39  -4.22  -2.31  -1.09
200108  -4.30  -2.04   0.17  -5.54  -2.21  -1.41
200109 -17.83 -15.18 -11.58 -13.86 -11.69 -12.47
200110  11.56   8.44   4.79  10.48   5.06   2.87
200111   7.96   7.35   4.78   9.12   5.67   6.34
200112   0.27   0.51   0.38   0.54   1.72   1.84
200201  -2.02  -0.83   2.38  -4.59  -2.37  -0.81
200202  -2.96  -1.99   1.33  -2.90   0.92   1.37
200203   4.07   5.71   6.03   7.04   6.86   5.18
200204  -2.73  -0.05   3.57  -3.68   0.95   1.14
200205  -1.26   0.60   4.28  -0.93   1.34   1.87
200206  -7.01  -4.77  -2.23  -8.19  -5.77  -4.89
200207  -9.98  -9.47  -7.23  -9.51  -9.26  -9.03
200208  -1.75  -0.78   0.12  -0.27   0.55   0.73
200209 -11.04  -9.81  -7.12 -10.11  -9.17 -10.10
200210   2.86   2.60   0.44   6.60   3.99   2.89
200211   8.35   6.58   4.54   8.09   6.59   7.25
200212  -3.35  -2.18   1.08  -5.31  -2.67  -1.71
200301   0.45   0.13   2.45  -2.28  -1.84  -1.55
200302  -3.75  -2.41   0.16  -2.89  -1.69  -2.12
200303  -1.52  -1.19  -1.02  -0.11  -0.20  -0.57
200304  10.93  10.04   7.57   9.53   9.82  11.41
200305  13.62  12.14  11.33   9.50   8.46   8.81
200306   6.03   5.76   6.68   2.60   2.62   3.30
200307   3.99   4.88   6.06   3.49   2.18   3.71
200308   6.70   6.29   7.85   4.07   4.04   5.40
200309   8.02   6.37   7.78   2.32   2.10   3.06
200310   6.81   7.16   6.94   6.22   6.27   7.93
200311   2.95   2.78   1.79   1.73   2.21   2.41
200312   4.10   4.29   5.03   4.02   5.30   6.15
200401   6.98   6.12   8.68   2.49   2.10   3.75
200402   2.11   3.24   3.06   2.17   2.33   2.77
200403   1.01   0.76   3.82   0.90   1.65   1.75
200404  -3.20  -3.08  -3.09  -2.19  -2.87  -3.41
200405  -1.89  -1.22  -1.54   1.18   1.04   1.04
200406   1.25   2.15   3.45   2.24   3.28   3.62
200407  -4.74  -2.68  -2.37  -6.15  -3.91  -2.97
200408  -0.89  -0.42   0.26  -0.23   0.70   0.66
200409   3.85   3.80   2.87   2.81   3.44   3.01
200410   3.37   3.69   3.80   3.33   3.33   2.58
200411   8.30   7.96   7.82   6.12   6.62   7.36
200412   3.06   3.60   4.58   4.67   4.15   4.27
200501   0.78   0.93   2.25  -1.85  -1.15  -0.52
200502   3.62   3.68   5.02   2.10   3.47   3.83
200503  -3.72  -2.39  -0.75  -2.18  -1.20  -1.30
200504  -4.01  -3.76  -2.33  -3.44  -3.21  -2.96
200505  -1.18  -0.44  -1.28   2.24   2.07   2.39
200506   1.74   2.65   2.53   1.30   2.33   2.72
200507   4.15   4.83   4.53   4.02   4.40   4.04
200508   2.10   2.92   3.05   1.55   2.14   2.02
200509   0.90   2.52   2.30   1.84   3.09   2.52
200510  -3.42  -2.85  -2.14  -2.62  -3.01  -3.26
200511   1.60   2.07   1.66   4.26   3.57   2.97
200512   4.52   3.60   4.57   4.02   3.88   3.48
200601   8.07   8.21   7.84   5.45   6.01   6.03
200602  -1.02   0.61   0.97  -0.64   0.02   0.89
200603   4.10   4.38   4.15   3.46   3.36   3.30
200604   4.99   4.70   5.48   2.80   3.28   3.70
200605  -6.94  -4.72  -3.78  -4.77  -3.89  -3.46
200606  -2.89  -1.97  -2.07  -0.93  -0.41  -0.23
200607  -2.78  -0.93  -0.71  -2.51  -1.03   0.15
200608   3.47   2.43   2.36   2.79   3.20   2.68
200609  -1.34  -0.70  -0.02   1.03   0.99   1.27
200610   4.09   4.32   3.53   4.29   4.00   3.58
200611   3.02   3.46   3.70   3.35   3.29   3.57
200612   1.72   2.57   2.42   1.05   2.13   2.74
200701   3.98   2.99   4.36   2.29   1.98   1.87
200702   0.51   1.57   2.96   0.84   0.95   0.88
200703   1.57   2.42   3.16   2.18   2.96   2.35
200704   2.95   4.39   5.05   3.37   3.75   3.76
200705   0.54   2.49   3.68   2.85   2.87   2.13
200706   1.07   1.92   3.52  -0.52  -0.45  -1.46
200707  -0.92   0.08   1.11  -1.08  -1.57  -3.00
200708  -6.96  -5.74  -5.73  -0.95  -1.24  -2.10
200709   3.71   3.89   2.75   5.05   3.98   3.15
200710   5.94   3.79   2.41   4.21   3.86   2.20
200711  -7.96  -7.82  -6.37  -4.74  -5.29  -6.13
200712  -3.61  -1.94  -2.50  -1.92  -1.42  -2.17
200801  -9.41  -8.15  -6.17  -8.35  -6.52  -5.97
200802   2.99   2.41   2.92   1.29   1.28   0.17
200803  -5.04  -3.97  -2.92  -2.00  -0.83  -1.08
200804   2.13   3.12   1.63   5.42   4.88   4.66
200805   4.32   4.01   3.00   3.08   2.72   1.80
200806  -8.39  -7.36  -5.57  -8.71  -9.07 -10.52
200807  -4.74  -4.50  -3.98  -3.34  -3.45  -2.50
200808  -6.31  -5.81  -5.22  -2.30  -1.54  -1.07
200809 -15.25 -15.20 -12.65 -15.31 -14.42 -12.54
200810 -26.58 -25.64 -22.12 -23.40 -22.95 -23.38
200811  -8.35  -8.15  -7.08  -7.04  -7.53  -7.20
200812   5.37   6.02   5.22   5.99   6.53   7.52
200901  -2.15  -3.41  -3.00  -6.17  -6.60  -9.38
200902  -6.14  -5.96  -8.21  -7.05  -9.89 -13.01
200903  10.81   8.83   7.21   8.97   9.55  11.72
200904  18.40  18.65  17.33  16.43  18.60  21.72
200905  19.83  18.88  17.66  12.57  12.00  13.01
200906   2.82   2.72   2.82   0.93  -0.37  -0.39
200907   5.70   6.96   8.45   6.79   8.72  10.47
200908   4.75   6.03   8.35   3.10   4.16   6.89
200909   7.64   6.09   7.39   5.41   4.78   5.74
200910  -1.14  -0.57  -0.24  -2.48  -2.21  -3.65
200911   0.98   0.90   0.63   3.71   2.95   1.97
200912  -0.02   0.51   1.09   2.49   2.74   3.13
201001  -0.65  -0.14   1.26  -2.48  -2.95  -2.52
201002  -0.54   0.19   0.27   1.63   1.67   1.51
201003   3.34   5.06   6.60   5.66   6.92   7.98
201004   4.02   3.50   5.87   0.87   1.63   1.43
201005 -10.59  -9.90 -11.09  -8.21  -8.90 -10.95
201006  -2.85  -1.60  -2.95  -1.42  -2.75  -5.03
201007   7.44   8.42   7.30   7.60   8.13   9.35
201008  -3.36  -3.49  -3.12  -3.08  -3.71  -4.86
201009  12.47  12.53   9.85  10.93  11.08  10.57
201010   3.96   5.24   3.78   3.69   4.18   3.59
201011  -1.28  -1.13  -0.49  -0.41  -0.77  -2.53
201012  10.27   9.95   9.44   7.34   8.63   9.28
201101   2.18   2.80   4.04   1.04   1.74   3.10
201102   2.73   3.46   3.61   3.44   3.74   3.38
201103  -0.29  -0.08  -0.23   0.53   0.67  -0.99
201104   4.06   4.52   3.68   4.66   4.21   3.87
201105  -2.86  -2.78  -3.33  -1.09  -2.04  -2.57
201106  -4.34  -3.03  -1.92  -1.22  -1.65  -2.06
201107   0.96   1.36   1.33  -1.51  -1.98  -3.57
201108  -7.97  -8.00  -7.31  -6.45  -7.74  -8.85
201109 -12.02 -12.10  -9.53 -10.34 -10.94 -10.32
201110   8.18   8.20   5.57  11.37  11.71   9.97
201111  -5.65  -5.59  -3.78  -2.26  -2.94  -4.54
201112  -1.37  -1.29  -0.51  -2.00  -1.22  -0.43
201201   8.85   9.44   8.76   8.35   6.84   7.93
201202   5.63   5.95   5.95   6.12   5.05   5.46
201203  -0.64   0.28   0.93   1.07   0.46   0.09
201204  -1.95  -0.94  -0.76  -0.29  -0.86  -2.73
201205 -11.42 -10.96  -9.30  -9.61 -10.52 -10.76
201206   1.63   1.62   2.95   3.46   4.03   5.95
201207  -1.12  -0.19  -0.26   0.39   0.83  -0.68
201208   2.06   3.35   2.56   3.22   2.83   3.63
201209   3.71   3.81   4.28   2.71   2.68   4.16
201210  -0.30   0.12  -0.21  -0.62   0.22   1.01
201211  -1.08  -0.77  -0.07   1.88   1.24   1.16
201212   2.05   2.78   4.39   1.86   2.83   4.78
201301   6.58   6.52   8.02   4.93   5.07   7.09
201302  -1.39  -1.28  -0.35   0.84   0.69  -0.10
201303   1.59   0.92   1.26   2.94   2.58   1.81
201304   0.47  -0.19   0.80   2.19   2.36   3.92
201305  -1.48  -1.50  -0.97   0.56   0.77   0.88
201306  -4.55  -3.95  -3.56  -2.10  -2.62  -2.65
201307   6.67   6.57   6.09   6.21   5.65   6.07
201308   1.04   1.24   1.61  -1.14  -1.91  -1.80
201309   8.59   7.33   7.50   6.31   6.35   5.97
201310   2.15   2.49   3.32   2.39   3.13   4.30
201311   1.39   0.68   0.64   1.26   1.48   1.46
201312   1.80   1.44   1.42   2.43   2.20   2.07
201401   2.48   1.73   2.29  -2.99  -2.65  -2.86
201402   3.46   3.68   3.72   5.62   5.25   5.20
201403  -0.92   0.44   0.74  -0.87   0.09   1.18
201404  -2.63  -0.99  -0.79  -0.99   0.51   0.34
201405   0.45   0.49   0.37   2.00   1.78   1.45
201406   3.83   3.52   3.30   2.52   2.68   2.57
201407  -1.60  -1.10   1.07  -2.45  -3.03  -2.98
201408   0.91   0.78   1.03   2.50   1.58   1.62
201409  -5.33  -4.95  -4.92  -3.48  -4.21  -4.63
201410  -2.39  -1.89  -3.57   1.82  -0.03  -1.12
201411  -0.55  -1.27  -1.59   1.92   1.19   0.43
201412  -2.53  -1.50  -2.31  -0.70  -1.42  -1.69
201501  -1.74  -2.23  -2.39  -0.55  -1.86  -2.40
201502   4.56   5.16   4.11   6.57   6.72   7.07
201503  -0.92  -1.49  -0.37  -0.33  -0.83  -1.52
201504   6.89   6.61   7.57   1.92   3.28   4.40
201505   2.19   1.81   1.05   0.86   0.17  -0.53
201506   0.77  -0.60  -0.41  -1.75  -2.29  -2.51
201507  -1.05  -1.32  -3.34   1.99   0.00  -1.50
201508  -6.92  -4.11  -4.21  -6.21  -5.28  -5.35
201509  -2.69  -2.95  -2.62  -4.25  -4.46  -5.32
201510   5.07   5.23   4.95   6.46   7.37   7.10
201511   0.96  -0.06  -1.48   0.87  -0.21  -1.25
201512   0.67   0.02  -1.00  -1.22  -2.22  -3.86
201601  -8.17  -7.47  -6.22  -8.37  -6.25  -8.25
201602   0.44   0.87   1.88   0.71   1.10  -0.29
201603   9.80   8.45   9.10   7.07   8.18  10.36
201604   4.68   3.88   6.61   1.60   2.20   5.44
201605  -0.65  -0.75  -1.46   1.02   0.22  -1.30
201606  -2.39  -2.84  -0.43  -1.83  -2.81  -4.06
201607   3.98   5.31   5.79   5.11   5.24   5.17
201608   1.21   1.31   1.57  -0.84   0.59   1.20
201609   5.09   3.32   3.32   1.08   1.56   1.23
201610  -2.67  -2.75  -0.39  -3.87  -2.50  -0.21
201611  -1.52  -0.24   0.89  -0.56   1.11   3.28
201612   0.06   1.21   2.47   0.96   1.91   3.08
201701   5.84   5.24   6.85   3.61   3.18   3.46
201702   1.92   1.33   2.32   2.58   1.78   0.65
201703   1.90   2.03   1.62   2.31   1.69   1.27
201704   0.01   1.36   0.97   3.19   2.86   0.92
201705   1.50   2.10   1.55   3.74   1.98   0.64
201706   2.30   2.33   2.14   0.45   1.22   1.58
201707   3.44   3.35   4.23   1.99   2.45   3.33
201708  -0.01   0.18   0.96   1.42  -0.13  -0.67
201709   3.00   3.45   3.42   2.16   2.78   3.07
201710   1.99   1.35   1.53   1.96   1.67   1.10
201711   2.11   2.06   2.49   2.80   1.94   1.57
201712   3.49   2.84   3.21   1.49   1.88   1.84
201801   7.14   5.66   6.10   5.26   4.60   4.38
201802  -3.86  -3.20  -3.44  -2.88  -4.22  -4.25
201803  -1.18  -1.00  -0.83  -0.65  -0.82  -0.76
201804  -1.91  -0.36   0.12   0.34   0.78   1.77
201805   1.09   0.71  -0.10   1.85   0.44  -1.73
201806  -3.16  -2.04  -2.39   0.13  -0.42  -1.58
201807  -0.22   0.32   0.34   1.57   1.70   2.38
201808  -0.13  -0.59  -1.11   3.03   0.17  -0.99
201809  -0.01  -0.72  -0.39  -0.62   0.19   0.52
201810 -10.32  -9.73  -7.89 -10.44  -8.73  -7.89
201811   0.57  -0.74  -0.83   1.28   0.81   0.43
201812  -8.85  -8.09  -6.32  -7.55  -7.38  -7.95
201901   8.19   7.56   6.83   9.96   8.84   9.02
201902   2.06   1.65   1.97   4.77   3.10   1.71
201903   0.46   0.12  -1.01   1.03   0.08  -1.28
201904   1.49   2.03   1.79   3.78   3.79   3.41
201905  -3.10  -4.69  -4.29  -5.63  -6.28  -7.36
201906   2.60   3.11   3.08   6.54   6.78   5.72
201907  -0.31  -0.31   0.06   1.20  -0.41  -1.14
201908  -3.69  -3.64  -3.59  -2.14  -2.72  -4.87
201909   1.41   1.85   2.55   0.02   2.76   4.80
201910   1.67   2.64   2.46   3.40   2.48   2.83
201911   2.59   1.11   1.07   4.16   2.64   2.19
201912   4.48   5.12   5.54   2.46   3.06   4.00
202001  -1.00  -1.02  -1.68  -0.59  -1.82  -3.94
202002 -11.09  -9.77  -8.84  -8.31  -8.79  -9.53
202003 -16.74 -17.42 -18.22 -11.47 -16.88 -23.51
202004  19.88  16.37  14.24  13.16  11.32  12.56
202005  10.45   8.06   6.30   9.52   6.03   2.90
202006   5.74   5.19   5.43   2.29   1.84   3.12



  Average Value Weighted Returns -- Annual
           Small                 Big
       Low    2      High   Low    2      High
1991  23.12  18.92  19.62  23.37  14.95  14.84
1992  -9.77  -4.62   1.23  -7.03  -6.37  -4.33
1993  23.53  29.12  40.85  11.91  24.39  30.00
1994   0.99   5.63  10.37   4.09   6.14   9.09
1995  18.88  16.30  14.30  20.90  18.40  16.66
1996   5.82  11.81  14.69   9.24  14.41  16.01
1997  -8.09  -1.30   2.89  14.26  16.29  16.15
1998   4.70  -0.41   5.90  31.54  14.88  14.28
1999  58.98  29.17  22.62  37.68  23.02  13.22
2000 -36.25  -9.39   6.47 -27.50  -0.97   6.93
2001 -28.08  -7.40   1.63 -22.17 -14.17  -9.84
2002 -27.03 -12.21   0.46 -22.58 -13.28 -17.06
2003  55.91  54.40  62.84  27.52  39.18  43.84
2004  22.14  26.54  30.90  11.08  18.38  22.68
2005  12.98  17.28  22.26   8.39  11.81  14.36
2006  10.43  20.98  19.99  14.05  23.49  26.70
2007   0.66   3.50   4.06  15.83  11.42   4.72
2008 -49.03 -42.84 -36.76 -37.37 -39.81 -44.98
2009  46.10  39.75  36.76  30.87  30.74  31.58
2010  25.53  25.97  22.09  15.51  12.80   8.80
2011 -13.02 -12.99 -10.91  -1.87  -4.56 -13.29
2012  12.35  15.54  17.84  16.51  14.22  23.33
2013  30.70  29.25  30.65  27.88  26.55  32.11
2014  -3.01  -0.67  -2.90   5.43   5.57  -0.46
2015   6.18   4.51  -2.04   4.51  -0.57  -6.41
2016   1.91  10.41  20.36   2.23   8.07  13.78
2017  29.39  26.92  23.65  29.15  22.80  20.28
2018 -13.48 -15.59 -17.53  -4.07  -8.91 -14.77
2019  24.75  20.70  17.04  35.95  24.89  19.55



  Average Equal Weighted Returns -- Annual
           Small                 Big
       Low    2      High   Low    2      High
1991  27.71  23.59  27.80  18.60  14.52  18.74
1992  -5.43  -3.01   8.19  -9.51  -7.44  -5.98
1993  31.36  39.62  56.82  16.82  25.56  31.87
1994  -1.95   5.38  16.74   4.86   8.38  12.13
1995  18.77  18.16  17.97  15.75  13.66  10.50
1996   9.60  16.68  26.13   6.90  11.23  12.62
1997 -12.85  -3.63   4.65   1.09   5.13   7.03
1998   1.24  -1.01   7.47  16.24  10.19  11.57
1999  59.76  44.56  40.49  41.84  15.31  12.12
2000 -30.75 -11.56   2.79 -22.59   3.14  13.32
2001 -20.72  -4.98   6.98 -18.62  -6.15  -3.28
2002 -25.11 -14.73   6.36 -23.11  -9.25  -7.40
2003  74.58  71.63  82.95  44.47  46.14  58.56
2004  20.04  25.94  35.28  18.12  23.62  26.73
2005   6.75  14.14  20.79  11.36  17.19  16.71
2006  14.34  23.99  25.93  15.93  22.59  26.68
2007  -0.22   7.42  14.44  11.72  10.39   0.97
2008 -53.63 -50.43 -43.92 -45.52 -43.21 -42.71
2009  76.61  73.75  73.53  51.24  49.80  52.65
2010  21.93  29.92  27.60  22.56  23.40  16.34
2011 -16.71 -13.45  -9.21  -5.32  -7.99 -13.81
2012   6.22  13.95  19.69  18.95  15.59  20.26
2013  24.47  21.46  28.23  29.92  28.50  32.53
2014  -5.11  -1.37  -1.05   4.59   1.35  -0.89
2015   7.25   5.57   1.16   3.65  -0.45  -6.51
2016   9.05   9.75  24.65   1.23  10.26  15.39
2017  31.07  31.27  36.00  31.44  25.90  20.36
2018 -19.93 -18.85 -16.11  -9.38 -12.90 -15.30
2019  18.77  17.14  17.09  32.72  25.87  19.40



  Number of Firms in Portfolios
              Small                 Big
          Low    2      High   Low    2      High
199007   1110   1718   2833    819   1090    817
199008   1109   1715   2819    819   1090    817
199009   1107   1714   2818    818   1090    816
199010   1106   1711   2810    817   1089    815
199011   1102   1708   2791    816   1088    814
199012   1101   1703   2778    816   1087    813
199101   1099   1699   2768    815   1087    812
199102   1096   1696   2757    815   1087    811
199103   1094   1690   2755    815   1087    810
199104   1092   1688   2743    815   1085    809
199105   1091   1681   2726    815   1085    808
199106   1090   1678   2713    814   1082    808
199107   1230   1992   3844    842   1124    843
199108   1229   1988   3835    841   1119    843
199109   1224   1987   3824    841   1117    842
199110   1221   1983   3794    841   1117    842
199111   1218   1981   3767    840   1117    841
199112   1215   1975   3751    840   1117    841
199201   1213   1969   3748    839   1115    839
199202   1211   1967   3736    839   1115    839
199203   1209   1964   3722    839   1115    839
199204   1207   1962   3715    838   1113    839
199205   1206   1958   3704    837   1113    838
199206   1204   1956   3689    835   1112    838
199207   1587   2327   4031    904   1208    907
199208   1584   2324   4022    904   1208    903
199209   1583   2320   4014    904   1207    903
199210   1578   2315   4004    903   1207    902
199211   1574   2313   3996    903   1206    902
199212   1571   2312   3987    903   1206    902
199301   1564   2307   3983    902   1205    899
199302   1564   2305   3977    902   1205    898
199303   1561   2303   3972    902   1205    898
199304   1559   2302   3966    902   1205    897
199305   1555   2300   3953    901   1205    895
199306   1554   2296   3948    899   1205    892
199307   1732   2339   4808    954   1274    955
199308   1729   2334   4794    954   1274    955
199309   1725   2329   4784    954   1274    954
199310   1723   2329   4781    954   1274    953
199311   1720   2326   4771    951   1273    952
199312   1720   2318   4755    949   1273    950
199401   1715   2316   4746    947   1272    947
199402   1713   2313   4734    947   1272    945
199403   1711   2310   4724    947   1271    943
199404   1711   2306   4710    945   1269    942
199405   1710   2302   4691    944   1269    941
199406   1703   2299   4682    942   1268    939
199407   2098   2743   4790   1058   1412   1059
199408   2096   2737   4778   1058   1411   1059
199409   2092   2732   4762   1056   1408   1059
199410   2087   2726   4751   1056   1403   1057
199411   2084   2720   4731   1056   1400   1057
199412   2081   2715   4712   1054   1400   1057
199501   2071   2705   4699   1052   1397   1052
199502   2064   2699   4683   1050   1396   1050
199503   2060   2691   4665   1049   1395   1049
199504   2057   2682   4643   1047   1389   1047
199505   2049   2677   4632   1045   1387   1045
199506   2045   2667   4617   1043   1386   1043
199507   2363   3177   5378   1072   1430   1071
199508   2358   3167   5351   1069   1427   1070
199509   2350   3160   5333   1065   1425   1069
199510   2344   3147   5316   1064   1420   1067
199511   2337   3136   5290   1063   1418   1063
199512   2335   3123   5270   1061   1413   1058
199601   2324   3111   5239   1056   1410   1055
199602   2315   3102   5207   1052   1404   1049
199603   2309   3095   5185   1048   1401   1047
199604   2300   3089   5160   1046   1397   1042
199605   2292   3084   5137   1043   1392   1039
199606   2284   3072   5117   1041   1389   1038
199607   2369   3191   6028   1125   1504   1128
199608   2366   3181   6005   1119   1498   1127
199609   2359   3166   5972   1108   1492   1125
199610   2351   3155   5940   1107   1487   1123
199611   2340   3148   5911   1105   1485   1120
199612   2333   3136   5886   1105   1480   1120
199701   2329   3115   5849   1099   1470   1116
199702   2319   3099   5825   1095   1467   1113
199703   2309   3084   5797   1094   1466   1112
199704   2300   3073   5768   1092   1463   1111
199705   2291   3062   5748   1087   1456   1109
199706   2282   3046   5724   1083   1453   1105
199707   2620   3533   6690   1038   1380   1039
199708   2610   3519   6651   1035   1373   1034
199709   2597   3506   6618   1032   1366   1027
199710   2587   3492   6575   1031   1360   1025
199711   2583   3468   6527   1027   1357   1020
199712   2572   3451   6496   1026   1354   1017
199801   2556   3423   6442   1021   1348   1013
199802   2549   3406   6405   1016   1342   1009
199803   2530   3390   6356   1014   1339   1003
199804   2515   3370   6314   1007   1333   1001
199805   2503   3347   6281   1005   1329    997
199806   2490   3328   6237   1004   1325    991
199807   2280   3388   8043    870   1157    870
199808   2269   3363   7989    869   1151    866
199809   2255   3344   7936    866   1147    859
199810   2236   3324   7861    864   1138    855
199811   2221   3311   7802    863   1123    853
199812   2203   3299   7749    860   1117    847
199901   2190   3269   7679    856   1105    839
199902   2174   3248   7635    852   1102    837
199903   2165   3224   7580    849   1098    835
199904   2149   3193   7509    847   1094    831
199905   2138   3178   7456    846   1089    823
199906   2128   3148   7413    843   1086    819
199907   1771   3131   9129    752   1001    751
199908   1755   3098   9050    749    996    744
199909   1741   3074   8977    745    992    740
199910   1724   3056   8898    743    988    737
199911   1717   3026   8833    740    982    737
199912   1700   2998   8753    738    975    732
200001   1695   2977   8680    733    968    728
200002   1683   2962   8622    730    964    725
200003   1673   2937   8558    729    960    723
200004   1661   2907   8492    726    956    719
200005   1646   2892   8436    725    949    716
200006   1633   2867   8381    720    944    710
200007   1962   3267   9031    714    955    716
200008   1950   3250   8963    710    947    710
200009   1937   3236   8895    705    940    703
200010   1923   3211   8811    700    930    699
200011   1919   3191   8735    694    926    694
200012   1909   3170   8662    692    920    686
200101   1897   3144   8600    688    916    677
200102   1886   3121   8530    686    914    673
200103   1880   3107   8460    685    911    669
200104   1872   3086   8370    680    903    663
200105   1860   3068   8305    679    899    659
200106   1851   3052   8241    673    896    657
200107   2019   3137   9506    706    943    706
200108   2008   3112   9424    706    938    703
200109   2003   3101   9352    703    931    701
200110   1996   3086   9290    703    926    698
200111   1988   3073   9215    700    920    694
200112   1981   3061   9141    699    917    693
200201   1967   3039   9082    696    912    686
200202   1956   3030   9022    693    910    681
200203   1946   3014   8964    691    907    677
200204   1933   2995   8902    691    902    675
200205   1928   2979   8830    691    900    675
200206   1921   2960   8753    691    898    671
200207   2157   3222   8746    725    966    724
200208   2136   3204   8656    722    964    722
200209   2120   3179   8601    719    961    718
200210   2105   3158   8516    718    958    713
200211   2098   3136   8449    716    956    711
200212   2083   3126   8409    714    954    709
200301   2071   3105   8338    712    951    707
200302   2046   3092   8291    711    949    705
200303   2030   3083   8236    710    948    705
200304   2023   3065   8178    710    945    698
200305   2010   3049   8148    707    943    697
200306   2000   3040   8103    701    943    695
200307   1971   3430   8101    722    960    721
200308   1958   3412   8055    719    956    720
200309   1948   3398   8011    714    951    718
200310   1944   3387   7962    714    947    715
200311   1930   3376   7916    711    946    714
200312   1925   3367   7879    708    945    714
200401   1909   3347   7829    706    943    712
200402   1904   3332   7794    704    940    712
200403   1894   3319   7761    700    940    709
200404   1889   3309   7718    698    937    706
200405   1883   3291   7689    695    934    704
200406   1878   3276   7659    695    930    702
200407   2735   3491   6791    808   1079    808
200408   2719   3471   6743    803   1074    807
200409   2709   3456   6723    800   1066    804
200410   2701   3441   6693    800   1064    804
200411   2697   3430   6667    800   1055    803
200412   2636   3371   6543    799   1050    800
200501   2631   3365   6522    799   1049    799
200502   2626   3351   6489    798   1046    797
200503   2619   3345   6452    796   1045    796
200504   2612   3338   6426    795   1041    793
200505   2601   3326   6397    794   1037    791
200506   2589   3311   6363    790   1032    790
200507   2885   3646   6644    853   1138    853
200508   2866   3634   6614    846   1132    847
200509   2858   3622   6590    844   1125    845
200510   2845   3604   6554    838   1120    841
200511   2837   3591   6517    838   1116    841
200512   2828   3573   6482    836   1113    838
200601   2821   3563   6450    828   1108    830
200602   2809   3544   6428    826   1098    827
200603   2800   3530   6397    823   1095    823
200604   2788   3508   6360    820   1089    817
200605   2785   3493   6341    819   1086    815
200606   2762   3484   6315    817   1085    810
200607   2832   3970   6916    885   1179    887
200608   2815   3953   6882    881   1173    882
200609   2800   3935   6851    880   1168    879
200610   2792   3913   6803    880   1161    875
200611   2765   3892   6755    877   1156    874
200612   2756   3867   6721    873   1150    869
200701   2744   3843   6684    869   1144    867
200702   2733   3809   6638    867   1139    863
200703   2716   3791   6612    866   1137    863
200704   2698   3772   6573    863   1133    859
200705   2687   3756   6546    859   1131    854
200706   2673   3734   6500    854   1127    853
200707   3045   3718   7490    883   1175    880
200708   3036   3706   7437    882   1165    876
200709   3025   3690   7395    876   1161    870
200710   3010   3671   7352    874   1154    864
200711   2992   3643   7312    870   1150    861
200712   2969   3617   7272    865   1141    857
200801   2961   3600   7236    858   1139    852
200802   2953   3575   7206    856   1136    849
200803   2936   3558   7164    852   1129    849
200804   2924   3532   7118    851   1125    848
200805   2908   3518   7081    849   1121    843
200806   2886   3505   7037    846   1118    838
200807   2628   3947   8239    784   1046    784
200808   2616   3930   8204    781   1043    781
200809   2594   3917   8166    778   1042    777
200810   2582   3901   8115    777   1038    773
200811   2571   3875   8035    774   1035    770
200812   2563   3867   7987    770   1035    767
200901   2541   3841   7935    770   1030    765
200902   2526   3826   7905    769   1030    757
200903   2516   3810   7855    765   1030    753
200904   2501   3788   7795    762   1030    751
200905   2488   3773   7750    761   1027    750
200906   2474   3755   7705    761   1026    750
200907   2109   3701   8304    747    994    746
200908   2096   3688   8257    745    994    745
200909   2086   3671   8206    744    994    744
200910   2075   3657   8160    741    991    742
200911   2063   3639   8112    738    986    738
200912   2056   3625   8070    736    985    736
201001   2046   3606   8006    733    983    734
201002   2034   3590   7966    732    983    733
201003   2026   3577   7929    731    980    733
201004   2019   3566   7887    729    975    728
201005   2012   3548   7851    728    973    725
201006   2005   3539   7822    727    971    724
201007   2409   3438   7542    765   1020    766
201008   2395   3416   7502    763   1015    764
201009   2388   3400   7472    763   1013    762
201010   2348   3366   7378    759   1009    761
201011   2335   3359   7347    758   1005    760
201012   2329   3355   7302    756   1003    758
201101   2318   3341   7249    756   1002    755
201102   2305   3326   7223    755    998    753
201103   2296   3313   7195    755    996    751
201104   2286   3302   7150    751    994    749
201105   2273   3288   7118    750    992    748
201106   2264   3268   7089    748    989    746
201107   2451   3778   7219    760   1007    760
201108   2441   3764   7188    757   1005    758
201109   2433   3751   7160    756   1004    754
201110   2425   3740   7126    755   1000    754
201111   2417   3722   7094    754    998    753
201112   2408   3700   7063    753    996    751
201201   2401   3683   7032    749    993    748
201202   2386   3657   6990    748    992    747
201203   2372   3641   6970    746    989    747
201204   2364   3625   6927    744    989    741
201205   2364   3615   6905    742    987    741
201206   2351   3602   6875    742    986    740
201207   2338   3551   7489    713    947    712
201208   2327   3541   7448    712    943    711
201209   2319   3525   7416    710    941    710
201210   2315   3517   7373    709    938    710
201211   2302   3501   7348    706    938    710
201212   2298   3489   7297    705    937    710
201301   2284   3469   7258    704    935    708
201302   2278   3461   7233    704    933    708
201303   2269   3449   7211    703    930    706
201304   2255   3433   7177    701    930    704
201305   2251   3423   7152    701    930    702
201306   2243   3409   7125    700    928    697
201307   2255   3479   7326    695    928    695
201308   2250   3466   7290    692    924    693
201309   2244   3457   7260    692    924    692
201310   2231   3445   7229    691    922    690
201311   2221   3430   7196    689    921    689
201312   2217   3417   7161    689    921    687
201401   2210   3406   7132    687    918    685
201402   2203   3396   7097    685    916    685
201403   2195   3381   7070    685    915    685
201404   2184   3369   7039    685    914    685
201405   2179   3358   7014    685    913    685
201406   2172   3345   6992    685    912    684
201407   2443   3467   7038    733    975    732
201408   2435   3454   7016    732    973    730
201409   2427   3442   6988    728    972    728
201410   2420   3432   6954    726    970    729
201411   2413   3417   6931    725    969    726
201412   2405   3403   6915    724    967    726
201501   2398   3389   6885    720    963    726
201502   2385   3384   6852    720    960    722
201503   2376   3369   6821    719    959    722
201504   2367   3356   6791    717    958    721
201505   2359   3341   6772    716    954    718
201506   2351   3331   6739    715    951    717
201507   2381   3572   7191    733    978    734
201508   2375   3560   7153    730    976    730
201509   2370   3549   7122    726    973    730
201510   2361   3542   7082    725    972    728
201511   2351   3533   7044    725    970    724
201512   2343   3521   7015    723    970    724
201601   2338   3503   6980    722    966    722
201602   2334   3492   6939    720    964    719
201603   2324   3480   6902    717    960    718
201604   2319   3463   6871    714    959    712
201605   2307   3455   6841    714    955    709
201606   2297   3443   6808    712    951    709
201607   2686   3556   6971    706    940    707
201608   2675   3535   6947    705    938    704
201609   2666   3522   6913    704    936    702
201610   2655   3503   6879    700    929    700
201611   2644   3488   6850    699    927    698
201612   2635   3472   6827    697    925    697
201701   2622   3455   6801    695    922    696
201702   2617   3441   6772    695    920    694
201703   2608   3427   6744    694    918    694
201704   2599   3417   6724    693    915    691
201705   2592   3404   6706    691    915    691
201706   2584   3391   6677    690    914    690
201707   3101   3644   6509    724    966    724
201708   3090   3633   6480    722    965    721
201709   3081   3626   6446    721    961    719
201710   3075   3616   6416    718    957    718
201711   3067   3604   6389    717    955    716
201712   3062   3594   6355    716    954    714
201801   3051   3588   6332    715    951    713
201802   3041   3579   6301    713    950    710
201803   3032   3566   6283    713    949    709
201804   3022   3556   6256    711    947    705
201805   3013   3548   6231    709    946    705
201806   3003   3535   6208    709    943    705
201807   3241   3800   6519    734    978    734
201808   3237   3788   6496    731    975    732
201809   3219   3778   6478    730    974    732
201810   3214   3769   6449    727    973    730
201811   3205   3757   6419    726    972    728
201812   3195   3741   6390    724    968    723
201901   3187   3729   6352    723    967    723
201902   3176   3721   6337    723    963    721
201903   3168   3711   6317    721    962    721
201904   3162   3697   6290    719    958    720
201905   3154   3683   6262    718    955    718
201906   3141   3674   6235    717    954    717
201907   2845   4165   6953    658    877    658
201908   2832   4155   6919    655    874    657
201909   2822   4140   6892    655    872    657
201910   2815   4129   6858    653    872    656
201911   2804   4108   6828    651    872    656
201912   2798   4101   6802    650    871    656
202001   2786   4086   6766    650    869    653
202002   2779   4063   6733    649    867    652
202003   2771   4050   6705    647    867    650
202004   2761   4039   6675    646    866    649
202005   2757   4026   6650    645    862    648
202006   2748   4018   6613    644    861    646



  Average Firm Size
                       Small                                Big
              Low         2           High        Low         2           High
199007      153.40      143.91       86.19     3552.71     3082.95     2496.49
199008      157.01      146.42       86.99     3571.54     3127.89     2523.08
199009      137.65      129.15       77.54     3229.37     2809.22     2259.62
199010      122.66      115.82       70.02     2842.45     2500.76     1991.58
199011      128.96      119.81       70.58     3213.28     2753.66     2161.94
199012      124.86      118.12       69.77     3098.48     2682.39     2083.03
199101      126.41      118.95       70.26     3191.79     2728.30     2084.60
199102      127.56      120.51       71.62     3311.68     2792.45     2158.30
199103      143.88      134.30       79.63     3603.54     3034.84     2377.49
199104      145.59      133.91       80.78     3546.14     2951.83     2289.45
199105      146.15      135.11       81.84     3565.30     2985.27     2305.90
199106      146.83      136.46       82.49     3605.79     3021.88     2331.63
199107      140.14      127.98       76.70     3273.37     2973.66     2119.36
199108      143.86      130.94       78.28     3419.84     3097.85     2199.95
199109      143.00      130.16       78.04     3413.29     3067.12     2157.03
199110      148.73      135.90       80.59     3498.23     3163.91     2229.66
199111      152.46      137.44       81.55     3600.87     3201.68     2260.81
199112      147.16      131.88       78.01     3452.51     3043.01     2124.69
199201      156.30      137.26       81.21     3767.31     3218.90     2243.72
199202      158.10      139.04       84.12     3636.46     3129.72     2250.01
199203      156.60      139.04       85.71     3553.70     3053.90     2228.27
199204      145.92      133.25       83.40     3332.17     2912.87     2108.16
199205      142.01      131.85       83.07     3284.20     2936.91     2149.59
199206      147.65      137.13       87.24     3424.10     3048.35     2235.30
199207      126.34      120.17       77.85     3395.96     2718.17     2152.70
199208      122.75      116.71       75.92     3426.99     2713.18     2106.78
199209      122.29      117.30       75.95     3585.98     2776.09     2126.05
199210      121.55      115.73       74.29     3540.42     2749.92     2078.15
199211      117.89      111.80       72.00     3474.09     2641.02     2021.56
199212      121.66      113.62       72.81     3582.04     2663.65     2053.10
199301      123.92      116.34       74.67     3582.58     2698.76     2074.23
199302      124.92      118.62       77.50     3540.10     2709.54     2124.67
199303      123.78      119.60       79.92     3540.54     2809.67     2186.28
199304      132.44      127.83       85.91     3716.31     3012.31     2361.21
199305      139.10      134.06       91.35     3810.69     3153.73     2521.07
199306      149.50      143.03       97.50     3970.34     3216.55     2563.91
199307      136.78      127.76       87.75     3916.44     3133.51     2295.94
199308      137.75      128.83       89.22     3983.33     3219.00     2373.74
199309      144.14      136.06       94.61     4141.04     3358.51     2492.73
199310      143.55      136.08       94.21     4039.97     3287.42     2445.54
199311      145.56      136.63       95.26     4132.80     3318.46     2461.75
199312      137.73      130.77       90.86     3879.03     3117.51     2286.44
199401      143.10      136.51       95.90     3997.06     3254.34     2414.39
199402      152.61      146.59      105.36     4240.20     3498.27     2645.37
199403      152.06      147.49      105.91     4184.59     3448.73     2618.27
199404      145.99      143.64      103.73     3997.43     3318.97     2545.88
199405      148.03      147.05      107.23     4102.05     3396.52     2615.07
199406      145.09      144.48      106.77     4094.11     3386.07     2638.09
199407      129.45      128.67       95.08     4067.62     3197.34     2320.97
199408      130.04      129.91       95.97     4090.87     3258.94     2352.27
199409      135.03      132.78       97.10     4219.18     3328.73     2394.03
199410      133.43      131.47       96.14     4116.64     3225.81     2318.11
199411      134.53      132.00       96.79     4211.45     3326.01     2371.51
199412      127.45      125.29       91.75     4022.31     3154.71     2247.20
199501      128.38      126.40       92.32     4091.52     3177.06     2265.90
199502      125.12      124.99       90.66     4027.24     3108.65     2222.08
199503      126.74      126.32       92.10     4057.86     3136.16     2244.76
199504      130.59      129.24       94.10     4274.36     3287.58     2325.66
199505      132.30      132.28       95.94     4418.55     3391.96     2394.20
199506      132.43      132.72       96.20     4430.34     3387.68     2410.49
199507      136.50      128.06       93.49     4372.65     3485.58     2450.85
199508      146.20      133.87       97.23     4585.96     3655.64     2545.02
199509      147.38      134.95       97.36     4519.47     3595.74     2506.31
199510      149.36      135.92       98.01     4642.95     3665.97     2542.78
199511      144.55      130.74       95.00     4579.52     3618.68     2493.48
199512      147.22      132.87       97.00     4744.95     3709.96     2567.45
199601      151.38      136.50       99.82     4848.46     3813.45     2641.90
199602      152.98      138.76      101.51     4911.20     3871.72     2702.66
199603      157.34      140.97      103.20     4938.11     3915.35     2722.10
199604      160.10      142.86      105.10     4967.02     3974.93     2750.80
199605      171.78      151.48      110.57     5098.49     4102.89     2808.74
199606      176.86      154.63      113.45     5127.01     4080.54     2798.28
199607      163.15      145.87      106.38     5475.84     3766.45     2523.82
199608      148.72      137.87      102.34     5229.51     3633.37     2436.63
199609      153.77      141.65      103.91     5304.23     3685.65     2467.22
199610      155.71      142.52      104.78     5538.37     3814.31     2536.46
199611      152.18      142.09      105.32     5487.18     3829.22     2563.22
199612      153.56      145.12      108.19     5738.18     4028.52     2722.86
199701      151.78      145.05      107.71     5609.35     3965.89     2699.77
199702      152.66      145.95      107.97     5657.92     3970.25     2715.38
199703      148.91      145.09      109.19     5708.27     3973.76     2760.31
199704      140.35      140.77      107.04     5507.16     3925.73     2689.60
199705      136.59      138.03      105.65     5720.60     4016.88     2734.19
199706      150.17      150.39      113.74     6174.11     4305.94     2890.35
199707      170.45      158.68      119.60     7016.20     5011.08     3062.46
199708      169.94      159.77      119.33     7341.80     5271.22     3161.39
199709      169.96      158.54      118.10     6841.15     4994.60     3011.36
199710      176.40      164.78      120.99     7192.91     5297.22     3187.97
199711      167.83      156.12      116.79     6799.22     5019.61     3044.52
199712      158.82      148.74      111.52     6924.77     5074.15     3046.70
199801      153.53      143.15      109.92     6956.90     5122.65     3125.54
199802      157.18      144.45      112.40     7244.22     5183.57     3173.16
199803      168.31      154.63      120.20     7714.41     5550.84     3406.89
199804      174.35      159.21      124.91     7935.84     5822.24     3609.80
199805      176.94      161.82      126.03     8019.85     5889.82     3639.57
199806      172.14      157.64      124.69     7832.80     5835.41     3633.16
199807      204.24      195.35      124.41    10308.01     6585.84     4268.56
199808      197.46      186.10      118.74    10308.57     6536.26     4207.80
199809      162.72      157.15      102.64     9090.39     5594.52     3539.06
199810      166.46      158.32      102.16     9402.48     5573.58     3490.24
199811      174.31      166.55      109.27    10218.21     6067.81     3792.01
199812      184.08      173.16      114.30    10870.85     6346.75     3948.31
199901      191.87      177.15      115.91    11662.89     6427.31     4036.84
199902      199.59      177.30      115.55    12113.93     6477.17     4017.83
199903      194.30      169.26      111.86    11677.68     6377.12     3908.40
199904      200.12      171.38      116.27    12196.90     6593.53     4055.89
199905      213.28      183.80      126.73    12330.07     7057.80     4346.58
199906      211.58      184.13      126.77    11958.71     6830.61     4218.88
199907      245.80      233.18      144.47    14682.37     8919.30     4573.94
199908      250.12      237.23      146.90    14619.16     8923.05     4619.63
199909      258.70      238.06      147.87    14840.48     8838.57     4638.48
199910      265.59      241.23      147.80    14916.41     8716.25     4584.93
199911      272.49      240.32      145.05    15935.84     9089.71     4732.08
199912      298.53      248.80      144.27    17051.31     9188.95     4636.48
200001      328.43      264.19      146.77    18594.06     9917.72     4812.07
200002      335.49      259.45      145.44    17641.71     9358.08     4502.09
200003      394.98      287.23      151.31    18199.53     9454.55     4337.07
200004      360.86      275.53      153.22    19085.84    10169.06     4692.90
200005      313.53      252.64      142.51    18011.12     9739.54     4588.01
200006      296.17      247.75      141.57    17199.83     9627.54     4618.62
200007      305.58      256.82      162.94    18355.20    11500.97     5560.70
200008      284.42      247.32      159.53    17401.73    11415.73     5650.16
200009      296.19      258.52      166.29    18531.83    11896.63     5857.08
200010      273.43      246.85      162.59    17125.89    11605.56     5833.33
200011      237.93      231.09      156.40    16351.84    11605.41     5788.12
200012      198.18      217.45      154.87    14632.67    11115.73     5655.74
200101      199.43      227.33      162.50    13918.76    11684.73     5948.75
200102      213.52      236.21      166.92    14359.74    11824.75     5953.11
200103      189.56      223.57      166.35    12235.03    11166.72     5774.99
200104      167.08      208.70      158.36    11031.24    10425.34     5568.20
200105      179.55      223.81      169.08    12300.93    11125.95     5856.69
200106      179.77      226.27      173.24    12030.86    11104.47     5847.13
200107      232.47      223.14      138.69    14302.08     9188.98     5972.58
200108      212.43      211.31      135.30    14001.79     9034.95     5864.43
200109      201.96      207.19      135.49    13139.09     8776.44     5631.75
200110      165.53      176.79      119.66    12072.39     7829.95     5038.84
200111      180.92      187.20      123.01    12599.97     7982.03     5043.91
200112      192.65      198.41      127.43    13513.79     8314.16     5364.17
200201      193.77      202.48      128.97    13508.30     8435.76     5503.82
200202      185.11      198.26      129.33    13134.17     8213.47     5310.63
200203      178.29      195.70      132.39    12934.40     8258.81     5280.29
200204      188.55      208.38      139.99    13392.62     8750.49     5503.06
200205      184.79      212.30      146.21    12628.13     8685.09     5436.97
200206      182.60      212.72      150.78    12468.84     8772.15     5510.87
200207      187.02      198.63      126.17    12179.44     7994.17     4732.64
200208      165.87      178.33      115.23    11323.17     7222.98     4269.15
200209      162.24      178.33      114.90    11322.49     7245.69     4192.40
200210      145.93      164.04      107.68    10187.21     6449.20     3716.37
200211      149.60      166.07      107.44    11080.14     6810.61     3882.40
200212      161.36      175.66      111.56    11606.72     7155.75     4148.09
200301      152.94      172.00      111.43    10987.17     6903.79     4003.85
200302      150.91      169.77      111.19    10645.78     6721.59     3901.49
200303      145.82      167.57      111.31    10456.62     6583.51     3811.37
200304      145.52      166.88      110.84    10498.63     6507.66     3754.86
200305      160.39      181.77      119.08    11280.61     7113.41     4093.52
200306      177.20      199.34      129.51    11924.94     7552.95     4419.91
200307      191.05      201.46      127.20    11965.10     7258.37     5028.07
200308      199.77      209.31      133.33    12079.34     7483.91     5181.54
200309      209.30      219.03      142.11    12310.06     7656.45     5352.85
200310      217.37      225.29      147.69    12414.44     7730.36     5422.56
200311      232.98      240.41      158.91    12892.42     8269.78     5864.67
200312      236.24      246.01      161.05    13109.86     8439.93     5962.03
200401      246.90      255.27      169.09    13854.52     8931.48     6335.70
200402      256.93      266.68      179.47    14122.37     9079.66     6542.05
200403      259.57      273.36      183.54    14385.27     9274.83     6701.34
200404      269.44      277.88      190.78    14209.73     9286.44     6614.97
200405      262.83      269.68      183.91    14089.71     8935.11     6383.04
200406      258.44      269.58      181.89    14165.85     9029.92     6424.37
200407      222.76      240.90      169.13    12388.50     8867.13     6011.21
200408      208.59      229.07      162.87    11781.80     8680.05     5837.41
200409      206.37      228.44      164.04    11800.83     8774.79     5891.90
200410      213.54      237.08      168.55    11925.70     8997.20     6061.84
200411      219.75      244.76      173.39    12178.53     9292.58     6190.18
200412      238.30      266.23      187.94    12671.33     9776.18     6599.71
200501      246.18      275.85      196.01    13181.14    10101.04     6849.92
200502      244.64      274.65      198.14    12842.72     9925.07     6802.33
200503      251.69      283.66      206.74    13132.04    10290.67     7031.27
200504      242.45      276.48      204.48    12900.97    10041.96     6900.84
200505      232.76      265.42      198.14    12673.22     9763.45     6704.99
200506      233.81      269.65      198.44    12972.17     9864.21     6832.67
200507      249.47      262.98      179.08    10997.56     9927.78     7221.31
200508      260.79      276.34      186.73    11440.35    10194.10     7527.99
200509      263.56      281.59      190.33    11512.80    10285.35     7631.58
200510      266.47      288.85      194.49    11562.03    10591.95     7835.91
200511      258.84      280.65      191.14    11378.29    10271.77     7657.14
200512      267.88      288.86      196.66    11734.64    10612.23     7864.57
200601      282.50      299.06      205.19    12033.64    10977.51     8086.47
200602      301.78      322.78      220.39    12470.91    11544.64     8549.84
200603      295.14      323.62      218.96    12382.87    11580.27     8595.29
200604      305.93      337.98      229.10    12676.89    11857.66     8785.79
200605      315.45      350.98      237.25    12910.71    12234.59     9149.71
200606      293.71      333.04      224.44    12447.08    11730.91     8816.33
200607      286.00      290.64      198.74    10695.97    11669.49     9126.87
200608      273.43      283.66      195.09    10520.42    11824.62     9230.86
200609      281.99      289.90      200.08    10806.55    12158.17     9400.14
200610      280.63      287.91      200.15    10920.47    12260.25     9568.90
200611      295.19      300.02      207.46    11333.01    12703.81     9933.44
200612      301.28      309.25      213.18    11562.43    13068.45    10203.00
200701      306.34      313.67      218.21    11672.93    13468.61    10509.88
200702      310.75      319.03      223.30    11891.60    13508.60    10665.14
200703      312.16      322.41      226.18    11809.18    13473.45    10635.57
200704      315.46      328.83      232.02    12010.08    13792.95    10807.15
200705      323.44      339.56      240.20    12492.70    14379.38    11235.07
200706      327.26      346.22      245.16    12864.39    14778.06    11491.09
200707      339.69      347.14      229.94    12880.79    13752.35    11898.27
200708      330.66      339.83      226.32    12773.61    13484.50    11519.75
200709      315.28      328.24      216.68    12863.56    13416.76    11419.74
200710      326.91      335.83      219.69    13621.95    14059.42    11925.26
200711      348.58      347.29      224.42    14218.49    14535.04    12253.26
200712      321.73      320.11      208.69    13849.01    13992.87    11537.49
200801      311.34      315.46      203.86    13654.18    13863.92    11394.72
200802      277.52      286.09      190.57    12513.06    12867.58    10574.25
200803      282.63      290.63      193.88    12549.71    12947.95    10432.08
200804      273.55      284.17      190.90    12344.16    12795.99    10356.39
200805      278.58      293.59      193.46    13009.51    13466.77    10704.78
200806      287.13      305.12      198.81    13399.32    13644.08    10645.39
200807      288.77      288.27      200.82    14247.87    13329.62     9710.08
200808      276.60      280.20      196.95    13870.84    12867.06     9614.03
200809      268.78      273.29      192.50    13673.34    12564.74     9391.31
200810      230.50      235.39      170.02    11930.04    10974.05     8350.05
200811      173.23      180.72      136.22     9827.46     8924.34     6485.41
200812      159.57      167.09      126.87     9271.07     8361.34     5852.93
200901      169.12      176.13      135.25     9600.99     8754.64     6081.45
200902      159.68      164.06      123.78     9025.03     7945.68     5339.41
200903      146.16      149.72      109.74     8313.12     7121.37     4609.11
200904      156.66      159.13      115.46     8768.08     7593.79     4999.62
200905      179.58      181.61      129.28     9451.46     8430.04     5805.73
200906      202.82      201.01      143.96    10262.12     9248.40     6351.90
200907      223.92      229.68      135.78    11803.35     9297.04     6088.63
200908      238.32      246.11      148.86    12595.03    10152.77     6785.82
200909      246.17      257.90      159.42    12755.03    10544.88     7229.64
200910      259.34      272.20      169.91    13284.89    10986.29     7587.73
200911      252.62      265.42      164.45    13139.56    10809.87     7267.46
200912      256.64      268.66      166.41    13729.54    11178.53     7425.20
201001      262.06      275.75      171.17    13890.66    11410.80     7587.02
201002      257.29      270.39      169.69    13398.45    10923.65     7234.81
201003      260.28      273.19      173.10    13585.25    11007.30     7308.98
201004      272.57      288.99      186.36    14212.38    11708.81     7919.80
201005      281.38      298.43      195.45    14139.62    11661.85     7885.00
201006      256.87      269.74      173.25    12897.80    10496.50     6989.98
201007      241.05      249.02      162.99    11284.54    10111.27     7648.39
201008      257.03      266.38      174.26    12146.15    10941.69     8427.13
201009      247.37      253.81      165.97    11748.18    10576.92     7929.19
201010      280.11      284.55      183.01    12971.02    11561.40     8695.15
201011      291.97      296.20      188.19    13537.76    12035.14     8982.23
201012      286.87      294.88      187.70    13326.92    11746.50     8629.91
201101      313.06      322.61      205.95    14118.99    12624.77     9434.60
201102      311.59      325.77      210.06    14235.25    12939.55     9867.77
201103      322.22      338.32      217.84    14623.77    13439.84    10208.60
201104      323.49      338.70      216.90    14624.71    13315.74     9983.37
201105      337.27      351.03      221.39    15259.36    13940.78    10290.16
201106      327.16      342.48      213.52    15111.78    13536.47     9930.70
201107      312.72      324.83      206.65    12908.04    12733.99    12503.06
201108      310.56      321.78      205.01    12958.54    12523.49    11980.91
201109      286.16      292.92      188.73    12207.48    11567.85    10854.42
201110      254.05      257.84      171.96    11114.62    10535.13     9766.86
201111      278.57      279.38      181.49    12228.82    11629.41    10760.60
201112      267.75      267.34      175.88    11978.84    11393.42    10302.01
201201      262.34      264.95      176.23    11862.68    11368.46    10317.71
201202      282.95      286.54      188.87    12563.67    11907.43    10896.08
201203      295.45      299.33      195.93    13217.41    12437.71    11454.71
201204      295.13      301.33      197.41    13483.65    12453.25    11607.93
201205      292.19      296.36      194.75    13451.01    12351.61    11223.46
201206      263.93      266.47      177.47    12312.53    11163.35    10118.70
201207      286.53      288.65      194.90    14343.20    12657.56     9566.26
201208      283.69      287.46      192.61    14531.33    12882.45     9514.27
201209      290.82      295.82      197.63    14909.75    13164.69     9873.17
201210      302.85      306.54      205.57    15237.28    13495.93    10286.29
201211      297.03      305.10      204.27    14995.70    13434.04    10452.14
201212      295.74      305.05      205.89    15288.91    13512.02    10572.18
201301      301.55      314.60      216.19    15353.57    13776.66    11062.18
201302      316.60      332.00      230.09    15988.52    14524.98    11819.08
201303      314.59      332.40      231.23    16047.92    14575.18    11678.21
201304      325.28      339.98      235.72    16503.43    14890.91    11727.71
201305      332.11      343.90      242.21    16900.22    15253.77    12225.38
201306      333.02      344.97      240.72    16901.46    15168.70    12479.03
201307      353.03      353.12      226.50    15350.57    15119.82    13042.70
201308      374.12      373.15      239.52    16231.75    15864.29    13934.40
201309      372.77      369.66      237.70    15984.43    15464.78    13615.41
201310      401.45      394.97      254.74    16866.20    16230.69    14322.92
201311      401.51      402.99      263.52    17438.60    16843.35    14938.02
201312      408.99      409.73      266.72    17718.83    17107.69    15230.38
201401      417.14      418.01      271.09    18180.09    17455.42    15568.74
201402      415.92      412.65      268.67    17480.06    16890.27    15010.45
201403      430.82      428.79      280.65    18408.36    17682.21    15656.39
201404      419.48      429.13      282.99    18140.52    17733.00    15792.97
201405      405.29      421.86      279.93    18208.01    17869.49    15899.49
201406      407.84      424.32      280.74    18593.30    18102.92    16026.52
201407      410.33      445.63      268.22    17234.55    17823.97    15563.72
201408      396.63      430.71      261.39    16901.87    17531.25    15222.81
201409      402.34      436.97      264.46    17347.32    17847.47    15457.55
201410      379.86      413.38      248.18    16949.39    17353.69    14877.75
201411      384.06      414.31      244.45    17215.45    17462.37    14668.99
201412      385.17      412.69      240.83    17651.20    17860.54    14665.77
201501      385.14      411.37      240.67    17389.73    17587.44    14416.97
201502      380.49      401.39      235.96    17407.52    17243.60    13889.46
201503      403.64      424.06      247.25    18362.59    18256.67    14730.84
201504      404.61      423.52      244.51    18128.59    17936.55    14432.11
201505      416.78      435.28      256.46    18367.74    18401.79    15034.29
201506      423.60      443.46      258.10    18485.69    18404.83    14958.32
201507      392.57      428.85      272.54    18426.61    16563.36    15504.67
201508      390.71      425.45      262.38    18960.55    16810.43    15485.29
201509      364.23      405.63      251.17    17733.39    15753.72    14466.08
201510      348.10      387.60      240.19    17165.83    15172.54    13681.53
201511      361.12      409.76      252.81    18435.07    16391.36    14664.62
201512      373.01      411.70      253.22    18428.81    16239.74    14538.92
201601      372.57      408.60      248.31    18192.87    15957.38    14146.43
201602      333.43      376.55      230.69    17088.94    15146.83    13018.58
201603      330.27      378.29      231.42    17029.54    15061.09    12792.40
201604      357.33      407.52      249.35    18104.11    16049.05    13749.70
201605      365.28      416.45      260.61    18168.05    16207.56    14351.58
201606      370.78      416.96      258.17    18277.43    16302.53    14144.01
201607      339.30      398.50      260.52    18305.27    16248.33    14054.16
201608      356.33      420.71      277.01    19163.38    16938.90    14672.28
201609      355.21      423.34      280.27    18960.30    16925.26    14975.66
201610      368.87      432.22      286.20    19125.93    17070.19    14977.42
201611      350.78      415.95      284.37    18377.41    16684.07    15134.37
201612      346.02      425.01      294.33    18237.12    16844.94    15757.71
201701      348.00      433.60      303.48    18505.38    17165.33    16374.11
201702      359.04      445.89      312.83    19107.11    17572.30    16785.26
201703      367.05      450.91      317.06    19769.32    17934.41    16914.95
201704      375.68      456.65      317.62    20194.23    18156.11    17016.85
201705      382.28      468.26      321.01    20683.55    18562.09    17073.05
201706      391.20      477.17      321.48    21391.10    18935.40    17093.87
201707      367.96      460.30      305.72    20882.90    17617.55    16706.98
201708      375.30      472.98      315.44    21396.67    17946.39    17290.18
201709      376.96      469.88      315.83    21582.58    17857.55    17137.02
201710      385.68      488.43      327.72    21917.05    18294.13    17681.61
201711      391.33      492.64      329.77    22600.31    18526.09    17973.59
201712      395.41      500.24      333.92    23079.18    18879.55    18287.53
201801      406.59      509.29      340.75    23249.59    19197.98    18590.44
201802      428.62      530.38      353.06    24651.81    20129.93    19581.18
201803      416.48      512.51      339.62    23972.91    19150.78    18672.43
201804      413.76      509.35      334.62    23550.45    18782.79    18307.48
201805      411.55      512.97      339.78    23674.15    18929.95    18637.68
201806      425.45      521.10      340.67    24278.61    18997.22    18034.36
201807      398.44      470.42      333.05    22743.59    18051.83    18494.27
201808      394.89      474.94      335.57    23358.42    18620.63    19108.45
201809      401.29      476.89      333.00    24354.91    18604.44    18742.14
201810      396.96      469.66      330.25    24439.68    18719.61    18829.62
201811      350.57      420.82      300.08    22146.27    17346.19    17535.02
201812      356.66      421.65      298.55    22292.62    17556.01    17707.48
201901      323.52      385.34      274.87    20623.95    16271.16    16295.40
201902      347.65      415.13      292.94    22299.10    17446.19    17506.59
201903      360.33      427.52      299.67    23276.08    17953.27    17731.81
201904      361.84      420.06      292.00    23929.30    18016.38    17499.06
201905      369.72      432.43      298.17    24922.70    18571.23    18186.73
201906      354.10      405.10      279.53    23495.79    17549.52    16771.01
201907      401.11      450.73      331.46    27578.54    19947.27    18672.84
201908      395.61      447.26      328.98    27857.95    20004.13    18458.56
201909      381.25      429.37      313.95    27615.70    19528.63    17540.02
201910      381.25      438.51      323.36    27734.38    19858.61    18394.11
201911      394.20      454.65      333.03    28679.36    20301.73    18827.71
201912      413.23      465.07      339.28    29584.54    20825.79    19190.11
202001      428.19      485.60      354.80    30512.56    21384.33    19843.60
202002      418.62      468.78      336.93    30977.14    21235.04    18908.15
202003      377.35      424.39      303.19    28642.61    19441.58    17036.51
202004      317.53      349.31      239.52    26293.85    16999.13    13082.71
202005      367.38      388.39      263.56    29479.42    18654.42    14150.57
202006      406.16      415.23      274.84    31371.81    19552.21    14329.92
