This file was created using the 202006 Bloomberg database. It contains
value- and equal-weighted returns for the intersections of 2 ME portfolios
and 3 OP portfolios in Developed.

The portfolios are constructed at the end of June.  ME is market cap at the end
of June. OP for June of year t is annual revenues minus cost of goods sold, interest expense,
and selling, general, and administrative expenses divided by book equity for the last fiscal year end in t-1.
Firms with negative BE are not included in any portfolio.

The annual returns are from January to December.

The break points include utilities and include financials.

The portfolios include utilities and include financials.

Missing data are indicated by -99.99.



  Average Value Weighted Returns -- Monthly
               Small                 Big
          Low     2    High    Low     2    High
199007   1.44   2.51   3.37   1.97   1.97   0.44
199008 -11.19 -11.34 -11.67 -10.39  -9.91  -9.61
199009 -10.10 -10.23 -10.75 -12.19 -11.46 -11.14
199010   2.50   4.17   4.58   9.80   9.56  13.64
199011  -3.42  -1.90  -1.45  -4.15  -2.98  -3.49
199012   0.46   0.53   0.85   0.52   1.52   2.89
199101   0.72   1.47   1.30   2.24   3.10   3.54
199102  12.64  11.64  11.31  11.50   8.91   8.82
199103   0.15   0.22   0.00  -3.21  -3.14  -1.56
199104   1.17   0.66   1.45   0.53   1.25   0.92
199105   0.77   0.42   1.01   1.17   1.57   1.11
199106  -4.90  -4.28  -4.16  -7.03  -5.43  -6.01
199107   2.11   2.05   3.49   2.86   3.97   5.22
199108  -1.47  -0.31   0.70  -1.30  -1.25  -0.21
199109   3.50   3.71   4.37   3.57   3.75   2.58
199110   2.66   1.07   0.71   2.64   1.30   1.82
199111  -5.16  -3.54  -3.64  -5.36  -5.04  -4.20
199112   4.86   4.59   5.00   5.32   6.56   8.41
199201   3.06   0.98   2.15  -2.63  -1.40  -2.79
199202   0.57   0.12   1.78  -1.96  -1.19  -2.48
199203  -4.43  -3.62  -4.25  -6.15  -5.03  -4.88
199204  -2.86  -0.32   0.53  -1.92   1.29   1.19
199205   4.92   4.81   3.86   5.42   4.12   3.90
199206  -3.47  -2.87  -2.33  -3.77  -3.19  -3.62
199207  -2.27  -2.26  -2.71  -0.85  -0.36   0.70
199208  -0.81   0.75   0.89   3.56   2.86   2.49
199209  -1.68  -0.96  -1.18  -1.04  -1.18  -1.11
199210  -2.72  -3.17  -3.29  -3.05  -2.95  -2.39
199211   2.49   1.65   1.99   2.18   1.74   2.28
199212   1.94   2.13   2.64  -0.16   1.32   0.88
199301   2.25   2.40   2.32   1.71   0.60  -0.85
199302   1.35   1.52   0.87   2.88   2.90   1.04
199303   7.27   7.33   7.82   7.71   6.87   6.54
199304   5.86   4.78   5.59   6.66   4.99   2.57
199305   7.88   6.88   6.46   3.59   2.93   2.26
199306  -2.18  -2.98  -2.72  -0.53  -1.81  -2.79
199307   1.01   1.33   1.68   3.55   3.16   1.54
199308   5.49   5.53   6.12   5.11   4.25   4.53
199309  -0.44   0.22   0.41  -2.59  -1.88  -1.91
199310   1.23   0.66   1.04   0.56   1.35   1.91
199311  -4.99  -4.41  -4.05  -6.97  -7.13  -4.67
199312   4.85   5.16   4.48   4.47   5.19   3.16
199401   9.12   7.50   7.85  10.16   6.92   6.85
199402  -0.18   0.73   0.79  -1.44  -0.95  -1.09
199403  -3.16  -2.19  -2.62  -3.32  -3.46  -3.83
199404   2.63   3.01   2.19   2.95   2.68   2.46
199405  -0.67  -0.91  -1.47   1.25   0.10  -0.20
199406  -0.32   0.32  -0.33  -0.10   0.56   0.57
199407   0.55   1.38   1.59   0.73   1.78   1.47
199408   1.99   2.40   2.83   1.79   1.88   3.71
199409  -0.91  -0.74  -0.61  -2.61  -3.02  -2.32
199410   0.58   0.89   0.95   2.43   3.00   2.64
199411  -5.24  -4.58  -5.17  -5.49  -4.79  -4.28
199412   0.70   1.54   0.75   1.58   1.05   1.22
199501  -1.57  -2.24  -0.72  -2.92  -1.85  -1.41
199502   1.55   1.53   1.35  -0.33   1.57   1.10
199503   2.44   2.96   2.72   3.92   4.84   5.61
199504   2.22   2.12   1.43   4.37   2.82   3.11
199505   0.24   0.18   1.01  -0.79   1.17   0.32
199506   2.54   1.98   1.99  -1.97  -0.10   1.79
199507   5.22   4.61   5.60   6.23   4.73   4.09
199508   1.38  -0.07  -0.11  -2.54  -1.95  -0.60
199509   1.02   0.34   1.80   1.02   2.05   3.15
199510  -3.46  -2.93  -2.84  -2.43  -1.87  -0.42
199511   3.29   1.44   0.48   4.67   3.16   2.50
199512   3.36   2.73   2.11   3.50   2.90   1.94
199601   2.18   0.50   1.86   0.63   1.04   2.53
199602   1.51   2.31   3.09  -0.05   1.13   1.11
199603   1.80   1.84   2.16   1.90   2.43   0.58
199604   6.69   5.76   5.74   3.23   2.38   2.91
199605   2.93   1.82   2.85  -1.02   0.48   1.04
199606  -3.54  -1.30  -1.26  -1.11   0.26   0.60
199607  -6.82  -4.95  -4.22  -4.97  -3.35  -3.91
199608   2.94   1.99   2.37   0.48   1.63   1.23
199609   1.36   0.96   1.12   3.29   3.55   4.56
199610  -1.02  -0.01   0.65  -1.85   1.18  -0.23
199611   2.26   2.02   1.78   3.66   4.77   6.39
199612  -0.47  -0.27  -0.39  -3.69  -1.03  -0.88
199701   1.33  -0.23  -0.24  -3.21   0.46   2.45
199702  -0.25  -0.35  -0.43   1.37   0.64   0.62
199703  -4.04  -2.37  -2.21  -3.05  -1.54  -2.70
199704  -2.46  -1.08  -1.21   0.54   2.13   4.55
199705   8.93   9.01   8.40   9.08   6.92   7.16
199706   3.01   3.60   2.90   5.16   4.54   4.27
199707   0.22  -0.20   0.56   2.22   5.83   4.73
199708   0.25  -1.20  -0.11  -4.79  -5.96  -5.95
199709   3.75   3.25   3.66   4.54   6.75   5.13
199710  -4.68  -3.81  -3.92  -7.37  -5.43  -4.15
199711  -5.43  -3.87  -3.95  -1.58   0.88   2.81
199712  -2.30  -1.67  -2.00   0.57   1.43   1.01
199801   1.91   1.91   2.15   3.66   0.76   3.37
199802   7.29   6.43   7.44   8.60   7.22   5.85
199803   4.36   3.49   4.53   3.33   4.46   4.18
199804   0.87   1.88   2.20   1.45   0.98   1.09
199805  -2.58  -1.81  -0.46  -2.31  -0.85  -1.14
199806  -1.47  -2.18  -1.90   1.62   0.53   3.35
199807  -4.74  -3.89  -3.09  -0.89  -0.68  -0.09
199808 -16.38 -13.36 -14.15 -16.43 -13.68 -12.13
199809   1.81   0.20  -0.93   0.75   0.51   3.42
199810   6.32   6.45   5.00  10.08   9.57   7.60
199811   5.17   4.51   4.31   5.76   4.93   5.72
199812   2.10   2.83   2.96   3.60   5.09   5.26
199901   2.23  -0.09   0.51   2.29   0.07   3.82
199902  -4.08  -3.75  -2.29  -2.48  -2.92  -3.14
199903   3.98   3.25   1.78   5.34   4.68   3.07
199904   7.92   8.30   7.36   5.92   4.84   3.42
199905   0.05  -0.28   0.30  -3.51  -3.30  -2.59
199906   7.66   7.90   6.79   3.14   4.62   5.69
199907   2.17   1.90   2.65  -0.12  -0.18  -0.21
199908   1.04   0.75   1.45   1.19  -0.54   0.79
199909   1.31   0.61   1.54   1.09  -0.51  -0.88
199910   0.28  -0.89  -0.23   4.30   5.78   5.26
199911   4.05   1.85   3.80   2.87   2.23   6.10
199912   6.60   3.34   5.54   8.28   6.96   8.19
200001   1.29  -1.95  -0.49  -4.15  -6.33  -5.48
200002  14.70   4.68   5.83   4.40   0.28   1.79
200003  -5.25   0.58   0.03   3.46   7.40   6.41
200004 -11.79  -5.68  -6.80  -6.48  -2.87  -5.58
200005  -3.10  -0.61  -2.16  -3.72  -0.51  -4.15
200006  10.58   5.54   4.28   5.48   1.78   3.34
200007  -5.40  -1.89  -2.00  -4.74  -1.37  -3.31
200008   4.99   3.84   3.57   8.27   4.49   3.50
200009  -5.53  -2.13  -3.31  -6.53  -3.90  -4.79
200010  -9.39  -4.20  -4.64  -6.60  -3.03  -0.02
200011  -9.23  -2.42  -3.13 -12.29  -5.54  -6.05
200012   1.66   5.78   5.13   3.25   3.52  -0.79
200101   4.92   2.60   3.41   3.70   1.86   1.94
200102  -5.72  -2.08  -1.85  -9.98  -9.12  -8.08
200103  -7.79  -4.82  -6.04 -10.99  -6.42  -6.95
200104   7.53   6.88   6.71   9.12   7.21   8.81
200105   1.36   2.36   1.83  -1.91  -0.13  -1.63
200106  -0.68   0.52  -0.33  -2.51  -2.45  -3.17
200107  -6.43  -2.48  -2.61  -4.94  -2.02  -0.45
200108  -2.89   0.33  -0.26  -6.31  -3.94  -4.14
200109 -14.23 -12.14 -14.11 -12.56  -9.21  -7.80
200110   5.66   4.04   5.08   3.81   2.55   2.13
200111   5.31   4.24   4.47   7.49   6.27   4.76
200112   1.09   1.30   1.71   0.13   1.28   0.59
200201  -2.46  -0.80   0.33  -6.41  -2.93  -1.65
200202  -2.42   2.04   1.79  -4.19  -0.30   0.62
200203   5.62   6.57   6.46   4.95   5.24   3.93
200204   0.44   4.33   3.49  -4.29  -1.27  -3.68
200205   0.78   1.67   2.33  -0.12   0.50   0.37
200206  -3.78  -1.83  -2.53  -9.04  -4.22  -5.45
200207 -10.65  -9.22  -8.87 -10.60  -8.87  -6.97
200208  -0.94  -0.44   0.03  -0.07   1.45  -0.30
200209  -8.28  -6.65  -7.09 -13.15 -10.15  -9.66
200210   1.83  -0.19  -0.74   9.46   5.96   6.19
200211   7.06   3.94   3.02   9.58   4.79   3.53
200212  -2.88  -0.51  -0.58  -7.22  -4.38  -2.94
200301  -0.85  -0.76  -0.36  -1.51  -3.77  -2.73
200302  -0.75  -0.89  -0.77  -2.92  -1.09  -2.01
200303   0.04  -0.21  -0.03  -1.48  -0.54   0.62
200304   8.84   8.25   8.11  11.67   8.75   7.51
200305  11.21   7.77   9.10   8.45   5.96   5.41
200306   3.78   4.05   4.93   1.19   2.18   1.95
200307   5.50   4.40   3.36   5.03   2.55  -0.12
200308   6.36   4.93   4.80   3.35   2.40   1.91
200309   3.25   3.37   5.61   0.23   1.44   1.10
200310   7.26   7.08   7.12   8.17   5.94   4.14
200311   1.88   1.76   1.27   1.63   2.07   1.61
200312   4.06   4.66   5.02   6.04   5.86   5.71
200401   6.21   3.89   4.83   3.85   1.32   1.57
200402   1.44   2.41   3.16   1.32   2.42   1.94
200403   2.50   3.31   5.09  -0.52  -0.14  -0.75
200404  -4.50  -2.42  -1.15  -3.50  -2.40  -1.02
200405  -0.44  -0.32  -1.07   1.16   1.33   0.41
200406   3.69   5.06   5.92   2.24   2.17   2.06
200407  -6.19  -3.69  -3.45  -4.93  -2.68  -3.45
200408  -0.20   0.48  -0.05  -0.09   0.72   0.67
200409   3.50   3.24   3.65   2.82   2.25   1.64
200410   2.89   2.99   3.87   2.62   2.84   2.45
200411   8.03   7.54   7.21   6.84   4.63   4.93
200412   4.40   3.75   4.02   4.03   3.74   4.07
200501  -0.70   0.80   1.84  -3.14  -1.87  -1.47
200502   3.45   3.84   4.13   1.82   3.48   3.44
200503  -2.33  -1.34  -1.90  -2.07  -1.72  -1.64
200504  -3.25  -3.20  -3.23  -2.73  -2.24  -2.06
200505   0.83   1.31   0.71   2.87   1.30   1.66
200506   3.16   3.44   3.80   0.47   1.37   1.55
200507   5.04   4.29   4.73   3.76   3.58   3.67
200508   1.88   1.56   2.48   1.74   0.60   1.56
200509   2.29   1.94   2.57   1.81   2.44   2.68
200510  -2.54  -2.17  -2.53  -1.13  -1.85  -3.72
200511   3.07   3.53   3.33   3.59   3.91   2.16
200512   3.92   5.02   5.93   2.80   2.88   2.30
200601   8.13   7.13   6.75   4.90   4.21   4.75
200602  -0.09  -1.07  -1.10   0.02   0.99  -1.20
200603   4.92   4.67   4.05   2.68   2.64   2.47
200604   2.97   4.18   4.63   2.36   3.43   3.43
200605  -6.00  -4.95  -5.10  -3.86  -3.67  -2.95
200606  -1.78  -1.57  -1.44  -0.43  -0.21   0.42
200607  -2.51  -2.03  -2.58  -0.19   0.69   0.53
200608   2.87   2.56   2.81   2.86   3.33   1.75
200609  -0.54   0.03   0.39   1.19   2.10   0.18
200610   4.19   4.01   4.38   3.49   3.32   4.28
200611   3.03   2.75   3.38   3.31   2.18   2.88
200612   1.92   2.07   2.74   2.38   2.98   1.44
200701   2.22   2.18   2.51   1.93   1.33   0.89
200702   1.07   1.47   1.25  -0.07  -0.84   0.03
200703   2.36   2.67   1.96   1.69   1.74   3.00
200704   3.31   3.35   3.61   3.88   4.44   4.32
200705   1.93   2.49   2.25   2.86   2.43   3.55
200706   0.46   0.70   0.78  -1.15  -1.28   0.75
200707  -1.78  -1.53  -1.90  -2.98  -1.86  -1.49
200708  -4.03  -2.75  -4.89  -0.70  -0.31  -0.18
200709   3.42   1.79   2.64   5.41   4.08   5.75
200710   3.79   3.50   5.25   3.10   3.22   3.99
200711  -7.54  -6.93  -7.86  -5.37  -3.80  -3.38
200712  -1.72  -2.04  -2.49  -1.65  -1.42  -0.61
200801  -8.22  -7.54  -9.69  -6.95  -7.55  -7.84
200802   1.64   1.55   3.04  -0.69  -0.96   1.28
200803  -2.07  -0.71  -1.54  -0.66  -1.02  -1.17
200804   2.02   2.64   3.37   4.88   4.58   6.39
200805   3.60   3.18   3.38   1.52   1.17   2.88
200806  -6.79  -6.67  -7.29  -9.75  -9.05  -5.92
200807  -2.78  -2.00  -2.93  -1.47  -1.58  -4.26
200808  -3.00  -1.41  -1.99  -2.94  -1.59  -1.67
200809 -12.76 -12.09 -13.91 -12.66 -11.35 -12.47
200810 -21.19 -21.61 -23.40 -22.48 -19.89 -16.55
200811  -6.97  -7.31  -7.43  -8.33  -6.99  -4.93
200812   6.75   5.77   6.78   5.09   4.46   3.56
200901  -6.76  -8.14  -7.70  -9.87  -9.68  -7.17
200902 -10.35  -9.52  -9.19 -11.89 -10.84  -8.25
200903   6.13   5.62   7.28   8.77   7.72   6.62
200904  11.43  14.11  16.79  13.41  12.29   9.15
200905  11.36  10.63  12.31  11.09   9.52   9.46
200906   2.30   2.13   1.83  -0.80  -0.66  -0.21
200907   7.37   8.42   9.44   9.12   9.98   7.25
200908   4.89   6.09   6.49   6.36   4.22   1.65
200909   5.55   6.02   7.36   3.95   4.87   3.97
200910  -3.90  -2.20  -1.59  -4.59  -2.37  -0.05
200911   1.17   1.49   0.89   2.25   4.26   4.46
200912   2.22   3.20   2.78   0.71   2.33   2.04
201001  -1.64  -1.43  -0.92  -3.74  -3.69  -4.54
201002   1.52   1.46   1.17   1.60   1.17   1.18
201003   6.40   6.74   7.24   7.23   6.01   5.76
201004   4.05   3.60   4.75  -0.52  -0.18   0.42
201005 -10.21  -9.33 -10.44  -9.70  -9.38  -9.44
201006  -3.79  -2.95  -3.03  -3.08  -2.77  -3.39
201007   7.17   6.67   7.32   8.83   8.80   7.58
201008  -4.82  -4.01  -4.11  -5.40  -3.63  -3.00
201009  11.46  10.16  11.31   9.62  10.45   9.08
201010   3.42   3.75   4.18   2.83   4.22   4.39
201011   0.06  -0.77  -0.58  -2.51  -2.70  -2.03
201012  10.32   9.32   8.85   8.95   7.72   6.17
201101   1.07   1.28   1.10   3.21   2.35   1.65
201102   3.88   3.63   3.10   3.93   3.38   3.36
201103  -0.03   0.42   0.61  -2.80  -0.33  -0.01
201104   2.94   3.64   4.38   3.47   5.04   4.75
201105  -3.50  -2.32  -1.56  -3.42  -1.83  -1.46
201106  -2.84  -0.73  -0.92  -2.92  -1.01  -1.14
201107  -1.10  -0.43   0.13  -2.98  -1.88  -0.95
201108  -9.14  -6.99  -7.48  -9.61  -7.77  -5.78
201109 -11.21  -8.85 -10.00 -10.37  -9.73  -7.69
201110   8.11   6.42   8.62  10.58  10.68   9.63
201111  -3.78  -3.15  -4.05  -4.57  -2.46  -1.45
201112  -0.79  -0.30  -0.73  -0.76  -0.29  -0.32
201201   8.08   6.94   6.97   7.43   5.18   4.53
201202   4.41   3.78   4.48   5.61   4.96   4.72
201203   0.43   1.86   1.44   1.33   1.23   1.22
201204  -1.91  -0.71   0.22  -2.81  -0.81  -0.46
201205  -9.92  -8.71  -8.67 -10.49  -9.11  -7.62
201206   3.66   3.41   3.95   6.10   4.80   4.64
201207  -1.25  -0.53  -0.22  -0.33   1.51   1.38
201208   2.68   2.80   2.60   3.98   2.65   2.32
201209   4.44   4.12   3.96   4.45   3.07   2.00
201210  -1.17  -0.51  -0.29   1.01  -0.31  -1.22
201211  -0.02   0.72   0.74   1.62   1.74   1.01
201212   4.24   3.68   3.96   3.98   2.20   0.99
201301   5.80   6.07   5.75   6.74   5.65   4.30
201302  -0.05   0.63   0.74  -0.63   0.39   0.18
201303   2.41   2.45   3.72   1.74   2.23   2.51
201304   1.68   2.67   2.29   4.19   2.47   3.15
201305  -0.30   1.07  -0.39   1.72  -0.10   0.62
201306  -2.73  -1.86  -2.47  -3.20  -2.01  -2.74
201307   5.94   5.58   5.82   6.55   5.38   5.17
201308  -1.07  -0.88  -0.18  -1.78  -2.33  -1.57
201309   7.46   7.24   7.48   5.93   5.34   4.76
201310   1.68   3.45   2.74   3.62   3.99   3.80
201311   1.42   1.75   1.64   2.07   1.45   2.16
201312   1.88   2.03   2.03   2.50   2.00   2.19
201401  -0.01  -1.58  -1.46  -2.88  -3.30  -4.41
201402   4.24   4.44   3.80   4.27   5.33   5.53
201403  -0.46   0.59   0.75  -0.46   0.32   0.44
201404  -2.50  -0.93  -0.99  -0.72   0.98   1.78
201405   0.53   0.97   0.99   1.46   2.04   1.88
201406   4.25   3.77   3.33   1.79   2.03   1.61
201407  -3.16  -3.09  -2.54  -1.78  -2.31  -1.59
201408   1.75   0.92   1.43   2.12   1.66   2.25
201409  -5.86  -5.46  -5.10  -2.47  -2.96  -2.88
201410  -0.49  -0.06  -0.67  -0.93   0.61   0.92
201411  -0.58  -0.90  -0.38   1.46   1.30   2.77
201412   0.22   0.16  -0.05  -1.90  -0.91  -2.26
201501  -2.27  -1.95  -1.19  -3.60  -1.73  -0.50
201502   5.71   5.44   5.35   7.16   5.68   5.54
201503  -0.33   0.43   0.57  -0.98  -1.02  -1.77
201504   3.86   3.76   3.37   3.42   2.26   2.51
201505   2.00   1.12   1.10   1.36   0.06   0.13
201506  -0.40  -0.32   0.22  -1.68  -2.63  -2.31
201507  -3.03  -1.63  -0.44   1.09   1.23   2.02
201508  -5.41  -4.26  -4.71  -6.44  -6.41  -6.13
201509  -4.62  -4.07  -2.97  -5.41  -3.43  -3.34
201510   4.95   5.26   5.69   6.98   7.60   7.88
201511   0.86   0.63   1.36  -0.88  -0.30  -0.29
201512  -1.43  -0.89  -0.44  -2.19  -1.65  -1.68
201601  -9.04  -7.12  -7.34  -8.91  -5.46  -5.14
201602  -0.28   0.74   0.38  -1.56  -0.68   0.12
201603   7.82   8.21   8.61   6.53   6.80   7.06
201604   4.40   2.87   1.97   3.42   2.24   0.30
201605  -0.21   0.12   0.83   0.42   0.44   0.65
201606  -2.04  -2.24  -2.48  -4.34  -0.88  -0.73
201607   5.65   5.74   6.23   4.63   4.48   4.10
201608   1.20   1.00   0.48   1.21   0.60  -0.84
201609   3.26   2.34   2.36   0.97   0.49   0.82
201610  -3.28  -1.87  -2.21   0.09  -1.60  -3.12
201611   2.74   2.25   1.07   3.09   0.79   0.72
201612   1.99   2.71   2.39   2.56   2.44   1.95
201701   3.21   3.13   2.88   2.53   2.90   2.54
201702   1.59   1.51   1.55   0.94   2.34   3.26
201703   0.77   2.18   2.25   1.31   1.31   1.85
201704   1.06   2.93   2.95   1.72   2.04   1.90
201705   0.40   2.56   2.17   0.93   2.28   3.34
201706   3.02   1.81   1.49   1.82   0.59  -0.46
201707   2.57   2.80   2.85   3.62   2.61   1.83
201708  -0.02  -0.16   0.30  -1.12   0.53   0.99
201709   3.75   4.14   2.97   3.31   2.13   1.74
201710   0.76   1.16   1.78   1.15   2.49   2.10
201711   0.97   1.84   1.51   1.07   1.68   3.39
201712   2.38   1.88   2.57   1.99   0.92   1.42
201801   4.49   3.73   4.34   5.60   5.35   5.43
201802  -3.39  -3.85  -2.33  -4.63  -3.96  -3.48
201803  -1.16  -0.09  -0.31  -1.77  -1.72  -1.82
201804   1.56   0.50   0.01   2.14   1.01   0.62
201805   2.06   1.63   1.54  -1.29   0.61   1.65
201806  -1.23  -1.12  -1.12  -0.56  -0.59   0.22
201807   0.42   1.08  -0.04   3.18   2.32   3.45
201808   0.67   0.10  -0.37  -0.50   0.35   2.94
201809  -0.98  -0.90  -0.67   0.73   0.37   0.75
201810 -10.43  -9.52 -10.09  -8.14  -7.60  -7.92
201811  -0.12   0.86   0.67   0.78   1.43   0.91
201812  -8.26  -7.92  -8.71  -7.52  -7.08  -7.50
201901   7.26   7.22   8.38   8.00   7.97   7.19
201902   3.19   3.22   2.66   2.62   2.88   3.56
201903  -0.98  -1.44  -0.74  -0.11   0.80   2.27
201904   1.84   2.94   3.54   4.02   3.53   3.91
201905  -5.10  -6.24  -4.81  -6.52  -5.46  -5.90
201906   4.04   5.16   4.39   6.46   6.10   6.97
201907  -0.74  -1.18  -0.80  -0.55   0.16   0.79
201908  -4.03  -3.72  -4.79  -3.83  -2.80  -0.69
201909   1.42   3.24   3.13   2.29   2.66   1.38
201910   3.22   3.18   4.41   2.61   2.10   3.35
201911   2.96   2.46   3.04   3.24   2.50   2.97
201912   4.56   4.67   4.05   3.48   2.58   3.34
202001  -3.28  -3.98  -4.49  -1.16  -1.68   0.21
202002  -8.98  -9.76 -11.44  -8.13  -8.80  -7.99
202003 -16.89 -18.19 -20.44 -16.56 -14.49 -10.07
202004  11.12  11.36  14.38   9.55   9.79  11.62
202005   5.90   6.79   8.67   4.26   5.35   5.34
202006   3.14   2.25   2.27   2.93   1.65   3.63



  Average Equal Weighted Returns -- Monthly
               Small                 Big
          Low     2    High    Low     2    High
199007   1.62   2.72   3.19   2.05   2.76   2.62
199008  -7.97  -8.65  -9.83 -11.68 -11.98 -11.61
199009  -8.51  -8.35  -9.73 -12.94 -12.80 -12.24
199010  -1.41   1.23   2.46  11.35  10.61  11.86
199011  -1.22  -0.71  -1.21  -4.81  -3.79  -3.77
199012  -0.13   0.31   0.03   0.12   1.06   1.38
199101   2.23   1.92   1.41   1.02   1.68   2.54
199102  11.65  10.06  11.40  15.01  12.95  12.08
199103   1.93   1.15   1.28  -2.73  -2.23  -1.70
199104   1.87   1.02   1.02   0.18   0.51   0.45
199105   0.63  -0.62  -0.07   0.72   1.18   0.61
199106  -2.95  -4.02  -4.71  -6.75  -5.36  -5.50
199107   3.57   2.48   3.59   2.76   3.18   4.13
199108   0.15   0.46   1.18  -1.20  -1.85  -1.24
199109   3.40   4.10   5.54   4.06   4.84   4.11
199110   2.42   0.62   0.65   1.58   0.98   0.96
199111  -1.99  -2.06  -1.75  -5.31  -5.26  -4.92
199112   2.41   3.65   4.22   5.00   6.45   6.43
199201   6.97   2.06   2.16  -0.66   0.01  -0.92
199202   3.15   1.20   1.93  -1.14  -1.03  -1.46
199203  -2.60  -2.56  -3.63  -6.23  -4.99  -5.16
199204  -1.63   0.61   0.90  -2.04  -0.24  -0.13
199205   4.41   5.32   5.09   6.47   5.55   5.06
199206  -3.24  -1.99  -2.13  -4.59  -3.86  -3.76
199207  -0.93  -1.77  -1.67  -2.97  -1.94  -1.24
199208  -2.04   0.14  -0.21   1.68   2.59   2.52
199209  -1.93  -1.71  -1.76  -2.76  -1.86  -1.38
199210  -2.97  -3.54  -4.33  -1.29  -2.93  -3.38
199211   2.27   1.24   1.28   1.26   1.16   2.39
199212   3.23   2.48   3.06   0.45   1.73   1.26
199301   5.10   3.76   4.47   2.23   1.55   0.61
199302   3.10   1.90   1.43   2.70   2.60   1.26
199303   7.33   7.20   7.55   7.84   7.24   7.18
199304   5.53   4.46   5.44   6.66   5.66   4.08
199305   6.83   5.89   5.65   4.11   3.53   3.24
199306  -0.92  -2.56  -2.66  -2.35  -2.43  -2.96
199307   3.48   2.02   2.23   2.88   2.27   2.20
199308   6.04   6.67   6.39   5.83   4.96   5.15
199309   0.45   1.03   0.39  -2.19  -0.95  -0.78
199310   3.49   1.83   2.68   0.20  -0.19   1.09
199311  -2.82  -2.48  -2.19  -7.10  -6.24  -5.74
199312   5.33   4.99   4.34   6.12   5.38   4.20
199401  11.69   9.11   9.29  11.17   7.90   7.91
199402   1.39   1.40   1.24  -0.46   0.06   0.08
199403  -2.64  -1.69  -2.88  -1.78  -1.93  -2.68
199404   1.96   2.46   2.06   3.26   2.75   1.99
199405  -0.16  -0.57  -0.80  -0.20  -0.97  -0.60
199406  -1.50   0.19  -0.76   0.56   0.82   0.21
199407   0.94   1.66   1.73   1.61   2.20   1.84
199408   1.96   2.28   2.61   1.80   2.17   2.98
199409   0.75   0.16  -0.06  -2.38  -2.47  -2.22
199410   0.06   0.83   0.79   1.40   1.60   1.76
199411  -5.01  -4.37  -4.94  -5.94  -5.11  -5.05
199412  -0.40   0.61   0.24   1.62   1.27   1.40
199501   0.52  -1.14  -0.47  -3.12  -1.75  -1.36
199502   1.72   1.61   1.28   0.30   1.02   0.92
199503   2.08   2.14   2.15   2.81   3.78   4.64
199504   2.63   1.72   1.42   3.45   2.55   2.59
199505   0.76   0.67   1.66  -0.99   0.03  -0.66
199506   2.34   1.97   1.71  -0.60   0.13   1.05
199507   4.85   4.64   5.44   6.53   4.80   4.72
199508   2.80   0.14   0.54  -0.96  -1.29  -1.23
199509   2.21   0.96   1.99   0.20   1.17   1.87
199510  -3.19  -2.10  -2.09  -2.58  -2.31  -1.91
199511   0.93   0.55  -0.26   2.81   2.20   2.40
199512   2.47   2.07   1.19   3.60   2.05   1.95
199601   3.89   1.58   2.15   2.00   1.08   2.14
199602   3.85   2.55   3.71   1.23   2.02   2.39
199603   2.28   2.17   2.03   1.63   1.83   1.88
199604   5.68   4.93   4.82   5.18   3.88   3.91
199605   5.28   3.06   3.33  -0.01   0.43   0.59
199606  -2.69  -1.17  -1.32  -1.58  -0.29  -0.49
199607  -5.54  -3.55  -3.37  -5.86  -4.14  -4.07
199608   3.62   2.39   2.61   2.27   1.83   1.93
199609   1.49   0.87   0.98   2.39   2.70   2.68
199610  -0.08   0.45   1.09  -1.85  -0.38  -0.55
199611   3.24   2.23   2.04   3.12   3.47   3.46
199612  -0.31  -0.11  -0.37  -2.40  -1.14  -1.21
199701   2.83   0.14   0.83  -0.74  -0.76  -1.25
199702   1.40   1.12   0.76  -0.14   0.33   0.37
199703  -3.29  -1.77  -2.10  -3.93  -2.50  -1.49
199704  -2.99  -1.81  -1.85  -0.72   0.77   0.73
199705   7.69   8.01   7.70  10.10   8.74   8.93
199706   1.46   2.81   2.08   2.96   3.30   3.84
199707  -0.10  -0.04   0.42   2.03   3.23   2.73
199708   1.07  -0.30   0.13  -3.17  -3.34  -3.53
199709   4.24   2.95   3.28   3.61   4.71   4.10
199710  -3.65  -3.05  -3.18  -4.72  -4.32  -4.36
199711  -5.89  -4.25  -4.40  -4.03  -1.31  -1.66
199712  -3.98  -3.23  -3.42  -1.26  -0.44  -1.95
199801   4.32   3.82   3.71   5.45   2.22   3.89
199802   7.32   6.47   7.72   9.70   7.24   7.46
199803   3.03   2.83   3.24   3.32   3.97   3.49
199804   1.62   2.03   2.06   0.21   0.43   0.83
199805  -2.41  -1.50  -1.66  -3.09  -1.89  -1.92
199806  -4.32  -2.99  -3.31  -1.57  -2.00  -0.47
199807  -3.11  -3.40  -2.51  -3.00  -2.02  -1.82
199808 -15.17 -12.28 -12.55 -15.85 -13.75 -13.07
199809   1.85   0.54  -1.22   2.34   1.67   0.96
199810   5.46   6.32   4.73   8.31   9.14   8.81
199811   6.25   3.96   4.52   4.99   3.80   4.52
199812   0.51   1.02   1.60   3.47   3.61   3.57
199901   4.86   1.42   1.05   0.51  -1.43   0.38
199902  -1.91  -2.33  -1.64  -3.63  -3.25  -2.48
199903   2.59   2.64   1.60   4.93   3.60   3.39
199904  10.14  10.30   8.29   7.83   7.20   6.72
199905   3.19   1.99   1.85  -0.94  -0.85  -0.70
199906   5.42   7.22   5.72   3.20   3.51   4.51
199907   4.63   2.64   3.44   0.47   1.03   1.29
199908   0.78   0.44   1.04   0.18  -0.26  -0.30
199909   1.91   0.58   0.74   0.43  -0.55  -1.07
199910  -0.42  -1.20  -1.02   2.49   2.09   1.41
199911   6.12   1.50   2.76   2.99   0.32   3.20
199912   7.06   2.86   5.73   7.23   4.71   5.60
200001   8.49   1.05   2.18  -3.92  -4.53  -5.12
200002  10.63   2.83   4.20   1.93  -1.61   0.04
200003   2.50   2.29   2.55   5.61   8.13   8.44
200004 -10.90  -5.89  -6.61  -4.40  -1.74  -2.86
200005  -3.12   0.05  -1.42  -0.61   1.75   0.30
200006   7.14   4.93   4.48   4.94   2.33   2.07
200007  -2.74  -0.98  -1.91  -5.12  -0.98  -1.46
200008   2.72   2.54   2.42   8.12   5.72   3.04
200009  -4.97  -2.24  -3.22  -6.13  -1.89  -2.46
200010  -8.93  -5.45  -6.34  -7.37  -2.38  -1.12
200011  -7.48  -2.60  -3.32 -12.42  -3.45  -3.69
200012  -1.97   3.07   2.77   3.01   5.66   3.99
200101  12.82   6.45   7.01   9.78   3.49   3.25
200102  -4.96  -1.37  -2.05 -12.32  -5.22  -4.62
200103  -8.80  -5.31  -6.95 -13.08  -6.93  -7.31
200104   7.16   6.30   6.57  12.51   9.47   8.97
200105   2.44   3.25   2.23  -0.05  -0.16   0.31
200106  -2.33  -0.11  -1.75  -3.84  -1.88  -3.08
200107  -4.74  -1.70  -2.32  -6.06  -1.18  -0.86
200108  -2.13   0.82   0.34  -5.16  -1.71  -2.28
200109 -13.79 -11.69 -13.42 -15.02 -11.30 -11.74
200110   7.84   4.34   5.16   9.09   4.32   5.34
200111   7.07   3.92   4.57   8.08   6.62   5.97
200112   0.02   0.51   0.74   0.75   1.69   1.82
200201   1.40   0.92   0.84  -5.25  -1.61  -1.24
200202  -1.38   1.40   2.19  -2.93   0.75   1.51
200203   5.07   6.44   6.62   6.10   6.78   6.32
200204   0.32   4.14   3.46  -2.81   1.11   0.13
200205   2.07   3.56   3.49  -0.94   1.54   1.47
200206  -4.56  -1.65  -2.52  -9.04  -5.22  -4.87
200207  -8.97  -6.94  -7.35 -10.12  -8.74  -9.30
200208  -0.51  -0.19  -0.39  -0.25   0.67   0.65
200209  -9.03  -7.13  -8.34 -11.96  -8.93  -8.65
200210   2.20   0.10  -0.19   7.37   3.27   3.09
200211   6.97   4.04   3.52  10.11   6.13   5.82
200212  -0.96   0.25   0.41  -5.22  -2.22  -2.23
200301   2.01   0.72   1.33  -1.24  -2.27  -2.13
200302  -1.26  -0.43  -1.00  -2.86  -1.46  -2.24
200303  -1.29  -1.04  -0.79  -1.00  -0.15   0.13
200304   8.97   8.30   7.99  11.77   9.58   9.34
200305  13.02   9.75  11.23  10.51   8.22   8.10
200306   6.75   5.58   6.27   2.76   2.41   3.37
200307   6.18   4.78   4.39   4.10   3.00   1.94
200308   8.47   5.28   5.60   5.34   4.05   4.12
200309   8.03   5.59   7.85   2.86   2.15   2.46
200310   7.56   6.12   6.97   7.85   6.63   5.88
200311   2.36   1.98   1.89   2.11   2.29   1.96
200312   4.54   5.01   4.95   5.38   5.14   5.12
200401   9.22   5.34   6.31   4.02   2.10   2.26
200402   2.88   2.73   3.19   1.66   2.55   2.97
200403   1.65   3.85   4.07   1.06   1.59   1.78
200404  -4.20  -1.83  -0.76  -4.23  -2.52  -1.77
200405  -1.86  -0.79  -1.09   1.87   0.86   0.61
200406   1.77   4.04   4.04   2.82   3.02   3.46
200407  -3.50  -2.71  -2.11  -5.63  -3.71  -3.50
200408  -0.49   0.53   0.24  -0.42   0.85   0.63
200409   3.43   2.75   3.55   3.33   2.81   3.32
200410   3.90   3.20   3.74   3.43   3.04   2.85
200411   8.46   7.23   7.11   7.44   6.32   6.47
200412   4.13   3.98   3.90   4.40   4.52   4.16
200501   1.22   1.96   2.74  -1.97  -0.99  -0.59
200502   4.27   4.06   4.30   3.13   2.89   3.66
200503  -2.01  -1.25  -1.79  -1.70  -1.36  -1.44
200504  -3.27  -2.66  -2.76  -3.72  -2.78  -3.16
200505  -0.94  -0.60  -1.42   2.62   2.21   1.90
200506   2.30   2.53   3.09   1.59   2.14   2.67
200507   4.95   3.95   4.18   3.89   4.60   3.94
200508   2.89   1.89   3.24   2.07   1.77   1.98
200509   2.52   1.86   1.02   2.73   2.18   2.83
200510  -2.86  -1.94  -2.35  -2.86  -2.78  -3.40
200511   1.69   2.19   1.51   3.60   3.67   3.50
200512   3.91   4.91   5.17   3.66   3.87   3.89
200601   8.83   6.95   6.87   6.39   5.70   5.62
200602   0.82  -0.14  -0.45   0.43   0.45  -0.77
200603   4.52   3.76   3.72   3.63   3.32   3.20
200604   5.29   4.76   4.96   2.83   3.48   3.48
200605  -4.73  -4.88  -5.00  -4.05  -3.99  -4.21
200606  -2.57  -1.42  -1.62  -0.58  -0.47  -0.54
200607  -1.28  -1.27  -1.76  -1.16  -1.07  -1.08
200608   2.51   2.51   3.08   3.14   3.17   2.36
200609  -0.56  -0.36  -0.36   0.86   1.54   0.83
200610   3.97   3.68   3.75   3.67   3.67   4.88
200611   3.88   2.54   3.56   3.97   3.21   3.31
200612   2.21   2.36   2.66   2.21   2.22   1.55
200701   4.25   3.48   3.40   1.98   2.04   2.21
200702   2.25   1.78   1.36   1.11   0.62   0.96
200703   3.00   1.96   2.20   2.42   2.46   2.94
200704   4.84   3.80   3.36   3.34   3.64   4.05
200705   2.75   2.84   1.98   2.18   2.63   3.29
200706   2.58   2.69   2.41  -1.22  -0.75  -0.33
200707   0.58   0.39  -0.73  -2.44  -1.53  -1.62
200708  -6.40  -4.66  -6.13  -1.65  -1.20  -1.58
200709   3.77   2.24   2.61   4.13   3.70   4.53
200710   3.34   3.17   4.74   3.18   3.58   3.50
200711  -7.06  -6.97  -7.61  -6.41  -4.78  -5.20
200712  -2.76  -1.98  -2.58  -2.50  -1.33  -1.71
200801  -7.22  -7.58  -8.21  -6.88  -6.97  -6.84
200802   2.38   3.19   3.85   0.12   0.65   2.22
200803  -4.24  -2.21  -2.59  -1.49  -1.00  -1.35
200804   1.77   2.49   2.71   4.68   4.98   5.24
200805   4.11   2.73   2.82   2.46   2.11   3.31
200806  -6.61  -6.44  -7.43 -10.47  -9.44  -8.27
200807  -4.85  -2.77  -4.05  -3.00  -2.58  -4.00
200808  -6.19  -4.29  -4.81  -1.92  -1.16  -1.84
200809 -14.53 -12.13 -13.03 -14.37 -13.29 -14.99
200810 -24.36 -22.56 -23.53 -24.18 -22.69 -23.02
200811  -8.40  -6.23  -6.28  -7.60  -6.74  -7.63
200812   5.33   5.86   5.41   7.60   6.30   6.32
200901  -1.39  -5.54  -5.37  -6.92  -7.79  -7.03
200902  -6.84  -8.14  -7.64 -11.25 -10.59  -7.84
200903   8.87   6.55   8.86  11.18   9.39   9.82
200904  18.40  16.82  17.59  19.19  18.94  18.47
200905  18.77  17.32  17.68  13.90  11.94  11.81
200906   2.61   2.92   3.39  -0.31   0.42  -0.26
200907   7.38   7.44   9.05   8.30   9.01   8.65
200908   7.25   6.75   7.97   5.69   4.60   3.79
200909   7.40   6.11   7.46   4.92   5.48   5.32
200910  -0.39  -0.87  -0.35  -3.99  -2.76  -1.39
200911   0.97   0.43   0.21   2.41   2.79   3.48
200912   0.34   1.49   1.39   1.58   3.06   3.67
201001   0.70   0.17   1.04  -2.46  -2.47  -3.19
201002  -0.20   0.78   0.51   1.52   1.54   1.81
201003   5.75   5.54   5.81   6.79   6.78   7.09
201004   4.96   4.30   6.16   1.25   1.19   1.59
201005 -11.28  -9.59 -10.18  -9.46  -9.03  -9.55
201006  -3.37  -1.17  -1.70  -3.15  -2.94  -3.08
201007   7.99   6.76   7.03   8.42   8.44   7.93
201008  -3.28  -3.23  -3.35  -5.05  -3.35  -3.43
201009  11.65   9.82  10.10  11.45  10.78  10.40
201010   4.70   3.45   3.33   3.54   3.96   4.09
201011  -0.49  -1.35  -1.07  -1.36  -1.17  -1.00
201012  10.29   8.67   9.11   9.90   8.16   7.42
201101   3.78   2.87   2.95   2.70   1.93   1.18
201102   3.56   3.08   3.17   3.79   3.28   3.72
201103  -0.35   0.16  -0.22  -1.26   0.67   0.75
201104   3.91   3.97   4.18   3.68   4.57   4.34
201105  -3.89  -2.04  -1.67  -2.87  -1.69  -1.22
201106  -3.93  -0.60  -0.64  -3.32  -0.98  -0.94
201107   1.47   0.85   1.06  -3.01  -2.12  -1.77
201108  -8.25  -6.38  -7.16  -9.17  -7.49  -6.63
201109 -11.54  -9.12  -9.83 -11.22 -10.62  -9.96
201110   6.97   6.01   7.47  11.15  11.36  10.84
201111  -5.07  -3.77  -4.19  -4.76  -2.41  -2.85
201112  -1.53   0.18   0.01  -1.27  -1.06  -1.35
201201   9.81   7.96   7.58   9.32   6.95   6.94
201202   6.15   5.18   6.17   5.56   5.51   5.59
201203  -0.22   1.60   1.54   0.10   0.91   0.47
201204  -1.70  -0.26   0.62  -2.56  -0.51  -0.85
201205 -11.02  -8.95  -8.71 -11.57 -10.02  -9.51
201206   1.61   3.39   3.41   5.23   4.07   4.14
201207  -0.40  -0.61  -0.08  -0.38   0.68   0.27
201208   2.66   2.91   2.32   4.33   2.65   2.75
201209   4.26   3.77   3.84   4.02   3.03   2.51
201210  -0.36   0.00   0.27   0.34   0.01   0.34
201211  -0.88   0.48   0.27   0.79   1.66   1.74
201212   3.41   3.60   3.74   3.36   2.95   3.09
201301   7.80   6.71   6.68   6.03   5.69   5.27
201302  -1.41   0.38   0.43  -0.02   0.68   0.76
201303   0.52   2.17   3.14   2.39   2.39   2.65
201304  -0.64   2.39   2.23   3.30   2.21   2.94
201305  -1.47  -0.24  -1.06   0.62   0.54   1.16
201306  -4.48  -2.24  -3.17  -2.92  -2.23  -2.32
201307   6.43   5.44   6.88   5.94   5.76   6.22
201308   2.05   0.46   0.26  -1.47  -1.60  -1.81
201309   7.52   7.69   7.90   6.34   6.16   6.05
201310   2.66   3.39   3.15   3.42   3.29   3.04
201311   0.51   1.27   0.93   1.77   1.18   1.38
201312   1.39   1.72   1.39   2.41   2.19   2.10
201401   3.07   0.49   1.29  -2.08  -2.86  -3.46
201402   3.96   3.33   2.78   5.15   5.54   5.31
201403   0.12   0.87   0.52  -0.34   0.35   0.13
201404  -1.83   0.01  -0.13  -0.80   0.36   0.33
201405   0.23   0.68   0.74   1.72   1.67   1.85
201406   3.45   3.27   3.66   3.20   2.64   1.97
201407   0.55  -1.16  -0.79  -3.20  -2.79  -2.65
201408   1.01   0.66   1.16   1.95   1.76   1.96
201409  -5.39  -4.33  -4.42  -4.40  -3.87  -4.35
201410  -3.35  -1.98  -2.42  -1.07   0.71   0.57
201411  -1.58  -0.83  -0.89   0.96   1.11   1.31
201412  -2.85  -0.88  -1.10  -1.83  -1.08  -1.10
201501  -2.64  -1.81  -1.14  -2.37  -1.25  -1.44
201502   4.68   4.39   4.00   7.78   6.31   6.50
201503  -1.12  -0.21  -0.14  -1.11  -0.60  -1.10
201504   7.64   6.27   6.27   3.48   3.37   2.97
201505   2.06   0.71   0.54   0.51   0.19  -0.25
201506  -0.48   0.08   0.38  -2.11  -2.27  -2.25
201507  -3.06  -1.82  -0.77  -0.56   0.00   1.01
201508  -4.78  -4.12  -5.20  -6.02  -5.12  -5.77
201509  -2.75  -2.69  -2.76  -5.87  -4.12  -4.27
201510   5.02   4.88   5.31   6.69   7.21   7.00
201511  -0.99  -0.50   0.63  -0.63   0.01  -0.10
201512  -0.61   0.02  -0.15  -2.63  -2.15  -2.49
201601  -7.13  -6.52  -6.71 -10.03  -6.72  -6.12
201602   1.65   0.81   0.74   0.18   0.86   0.65
201603   9.09   8.60   9.71   8.82   8.53   8.29
201604   6.50   4.21   3.47   4.61   2.60   1.95
201605  -1.24  -1.22  -0.49   0.19  -0.06  -0.03
201606  -1.48  -1.46  -1.58  -3.68  -2.62  -2.41
201607   5.38   5.02   5.05   5.52   4.97   5.09
201608   1.67   1.50   1.08   0.58   0.36   0.10
201609   3.79   3.11   3.99   2.03   1.19   0.72
201610  -1.88  -0.92  -1.11  -1.75  -2.21  -2.70
201611   0.26   0.55  -1.03   2.63   0.87   0.43
201612   1.22   2.49   2.22   1.84   2.18   1.95
201701   6.80   4.84   6.12   4.02   3.25   3.00
201702   2.06   1.52   2.17   1.05   1.77   2.17
201703   1.40   2.22   2.60   1.38   1.70   2.23
201704   0.06   2.41   2.00   2.17   2.38   2.59
201705   0.69   3.18   3.49   0.92   2.54   2.76
201706   2.24   2.24   2.01   1.53   1.12   0.67
201707   3.82   3.73   3.64   3.14   2.47   2.17
201708   0.52   0.27   0.82  -0.72   0.17   1.01
201709   3.52   3.43   2.54   3.26   2.32   2.56
201710   1.66   0.99   2.03   1.11   2.15   1.26
201711   2.53   1.47   2.37   1.42   1.88   3.05
201712   3.35   2.29   3.30   2.30   1.09   2.16
201801   6.63   5.39   5.85   4.98   4.69   4.60
201802  -3.96  -3.14  -2.20  -3.89  -3.90  -3.67
201803  -1.33  -0.29  -0.34  -0.50  -0.87  -0.75
201804  -0.67  -0.25  -0.23   1.84   0.60   0.54
201805   0.00   0.97   1.41  -0.15   0.42   0.18
201806  -2.83  -1.64  -1.92  -1.05  -0.73   0.11
201807   0.18   0.35  -0.39   1.70   1.82   2.18
201808  -0.87  -0.31  -0.62   0.78   0.56   0.70
201809  -0.20  -0.59  -1.14   0.33  -0.18   0.14
201810  -9.12  -8.54  -9.39  -8.92  -8.81  -9.40
201811  -0.98   0.32   0.37   0.20   1.10   0.95
201812  -7.42  -6.97  -8.01  -8.16  -7.39  -7.29
201901   7.37   6.59   7.77   9.69   8.86   9.30
201902   1.76   2.06   2.42   3.45   3.13   3.03
201903  -0.13  -0.85  -0.43  -0.53  -0.03   0.32
201904   1.44   2.43   2.12   3.28   3.96   3.69
201905  -4.00  -4.69  -3.96  -6.34  -6.38  -6.67
201906   2.70   3.67   3.13   5.86   6.67   6.58
201907   0.09  -1.24   0.23  -0.26  -0.33   0.19
201908  -3.40  -4.24  -3.71  -4.09  -2.97  -2.52
201909   1.61   2.89   2.90   2.02   2.99   2.39
201910   1.76   3.01   3.90   2.63   2.39   3.67
201911   1.04   2.02   2.49   3.70   2.66   2.66
201912   5.21   5.53   4.65   3.64   2.93   3.06
202001  -0.21  -3.32  -3.27  -1.71  -1.97  -2.60
202002  -9.04  -9.76 -11.37  -8.09  -9.33  -9.00
202003 -17.32 -18.10 -18.63 -18.21 -17.62 -15.97
202004  17.26  12.54  15.23  11.63  12.09  13.06
202005   8.24   5.62   8.53   5.21   6.09   7.20
202006   6.48   3.34   3.68   2.97   1.98   2.08



  Average Value Weighted Returns -- Annual
           Small                 Big
       Low    2      High   Low    2      High
1991  17.08  18.16  22.74  12.22  15.49  21.16
1992  -5.59  -3.07  -0.31 -10.41  -4.28  -6.07
1993  32.85  31.48  33.55  28.36  22.66  13.55
1994   4.53   9.25   6.39   7.33   5.30   6.85
1995  19.49  13.13  15.62  12.84  18.56  23.07
1996   9.55  10.84  16.53   0.10  15.20  16.72
1997  -2.53   0.38   0.81   2.34  16.84  20.78
1998   2.30   4.85   6.43  17.93  18.27  28.00
1999  37.89  24.69  32.85  31.45  23.23  32.93
2000 -18.37   0.71  -4.53 -19.82  -6.82 -14.99
2001 -13.45  -0.69  -3.79 -24.57 -14.68 -14.45
2002 -15.84  -2.19  -3.36 -29.34 -14.62 -15.95
2003  62.91  53.87  59.44  46.42  35.93  27.55
2004  22.42  28.96  36.40  16.38  17.14  15.23
2005  15.39  20.29  23.59   9.90  12.19  10.27
2006  17.58  18.53  19.85  20.03  24.03  19.21
2007   2.85   4.46   2.33   6.61   7.62  17.48
2008 -42.04 -39.85 -43.70 -44.98 -41.72 -35.69
2009  33.04  41.37  53.33  27.96  32.69  30.74
2010  23.95  23.53  26.30  12.55  14.93  10.90
2011 -16.59  -8.12  -7.92 -16.73  -5.34  -0.55
2012  13.21  17.22  19.87  22.60  17.55  13.65
2013  26.35  34.25  32.82  33.05  26.89  27.05
2014  -2.49  -1.56  -1.22  -0.30   4.56   5.76
2015  -0.83   2.98   7.65  -2.18  -1.16   1.27
2016  11.67  14.86  11.99   7.38   9.52   5.52
2017  22.39  28.98  28.36  20.98  24.11  26.64
2018 -16.07 -15.20 -16.62 -12.18  -9.85  -5.57
2019  18.30  20.35  23.90  22.89  24.75  32.50



  Average Equal Weighted Returns -- Annual
           Small                 Big
       Low    2      High   Low    2      High
1991  27.61  19.70  25.47  13.45  16.84  18.01
1992   4.15   1.13   0.24 -11.73  -6.12  -6.48
1993  51.72  40.05  41.39  29.14  25.04  20.53
1994   8.51  12.18   8.17  10.24   8.00   7.27
1995  21.83  13.88  15.37  11.57  12.84  15.75
1996  22.07  16.23  18.86   5.77  11.58  13.09
1997  -2.05  -0.03  -0.35  -0.98   7.93   5.86
1998   3.18   5.44   4.84  12.30  11.00  15.40
1999  53.73  31.16  33.31  28.17  16.81  23.75
2000 -10.78  -1.07  -4.98 -17.01   6.28   0.38
2001  -2.67   3.94  -1.86 -18.62  -4.60  -6.03
2002  -8.41   4.05   0.65 -24.42  -7.64  -8.37
2003  87.17  64.86  72.76  57.79  46.60  44.45
2004  27.37  31.69  36.78  20.78  23.19  25.41
2005  15.21  17.89  17.79  13.36  16.14  16.50
2006  24.50  19.47  20.48  23.02  22.97  19.81
2007  10.70   8.39   4.22   3.63   9.05  11.07
2008 -49.90 -42.24 -45.53 -45.85 -42.42 -43.25
2009  80.16  60.33  74.33  49.09  49.40  56.20
2010  28.14  24.94  27.96  20.89  21.89  19.75
2011 -15.38  -5.72  -6.03 -16.23  -6.11  -5.29
2012  12.56  19.70  21.98  18.35  18.25  17.83
2013  22.04  32.78  32.09  31.06  29.18  30.64
2014  -3.02  -0.09   0.13  -1.14   3.22   1.50
2015   2.21   4.75   6.57  -3.79   0.81  -1.01
2016  18.17  16.51  15.43  10.09   9.53   7.44
2017  32.51  32.53  38.46  23.75  25.33  28.82
2018 -19.48 -14.41 -16.18 -12.94 -12.71 -11.90
2019  15.97  17.81  23.01  24.41  25.56  27.81



  Number of Firms in Portfolios
              Small                 Big
          Low    2      High   Low    2      High
199007   2176   1545   1187    753   1007    755
199008   2169   1545   1186    753   1007    755
199009   2169   1544   1185    753   1007    755
199010   2166   1542   1182    752   1007    754
199011   2148   1539   1181    752   1007    752
199012   2141   1537   1180    752   1006    752
199101   2138   1535   1179    751   1006    752
199102   2133   1533   1177    750   1006    752
199103   2128   1533   1177    750   1005    752
199104   2122   1531   1176    749   1005    751
199105   2114   1528   1175    748   1005    751
199106   2108   1526   1175    747   1004    750
199107   3249   1950   1415    810   1079    809
199108   3245   1946   1415    809   1079    809
199109   3240   1945   1415    808   1077    809
199110   3219   1944   1413    808   1077    809
199111   3202   1943   1411    806   1077    809
199112   3192   1941   1409    806   1077    809
199201   3185   1937   1407    804   1076    808
199202   3182   1936   1405    804   1076    808
199203   3177   1935   1403    804   1076    808
199204   3173   1935   1402    804   1075    808
199205   3169   1932   1399    804   1075    807
199206   3164   1927   1398    802   1075    807
199207   3939   2224   1683    880   1171    879
199208   3933   2222   1681    877   1171    878
199209   3926   2218   1681    877   1171    877
199210   3915   2214   1679    876   1171    877
199211   3907   2212   1677    875   1171    877
199212   3899   2208   1677    875   1171    877
199301   3893   2205   1673    872   1171    876
199302   3890   2205   1672    872   1171    876
199303   3888   2202   1671    872   1171    876
199304   3883   2201   1669    871   1171    876
199305   3878   2198   1667    871   1170    875
199306   3873   2194   1666    870   1168    874
199307   4460   2431   1932    940   1253    939
199308   4447   2429   1931    940   1253    939
199309   4439   2425   1928    939   1253    939
199310   4437   2424   1927    939   1253    938
199311   4431   2419   1926    937   1252    938
199312   4417   2414   1923    935   1250    938
199401   4408   2410   1921    931   1249    937
199402   4394   2409   1919    930   1248    937
199403   4382   2408   1917    928   1248    936
199404   4368   2407   1914    927   1247    935
199405   4354   2402   1912    927   1246    934
199406   4341   2401   1909    927   1241    934
199407   5124   2567   2114   1048   1398   1049
199408   5112   2565   2109   1048   1397   1049
199409   5101   2556   2106   1046   1396   1047
199410   5089   2550   2102   1044   1393   1045
199411   5076   2538   2099   1043   1393   1043
199412   5063   2528   2096   1043   1392   1042
199501   5048   2520   2087   1041   1387   1039
199502   5031   2516   2083   1038   1387   1038
199503   5012   2512   2077   1037   1385   1038
199504   4988   2508   2072   1035   1383   1032
199505   4972   2504   2069   1034   1383   1029
199506   4956   2498   2065   1032   1381   1028
199507   5753   2907   2303   1067   1423   1067
199508   5726   2903   2295   1064   1422   1064
199509   5710   2897   2287   1063   1419   1061
199510   5686   2893   2281   1062   1414   1059
199511   5661   2879   2278   1059   1413   1056
199512   5640   2870   2274   1056   1408   1053
199601   5610   2860   2265   1054   1403   1049
199602   5584   2854   2251   1046   1398   1046
199603   5565   2846   2243   1044   1393   1044
199604   5543   2837   2232   1041   1387   1042
199605   5520   2830   2227   1036   1384   1039
199606   5498   2819   2218   1035   1380   1038
199607   6336   3253   2189   1135   1514   1134
199608   6315   3244   2183   1133   1510   1127
199609   6283   3229   2176   1126   1507   1119
199610   6252   3219   2169   1123   1505   1116
199611   6228   3203   2163   1120   1504   1113
199612   6202   3193   2156   1116   1503   1113
199701   6160   3181   2146   1111   1492   1107
199702   6125   3174   2138   1110   1488   1103
199703   6090   3164   2129   1109   1487   1103
199704   6056   3153   2126   1108   1486   1099
199705   6031   3149   2116   1104   1480   1095
199706   6003   3134   2110   1100   1476   1092
199707   7226   3353   2534   1041   1389   1041
199708   7179   3344   2528   1036   1385   1036
199709   7141   3332   2521   1034   1376   1031
199710   7096   3320   2513   1031   1372   1029
199711   7058   3298   2503   1027   1367   1026
199712   7033   3277   2491   1026   1364   1023
199801   6973   3255   2473   1021   1359   1018
199802   6935   3240   2464   1014   1355   1014
199803   6888   3215   2452   1010   1350   1012
199804   6840   3198   2438   1008   1342   1007
199805   6799   3182   2427   1003   1339   1005
199806   6749   3165   2418   1000   1335   1003
199807   7582   3738   2679    876   1167    875
199808   7525   3717   2668    871   1163    873
199809   7470   3694   2653    867   1155    871
199810   7397   3671   2637    859   1152    867
199811   7335   3655   2627    853   1143    864
199812   7286   3639   2613    849   1136    860
199901   7214   3621   2592    837   1129    855
199902   7165   3604   2575    834   1127    851
199903   7117   3580   2558    830   1126    847
199904   7045   3551   2542    827   1123    843
199905   6994   3536   2528    820   1121    839
199906   6947   3519   2509    815   1117    838
199907   7709   3970   2625    762   1017    765
199908   7647   3936   2597    758   1009    762
199909   7585   3904   2582    755   1005    757
199910   7526   3867   2568    752   1001    755
199911   7475   3840   2551    751    995    753
199912   7403   3812   2530    745    988    752
200001   7344   3793   2510    740    982    747
200002   7290   3778   2496    736    980    743
200003   7238   3749   2479    731    978    743
200004   7186   3718   2455    726    974    741
200005   7141   3693   2438    718    970    741
200006   7086   3664   2426    711    964    738
200007   7497   4303   2737    727    972    729
200008   7456   4272   2717    722    966    722
200009   7409   4244   2703    717    956    717
200010   7347   4205   2683    710    951    710
200011   7302   4173   2669    706    944    706
200012   7251   4141   2658    701    937    702
200101   7197   4111   2645    696    931    697
200102   7149   4068   2634    692    927    696
200103   7102   4045   2617    690    922    695
200104   7030   4017   2600    679    920    689
200105   6970   3995   2587    677    918    684
200106   6912   3971   2578    672    917    679
200107   8326   3697   2684    711    948    713
200108   8255   3673   2667    710    943    711
200109   8199   3655   2657    708    938    706
200110   8144   3644   2642    707    932    705
200111   8081   3627   2629    705    927    700
200112   8023   3605   2617    700    927    700
200201   7960   3590   2603    694    922    695
200202   7905   3580   2589    690    918    693
200203   7851   3559   2580    684    917    691
200204   7793   3543   2564    681    915    689
200205   7732   3523   2556    681    914    688
200206   7660   3507   2548    677    912    688
200207   8103   3537   2413    723    968    724
200208   8030   3514   2393    719    967    723
200209   7961   3504   2385    719    963    719
200210   7881   3480   2372    717    961    714
200211   7824   3460   2362    715    960    712
200212   7774   3451   2359    714    958    709
200301   7716   3432   2340    713    957    706
200302   7664   3416   2324    711    955    706
200303   7608   3406   2310    710    955    705
200304   7554   3392   2297    705    950    705
200305   7521   3378   2288    703    949    702
200306   7482   3367   2276    701    947    698
200307   7542   3329   2339    719    960    721
200308   7502   3312   2326    717    958    719
200309   7468   3299   2314    714    953    716
200310   7434   3284   2304    710    952    714
200311   7394   3274   2294    710    950    711
200312   7369   3264   2282    709    948    710
200401   7321   3252   2263    705    947    709
200402   7291   3238   2257    703    944    709
200403   7258   3228   2248    699    942    707
200404   7231   3211   2237    696    939    704
200405   7204   3196   2230    693    936    702
200406   7178   3184   2223    690    935    700
200407   7272   3327   2157    810   1079    810
200408   7225   3308   2147    805   1077    807
200409   7202   3299   2138    801   1073    801
200410   7176   3289   2126    801   1071    800
200411   7153   3280   2120    798   1067    797
200412   7014   3224   2082    795   1062    796
200501   6995   3217   2082    792   1064    795
200502   6970   3207   2073    789   1063    793
200503   6934   3200   2067    788   1062    791
200504   6908   3193   2062    785   1058    790
200505   6883   3182   2055    781   1056    790
200506   6848   3168   2047    778   1054    785
200507   7610   3217   2131    856   1142    855
200508   7581   3208   2123    849   1138    848
200509   7551   3202   2121    848   1133    843
200510   7510   3194   2112    843   1126    840
200511   7472   3184   2108    843   1124    839
200512   7437   3168   2103    841   1121    837
200601   7415   3151   2095    832   1116    831
200602   7382   3141   2088    827   1113    824
200603   7355   3133   2080    823   1109    822
200604   7314   3123   2069    818   1105    816
200605   7295   3116   2062    816   1102    814
200606   7272   3103   2053    810   1102    813
200607   8151   3316   2190    889   1188    889
200608   8122   3301   2177    884   1182    885
200609   8085   3290   2164    881   1181    880
200610   8054   3271   2148    877   1176    879
200611   7997   3259   2142    875   1171    877
200612   7963   3245   2127    871   1165    872
200701   7928   3230   2118    869   1160    867
200702   7873   3211   2106    866   1156    863
200703   7843   3202   2089    863   1156    863
200704   7801   3181   2080    857   1153    861
200705   7772   3168   2072    854   1149    857
200706   7723   3152   2058    851   1144    855
200707   8777   3278   2140    887   1183    889
200708   8735   3262   2132    884   1176    884
200709   8699   3239   2124    880   1170    878
200710   8656   3220   2110    875   1164    874
200711   8613   3202   2089    870   1159    873
200712   8560   3184   2076    865   1153    866
200801   8521   3175   2064    861   1149    860
200802   8483   3160   2054    859   1143    860
200803   8436   3145   2041    857   1138    856
200804   8384   3120   2034    856   1134    855
200805   8335   3113   2024    852   1131    852
200806   8284   3100   2009    849   1126    849
200807   9221   3376   2172    787   1050    791
200808   9182   3363   2163    783   1047    789
200809   9134   3350   2153    780   1044    787
200810   9077   3340   2142    777   1039    786
200811   8991   3323   2130    774   1037    782
200812   8942   3317   2122    772   1034    780
200901   8881   3289   2110    770   1030    779
200902   8838   3285   2100    766   1026    778
200903   8784   3269   2095    763   1022    778
200904   8708   3261   2082    761   1021    776
200905   8652   3253   2074    758   1021    774
200906   8594   3243   2067    758   1020    774
200907   8660   3372   2043    746    993    746
200908   8605   3363   2035    745    992    745
200909   8553   3353   2022    744    992    744
200910   8497   3346   2015    740    988    744
200911   8442   3333   2006    739    982    739
200912   8395   3327   1996    737    980    738
201001   8329   3312   1985    734    978    736
201002   8280   3304   1974    734    977    735
201003   8237   3297   1967    734    975    733
201004   8193   3288   1960    728    972    730
201005   8152   3277   1952    726    971    728
201006   8129   3267   1941    725    968    728
201007   8115   3274   2048    771   1025    772
201008   8071   3260   2030    768   1020    771
201009   8035   3249   2023    766   1020    769
201010   7939   3213   1987    762   1018    766
201011   7909   3203   1976    761   1015    764
201012   7860   3190   1984    760   1013    761
201101   7806   3174   1975    759   1010    761
201102   7769   3165   1967    757   1006    760
201103   7739   3153   1960    756   1003    760
201104   7690   3145   1950    754   1000    758
201105   7659   3126   1942    751   1000    757
201106   7630   3113   1927    747    998    756
201107   8249   3264   1997    765   1021    767
201108   8214   3253   1990    761   1019    765
201109   8186   3240   1985    760   1015    764
201110   8155   3227   1976    759   1014    761
201111   8116   3213   1971    758   1012    760
201112   8076   3199   1962    756   1011    758
201201   8038   3187   1957    755   1007    753
201202   7981   3169   1950    754   1005    753
201203   7952   3152   1945    751   1005    751
201204   7910   3137   1935    747   1004    748
201205   7886   3131   1933    744   1004    747
201206   7844   3125   1925    741   1004    746
201207   8363   3084   1983    717    950    717
201208   8326   3067   1974    715    949    714
201209   8287   3056   1969    712    948    713
201210   8245   3047   1965    710    946    713
201211   8216   3037   1951    708    946    712
201212   8173   3019   1945    707    945    712
201301   8126   3007   1932    706    942    711
201302   8101   2999   1925    704    942    711
201303   8078   2989   1916    701    941    709
201304   8038   2979   1904    700    940    707
201305   8015   2971   1896    699    939    707
201306   7979   2966   1888    694    936    707
201307   8080   2964   2066    702    936    702
201308   8039   2955   2061    699    932    700
201309   8010   2946   2054    698    932    700
201310   7976   2935   2043    698    929    698
201311   7942   2922   2033    696    929    696
201312   7905   2911   2029    694    929    696
201401   7873   2903   2022    692    926    694
201402   7839   2893   2014    692    924    692
201403   7808   2885   2003    692    923    692
201404   7772   2877   1993    692    922    692
201405   7742   2869   1990    691    922    692
201406   7710   2860   1989    690    921    692
201407   8009   3030   2061    742    992    745
201408   7982   3020   2055    740    989    745
201409   7951   3011   2046    737    988    742
201410   7918   3002   2037    736    986    742
201411   7884   2995   2032    735    984    740
201412   7863   2989   2020    734    983    739
201501   7833   2980   2008    732    980    736
201502   7798   2972   2002    728    977    736
201503   7762   2960   1995    727    976    736
201504   7729   2948   1989    725    975    735
201505   7701   2942   1984    721    973    733
201506   7668   2932   1978    719    971    732
201507   8117   3017   2118    740    986    740
201508   8077   3008   2111    736    984    737
201509   8049   2998   2105    732    982    736
201510   8010   2988   2100    730    980    736
201511   7970   2976   2095    724    980    736
201512   7934   2966   2092    724    979    735
201601   7894   2953   2087    721    976    734
201602   7852   2946   2081    719    971    734
201603   7809   2937   2074    716    969    731
201604   7775   2926   2069    712    963    731
201605   7739   2920   2060    710    959    730
201606   7697   2911   2056    710    955    728
201607   8087   3124   2098    710    944    711
201608   8052   3113   2091    707    942    710
201609   8015   3105   2081    703    941    710
201610   7970   3092   2075    699    935    707
201611   7930   3084   2068    697    932    707
201612   7896   3078   2062    695    930    706
201701   7872   3061   2047    693    927    705
201702   7841   3056   2036    691    925    705
201703   7809   3044   2029    691    923    703
201704   7785   3034   2024    688    919    702
201705   7762   3025   2019    688    918    701
201706   7724   3019   2013    688    916    700
201707   8145   3122   2120    731    975    732
201708   8108   3118   2110    728    975    729
201709   8073   3109   2105    725    972    728
201710   8040   3103   2099    725    967    725
201711   8013   3091   2092    722    966    724
201712   7978   3084   2085    719    965    723
201801   7950   3075   2083    717    963    722
201802   7912   3071   2076    714    961    721
201803   7879   3067   2073    713    960    721
201804   7849   3057   2067    708    958    719
201805   7816   3053   2062    708    957    717
201806   7783   3044   2057    707    955    717
201807   8522   2983   2178    738    987    738
201808   8496   2974   2174    733    984    738
201809   8465   2972   2161    733    983    737
201810   8432   2968   2159    731    981    735
201811   8402   2958   2149    729    980    734
201812   8361   2950   2139    727    974    731
201901   8318   2941   2134    727    973    730
201902   8293   2935   2136    723    971    730
201903   8266   2929   2132    722    970    729
201904   8230   2923   2126    719    967    728
201905   8195   2915   2119    717    964    727
201906   8166   2902   2112    714    964    727
201907   8834   3193   2058    663    883    663
201908   8794   3182   2051    660    881    661
201909   8760   3175   2040    659    881    660
201910   8723   3166   2034    658    880    659
201911   8679   3156   2027    657    880    658
201912   8649   3151   2025    657    879    657
202001   8615   3135   2014    655    877    656
202002   8572   3121   2008    655    874    655
202003   8530   3116   2004    653    873    654
202004   8497   3108   1993    653    871    653
202005   8466   3103   1988    650    869    652
202006   8426   3095   1983    648    868    651



  Average Firm Size
                       Small                                Big
              Low         2           High        Low         2           High
199007      104.10      137.10      136.29     2013.15     3051.74     4087.82
199008      105.54      140.19      140.61     2048.74     3105.46     4098.16
199009       93.50      124.07      123.82     1831.36     2791.09     3699.40
199010       83.98      111.10      110.20     1605.20     2462.41     3281.51
199011       86.62      115.61      114.99     1760.47     2694.77     3732.51
199012       83.66      113.30      113.08     1683.87     2609.87     3596.89
199101       83.98      113.33      113.92     1690.37     2643.49     3692.83
199102       84.51      114.91      115.25     1727.25     2721.00     3820.64
199103       95.20      128.06      128.02     1921.85     2959.02     4153.15
199104       95.36      128.19      127.48     1845.56     2860.32     4078.53
199105       96.54      128.64      128.93     1851.75     2891.59     4109.21
199106       97.28      129.03      129.75     1869.47     2927.75     4152.50
199107       88.46      120.58      119.58     1955.91     2626.74     3859.05
199108       90.24      122.64      123.40     2007.27     2724.37     4053.66
199109       88.91      122.03      124.10     1978.62     2684.50     4038.71
199110       92.35      126.34      129.41     2045.64     2778.95     4130.33
199111       95.00      127.51      130.16     2098.70     2812.57     4201.73
199112       90.18      122.81      125.42     1982.86     2664.98     4018.20
199201       94.56      128.05      131.65     2085.54     2835.87     4354.21
199202       97.36      129.17      134.50     2029.25     2794.22     4228.42
199203       97.97      128.93      136.78     1986.40     2755.38     4116.83
199204       93.51      123.97      130.77     1858.96     2610.12     3903.30
199205       90.77      123.40      131.13     1819.45     2639.04     3946.36
199206       95.18      129.19      135.81     1915.69     2738.13     4088.14
199207       83.31      119.48      116.42     2071.39     2659.29     3495.99
199208       81.28      116.57      113.06     2049.91     2642.92     3517.32
199209       80.58      117.41      113.90     2118.49     2711.30     3603.23
199210       79.25      116.01      112.40     2088.16     2671.49     3552.73
199211       77.20      112.07      108.57     2018.68     2590.38     3464.09
199212       79.11      113.84      110.57     2058.02     2629.30     3537.49
199301       80.59      116.17      113.61     2050.94     2658.94     3565.13
199302       82.41      118.86      116.25     2085.28     2673.12     3531.41
199303       83.42      120.60      117.21     2142.72     2744.73     3564.11
199304       89.38      129.08      126.03     2303.17     2923.85     3783.76
199305       94.54      135.19      133.03     2453.66     3065.30     3878.74
199306      101.93      144.10      141.27     2533.87     3148.17     3962.05
199307       89.91      127.07      127.79     2178.27     3131.78     3952.69
199308       90.70      128.56      129.70     2252.34     3226.22     4008.86
199309       95.73      135.65      137.57     2366.28     3357.60     4183.10
199310       95.20      135.67      137.92     2300.98     3286.47     4095.38
199311       96.42      136.42      139.27     2315.60     3330.02     4169.35
199312       91.49      130.40      133.52     2146.33     3090.57     3968.04
199401       95.84      136.91      139.45     2236.70     3246.53     4090.73
199402      104.70      147.11      150.04     2464.52     3471.03     4366.55
199403      104.55      147.97      151.23     2428.41     3432.78     4310.45
199404      101.17      144.44      147.09     2339.68     3305.44     4134.15
199405      103.82      148.68      150.08     2405.73     3391.09     4232.64
199406      102.96      147.00      147.07     2430.10     3388.57     4215.15
199407       95.22      132.43      128.06     2457.24     3048.32     4033.38
199408       95.66      133.97      129.66     2472.65     3095.97     4086.84
199409       97.54      136.88      133.29     2513.85     3150.26     4235.37
199410       96.60      135.56      132.13     2446.10     3047.98     4132.31
199411       97.10      136.52      133.18     2503.78     3136.58     4238.17
199412       91.88      130.15      125.95     2363.00     2982.25     4045.93
199501       92.45      131.55      126.35     2391.49     3016.22     4095.36
199502       90.93      128.27      125.10     2323.43     2957.66     4036.75
199503       92.33      130.29      126.37     2314.60     3002.52     4074.59
199504       94.48      133.87      129.45     2401.68     3141.43     4301.46
199505       96.56      136.52      130.76     2505.32     3224.57     4436.79
199506       96.78      136.28      131.82     2481.61     3250.39     4442.40
199507       95.42      134.88      130.59     2471.64     3221.09     4599.16
199508      100.30      140.92      137.92     2625.54     3365.84     4785.88
199509      101.79      140.60      137.83     2557.28     3297.92     4759.28
199510      102.81      140.78      140.24     2580.83     3366.43     4900.63
199511       99.19      135.86      136.00     2521.60     3297.67     4879.93
199512      102.35      137.68      136.55     2641.11     3391.27     4994.30
199601      105.70      141.16      139.34     2734.72     3483.84     5090.93
199602      107.94      141.92      141.85     2759.26     3520.87     5211.18
199603      109.30      145.19      146.09     2759.65     3549.90     5271.04
199604      111.18      147.29      148.83     2784.48     3626.88     5279.93
199605      118.63      155.63      157.26     2878.67     3710.43     5427.62
199606      122.06      158.19      161.51     2835.61     3718.27     5453.57
199607      108.87      155.09      149.96     2820.06     3613.00     5314.11
199608      101.42      147.29      143.53     2679.09     3491.14     5108.02
199609      104.48      150.22      146.71     2694.66     3544.01     5189.07
199610      105.66      151.31      148.05     2780.56     3662.51     5423.87
199611      104.45      151.15      148.42     2730.65     3703.31     5409.27
199612      106.79      154.18      150.78     2831.55     3876.15     5747.14
199701      106.14      153.71      149.82     2723.59     3813.82     5660.27
199702      107.54      153.26      149.44     2634.60     3827.86     5810.68
199703      107.20      152.25      148.97     2670.26     3848.73     5839.28
199704      102.75      147.99      145.25     2584.82     3777.12     5682.50
199705      100.11      146.04      143.11     2597.10     3857.93     5934.63
199706      108.90      158.84      154.99     2824.18     4112.55     6359.62
199707      117.25      174.02      160.90     3295.35     4768.27     7073.50
199708      117.68      173.17      161.66     3372.91     5051.56     7383.30
199709      117.44      170.38      160.94     3212.66     4755.73     6932.19
199710      121.67      175.27      166.50     3358.67     5076.53     7287.74
199711      115.80      168.20      159.84     3116.95     4802.01     6995.02
199712      109.54      161.23      153.44     3067.55     4844.33     7192.90
199801      106.59      157.26      149.95     3078.08     4907.02     7280.96
199802      108.58      160.28      152.99     3191.32     4941.67     7538.57
199803      116.52      170.57      164.18     3463.42     5304.01     7978.07
199804      120.81      176.35      171.25     3579.91     5540.10     8322.12
199805      121.63      179.17      174.69     3637.99     5579.95     8412.83
199806      118.48      175.46      173.78     3550.20     5524.36     8315.56
199807      127.87      186.77      190.13     4322.08     6831.30     9849.44
199808      121.36      179.10      184.20     4288.36     6786.81     9831.88
199809      101.19      154.37      157.70     3577.22     5867.55     8639.80
199810      103.01      154.07      155.88     3558.29     5860.78     8921.46
199811      109.48      163.65      163.35     3916.67     6399.49     9612.86
199812      115.36      170.46      170.03     4151.46     6705.51    10155.11
199901      117.65      174.92      174.51     4263.36     6965.63    10707.84
199902      119.99      174.97      175.47     4359.96     6974.30    11139.95
199903      115.31      168.49      171.54     4254.19     6764.65    10813.37
199904      119.90      173.15      173.67     4474.79     7070.42    11163.13
199905      129.44      187.15      185.98     4735.75     7409.98    11499.72
199906      129.00      186.32      185.62     4568.86     7140.62    11191.41
199907      143.73      217.29      219.12     5789.73     8994.87    13130.76
199908      146.20      220.26      224.53     5792.98     9005.56    13125.87
199909      148.07      221.46      227.73     5871.80     8967.21    13288.82
199910      150.06      221.83      230.36     5938.25     8912.43    13176.89
199911      150.18      219.67      229.49     6191.90     9454.19    13791.40
199912      155.32      222.71      238.03     6344.21     9599.26    14637.61
200001      165.38      230.00      251.45     6867.86    10297.83    15894.14
200002      167.63      224.74      249.68     6558.08     9653.01    15073.89
200003      192.41      233.80      264.57     6860.27     9682.91    15330.26
200004      181.78      232.51      263.92     7106.89    10386.20    16328.39
200005      159.84      218.18      245.99     6659.09    10049.08    15404.93
200006      154.26      216.55      240.40     6310.80    10013.43    14771.90
200007      171.76      242.87      243.16     7387.17    11351.73    16345.29
200008      162.82      237.82      238.22     7053.35    11246.17    15880.40
200009      171.03      246.51      246.97     7654.26    11822.92    16488.19
200010      161.23      240.64      238.65     7097.01    11377.64    15801.11
200011      146.19      230.00      227.14     6625.24    11070.55    15835.80
200012      132.46      223.76      219.59     5816.09    10474.92    14922.32
200101      134.71      236.82      230.81     5993.87    10833.27    14608.84
200102      141.42      243.23      238.75     6201.43    10961.57    14898.69
200103      133.35      237.35      232.61     5551.74     9953.66    13696.83
200104      122.44      225.28      217.67     4859.76     9307.30    12818.20
200105      131.86      240.24      231.12     5292.52     9975.18    13998.75
200106      133.67      245.09      234.67     5171.51     9936.69    13831.82
200107      135.48      219.98      208.93     7005.01     9305.58    13041.21
200108      126.75      214.02      202.62     6661.95     9143.79    13000.05
200109      123.33      213.46      201.95     6218.42     8784.49    12496.85
200110      105.66      186.86      173.02     5433.64     7948.29    11508.31
200111      111.65      193.72      181.44     5648.40     8133.57    11792.40
200112      117.58      202.33      189.62     6086.40     8634.50    12337.83
200201      119.15      204.43      192.42     6132.38     8749.79    12460.69
200202      116.49      202.59      192.62     5757.19     8509.01    12274.73
200203      113.95      206.87      196.44     5541.67     8465.55    12360.52
200204      120.28      219.97      209.05     5809.97     8897.94    12858.26
200205      121.29      229.50      216.11     5552.39     8775.41    12372.26
200206      122.49      233.39      220.74     5551.98     8790.35    12381.85
200207      121.14      197.97      192.81     6158.86     7611.22    11095.63
200208      108.54      179.53      175.88     5471.79     6933.62    10317.21
200209      107.67      178.59      175.44     5460.71     7037.75    10289.04
200210       99.02      166.39      162.19     4744.83     6318.93     9319.94
200211      101.18      165.73      160.99     5194.34     6693.94     9907.04
200212      108.60      171.92      165.55     5688.10     7013.45    10252.53
200301      105.54      170.69      163.87     5278.68     6702.28     9963.61
200302      104.70      169.31      162.91     5206.40     6451.86     9681.51
200303      103.84      167.60      161.20     5053.87     6370.45     9475.53
200304      103.83      166.37      160.17     4978.58     6324.31     9513.17
200305      113.05      179.58      172.62     5547.06     6803.53    10231.62
200306      125.73      192.84      187.84     6010.75     7193.19    10784.14
200307      124.53      209.49      190.20     5938.97     7310.35    10948.36
200308      131.47      218.14      195.95     6243.44     7496.43    10943.45
200309      139.94      228.82      205.59     6438.41     7686.62    11100.17
200310      144.07      236.03      216.61     6466.58     7792.42    11216.55
200311      154.62      252.71      232.38     6991.37     8259.38    11707.04
200312      157.44      256.77      236.03     7106.44     8425.38    11894.71
200401      163.74      268.72      248.22     7532.04     8915.18    12571.03
200402      174.00      279.53      260.16     7827.63     9044.06    12759.09
200403      176.33      286.43      268.31     7953.83     9257.15    13017.58
200404      180.56      295.38      281.38     7853.65     9231.62    12924.41
200405      172.27      287.95      277.75     7552.66     8996.15    12709.31
200406      171.15      286.22      273.18     7630.86     9097.88    12746.71
200407      164.00      264.81      248.30     6890.96     9028.81    11101.19
200408      153.54      255.28      239.57     6551.84     8787.06    10735.02
200409      153.22      255.92      239.23     6558.01     8843.67    10851.18
200410      158.32      263.38      247.45     6735.97     9041.54    11013.06
200411      162.84      270.95      256.36     6876.15     9301.18    11298.86
200412      177.30      293.19      276.99     7284.52     9736.27    11844.59
200501      184.55      303.71      287.43     7542.67    10071.52    12323.76
200502      183.02      305.40      293.13     7347.53     9879.34    12158.51
200503      189.12      316.89      305.63     7480.10    10207.34    12578.01
200504      184.67      311.53      298.26     7310.35    10005.29    12337.37
200505      177.27      301.30      287.45     7119.99     9760.60    12045.24
200506      178.54      304.10      288.67     7318.36     9866.09    12263.10
200507      180.79      286.41      272.85     7272.74     9339.47    11518.72
200508      189.55      298.72      285.16     7575.42     9686.08    11882.36
200509      192.75      302.53      291.31     7699.89     9716.61    12017.93
200510      196.89      307.67      297.70     7821.23     9976.31    12194.01
200511      192.01      300.55      289.87     7727.62     9796.54    11739.33
200512      197.84      310.08      298.75     8000.52    10178.54    11965.91
200601      205.24      323.60      316.19     8271.35    10476.60    12291.93
200602      221.83      346.16      337.82     8701.47    10932.80    12900.57
200603      221.51      341.35      334.01     8713.59    11054.69    12738.02
200604      231.36      356.51      346.26     8913.03    11326.19    13036.80
200605      237.99      370.86      361.87     9107.08    11674.14    13479.06
200606      222.95      351.98      343.59     8725.25    11192.67    13030.90
200607      196.70      325.08      316.00     7830.45    10780.50    13023.60
200608      191.20      317.83      306.19     7798.52    10870.68    13061.76
200609      196.25      325.51      315.06     8031.69    11193.89    13299.62
200610      194.89      325.09      315.65     8139.56    11411.85    13311.97
200611      202.75      338.37      328.33     8428.02    11785.39    13891.35
200612      207.84      346.86      339.14     8693.72    12050.44    14265.42
200701      211.04      353.89      347.58     8902.41    12426.81    14511.13
200702      214.24      362.03      355.72     9049.55    12533.67    14675.88
200703      215.98      366.15      360.75     9056.77    12407.76    14652.63
200704      221.04      373.45      365.49     9187.75    12600.40    15055.85
200705      227.70      385.37      378.43     9543.78    13143.13    15675.52
200706      231.64      393.02      385.81     9781.87    13453.58    16185.30
200707      233.20      377.08      374.98     9111.05    13778.73    15456.13
200708      228.56      370.58      367.15     8839.29    13502.59    15268.61
200709      218.48      359.90      348.69     8787.28    13463.91    15273.81
200710      224.95      364.52      356.38     9254.64    14012.53    16172.52
200711      233.09      376.41      373.16     9564.76    14475.11    16781.73
200712      215.48      349.68      343.75     9039.57    13888.80    16278.26
200801      211.12      342.15      333.32     8902.67    13670.18    16211.33
200802      193.06      315.38      300.09     8273.72    12659.08    14929.07
200803      195.83      319.66      308.76     8217.77    12552.95    15126.62
200804      190.67      315.41      302.91     8132.18    12404.41    14921.38
200805      193.96      322.13      311.45     8378.01    12933.81    15850.45
200806      200.89      331.47      320.04     8464.99    13039.45    16204.24
200807      192.77      323.65      315.60     9008.89    12499.26    15906.46
200808      187.01      316.69      306.04     8860.97    12300.28    15247.01
200809      181.55      310.94      299.07     8612.01    12089.95    14974.59
200810      158.24      272.45      256.42     7468.46    10698.67    13085.91
200811      124.55      211.60      196.23     5795.86     8568.23    10922.63
200812      115.79      195.92      180.82     5296.05     7955.18    10304.46
200901      123.34      206.36      192.42     5562.45     8299.91    10661.80
200902      114.66      189.63      177.94     5001.01     7501.17     9904.07
200903      102.68      171.24      161.44     4400.17     6678.92     9053.80
200904      108.89      180.32      172.41     4761.85     7168.42     9515.28
200905      121.45      205.34      200.78     5395.92     8006.73    10351.41
200906      135.57      226.95      225.26     5964.85     8736.94    11253.74
200907      136.63      233.26      235.04     6714.11     8612.18    12009.77
200908      146.78      252.99      256.85     7328.18     9466.46    12882.04
200909      154.02      267.97      273.60     7784.13     9849.07    13041.25
200910      162.59      283.13      293.64     8100.19    10333.11    13527.54
200911      155.99      277.33      288.94     7730.91    10057.54    13574.17
200912      157.97      281.32      291.60     7884.34    10439.74    14147.39
201001      161.29      290.29      300.17     7954.32    10641.69    14441.92
201002      159.00      284.99      297.28     7651.80    10242.32    13791.85
201003      161.72      288.86      301.21     7766.91    10361.51    13895.02
201004      171.87      307.62      322.08     8346.91    10949.42    14701.55
201005      178.80      318.70      336.93     8295.60    10904.10    14759.52
201006      160.02      287.35      301.63     7462.65     9852.88    13298.67
201007      153.78      271.44      269.98     7413.63     9645.10    12016.22
201008      164.60      289.24      289.08     8083.43    10505.21    12918.60
201009      156.56      277.00      276.68     7639.27    10099.52    12522.25
201010      175.17      306.35      310.97     8384.75    11144.85    13656.83
201011      181.22      317.27      323.54     8625.03    11623.65    14262.48
201012      181.09      314.98      318.72     8402.03    11303.01    13980.29
201101      199.31      343.72      346.47     9152.92    12185.18    14819.26
201102      201.23      348.04      350.87     9458.66    12490.74    15065.12
201103      209.19      360.70      361.98     9831.09    12905.51    15537.02
201104      208.79      360.20      362.65     9530.65    12851.78    15514.39
201105      214.35      371.70      376.55     9840.20    13456.64    16158.16
201106      206.37      361.19      368.85     9495.36    13150.74    15851.18
201107      201.86      346.26      359.19     9546.71    12903.87    15526.78
201108      199.24      344.12      359.09     9266.25    12655.95    15375.29
201109      180.70      319.38      331.25     8364.78    11660.53    14458.10
201110      160.15      289.67      297.28     7475.13    10510.81    13334.01
201111      173.00      307.12      321.87     8264.23    11628.86    14618.46
201112      166.17      297.01      308.89     7874.83    11318.80    14393.88
201201      164.92      295.79      306.14     7788.42    11299.59    14389.12
201202      178.38      316.62      328.16     8357.78    11886.34    15028.22
201203      186.18      328.51      342.97     8834.10    12447.67    15721.94
201204      185.78      332.95      346.93     8940.42    12576.64    15883.16
201205      181.50      329.93      347.12     8693.46    12417.31    15788.46
201206      163.14      299.88      315.89     7759.38    11221.47    14496.63
201207      179.12      330.32      334.02     8860.08    12153.05    15645.23
201208      176.91      328.18      332.40     8812.32    12332.46    15886.57
201209      181.67      337.40      340.17     9170.19    12638.92    16216.51
201210      189.05      350.34      352.12     9570.51    13012.15    16491.73
201211      186.79      348.28      350.14     9669.08    12957.42    16297.15
201212      186.77      350.34      352.10     9819.74    13153.30    16405.30
201301      194.44      362.31      363.62    10205.11    13437.77    16548.11
201302      205.66      384.18      385.04    10902.87    14176.72    17250.08
201303      205.11      386.44      387.23    10855.40    14217.93    17224.25
201304      209.34      393.91      400.64    10997.81    14506.49    17629.73
201305      212.92      404.88      408.08    11440.87    14813.22    18145.27
201306      211.70      407.92      406.02    11669.27    14723.68    18170.37
201307      212.69      398.79      391.43    11968.85    14616.79    16854.45
201308      225.71      419.87      413.91    12771.27    15428.98    17717.66
201309      223.60      416.62      412.61    12533.86    15040.41    17384.51
201310      240.17      445.37      441.47    13248.15    15854.35    18184.37
201311      243.94      459.44      451.77    13736.14    16471.10    18866.32
201312      247.00      467.46      459.00    14024.60    16671.90    19229.34
201401      251.55      476.11      467.52    14383.81    17012.83    19670.55
201402      251.43      468.48      460.17    13958.71    16457.27    18836.57
201403      261.76      488.95      476.81    14465.21    17306.67    19815.30
201404      259.65      490.05      479.41    14345.66    17330.70    19831.26
201405      252.57      485.17      474.24    14238.69    17436.88    20142.72
201406      253.12      487.87      477.56    14383.56    17720.47    20434.71
201407      261.18      477.14      480.43    12948.16    17629.72    19570.09
201408      252.76      462.38      468.29    12726.35    17251.31    19235.82
201409      257.41      466.31      474.12    13019.86    17511.42    19675.68
201410      242.18      439.46      449.26    12679.38    16985.34    19069.42
201411      241.50      438.75      445.51    12536.63    17100.84    19255.30
201412      239.85      434.49      444.94    12704.05    17293.24    19769.86
201501      240.09      435.40      442.05    12465.09    17137.81    19345.35
201502      234.18      427.58      436.91    12043.12    16815.30    19227.10
201503      247.62      449.18      460.32    12901.17    17748.92    20242.54
201504      245.38      448.87      460.62    12743.87    17452.97    19835.20
201505      254.70      464.94      476.12    13194.99    17816.02    20341.26
201506      259.29      469.96      479.62    13317.38    17780.79    20306.40
201507      258.74      483.65      434.79    13401.03    17100.03    19460.09
201508      251.06      475.52      432.83    13579.29    17308.59    19830.75
201509      237.63      454.22      411.72    12680.24    16174.99    18589.62
201510      226.38      434.12      397.27    11986.25    15595.40    17932.03
201511      237.29      456.85      418.06    12855.89    16763.14    19324.28
201512      239.61      459.17      423.78    12728.96    16673.51    19233.35
201601      236.07      454.51      421.93    12441.19    16408.88    18880.50
201602      214.55      422.06      390.83    11340.02    15496.69    17893.41
201603      213.49      425.06      391.64    11075.24    15364.56    17928.92
201604      229.32      459.09      423.96    11784.41    16428.07    19132.48
201605      239.30      471.68      430.26    12160.83    16777.71    19171.57
201606      238.51      470.86      432.42    12146.12    16818.02    19171.25
201607      236.58      453.25      413.79    12234.91    16853.36    19095.65
201608      249.84      478.22      440.19    12830.47    17608.14    19877.33
201609      252.51      480.86      442.40    13011.40    17681.09    19657.14
201610      259.79      490.61      451.22    13158.79    17696.84    19825.13
201611      251.25      480.92      439.90    13171.34    17345.47    19181.65
201612      257.16      490.68      444.69    13576.28    17466.68    19291.75
201701      261.37      504.65      456.73    13906.28    17915.79    19665.79
201702      269.43      520.41      468.93    14272.02    18428.32    20148.01
201703      273.15      528.54      475.70    14374.21    18826.30    20809.94
201704      274.04      537.10      483.13    14542.99    19073.41    21136.04
201705      275.87      551.47      494.84    14763.59    19426.94    21519.64
201706      276.44      563.68      501.58    14806.74    19828.30    22170.82
201707      268.37      530.19      487.42    15607.38    18618.27    20471.13
201708      275.55      545.16      500.26    16201.03    19086.66    20769.19
201709      275.38      544.02      500.69    16006.92    19042.33    20933.61
201710      284.88      565.90      513.09    16498.67    19485.88    21332.79
201711      286.34      570.45      522.88    16717.56    19953.35    21761.78
201712      288.64      580.39      531.23    16903.46    20271.69    22444.51
201801      295.34      591.08      544.32    17259.57    20468.51    22732.67
201802      308.61      613.26      567.23    18242.93    21528.10    23960.49
201803      297.48      589.25      552.23    17379.67    20655.28    23082.81
201804      293.13      585.49      549.10    17080.79    20271.49    22628.86
201805      297.40      587.27      548.50    17393.91    20431.43    22758.07
201806      302.17      595.20      555.16    17083.25    20504.09    23059.24
201807      289.07      574.78      514.83    14942.12    20046.56    23746.88
201808      290.21      579.10      514.15    15444.32    20540.60    24545.99
201809      292.13      578.79      512.28    15332.00    20583.89    25214.96
201810      288.61      571.60      507.18    15414.51    20631.68    25395.65
201811      258.48      515.57      454.44    14172.87    19010.57    23328.15
201812      258.36      518.73      456.39    14282.77    19228.61    23529.47
201901      236.13      476.60      416.08    13189.98    17840.79    21688.91
201902      251.64      510.13      450.37    14210.52    19258.35    23224.18
201903      258.60      526.56      461.87    14563.85    19792.69    24027.01
201904      254.98      516.32      455.99    14515.48    19833.28    24514.83
201905      259.51      531.30      470.20    15081.12    20524.25    25455.71
201906      245.48      496.83      445.43    14033.39    19316.97    23874.92
201907      279.66      567.12      528.36    15483.01    21674.05    28741.18
201908      277.79      560.56      523.49    15357.18    21707.95    28957.71
201909      266.55      539.01      497.03    14754.31    21056.29    28675.43
201910      269.06      554.86      511.00    15061.82    21587.71    29017.60
201911      277.18      571.37      532.82    15451.06    22014.37    29998.55
201912      284.82      584.97      548.42    15931.34    22533.36    30764.76
202001      297.62      611.33      568.25    16497.30    23086.30    31793.33
202002      286.76      587.49      542.45    16294.36    22713.37    31876.75
202003      260.89      529.65      480.54    14939.50    20691.32    29313.62
202004      214.47      430.47      381.28    12404.51    17643.64    26303.04
202005      237.86      478.61      436.41    13603.35    19355.03    29329.28
202006      252.01      510.36      474.59    14074.91    20340.71    30868.82
