This file was created using the 202006 Bloomberg database. It contains
value- and equal-weighted returns for the intersections of 2 ME portfolios
and 3 BE/ME portfolios in Emerging_Markets.

The portfolios are constructed at the end of June.  ME is market cap at the end
of June.  BE/ME is book equity at the last fiscal year end of the prior calendar
year divided by ME as of  6 months before formation.  Firms with negative
BE are not included in any portfolio.

The annual returns are from January to December.

The break points include utilities and include financials.

The portfolios include utilities and include financials.

Missing data are indicated by -99.99.



  Average Value Weighted Returns -- Monthly
               Small                 Big
          Low     2    High    Low     2    High
198907  -8.64  -3.87  14.94  -0.91   0.95  -2.19
198908   9.35  17.41   4.39   2.66   0.85   5.82
198909  20.30  24.93  10.02  17.44  14.34  18.76
198910   6.18  -4.95  -5.02  -0.94  -0.15  -2.42
198911  -1.34  -4.80   4.71   0.57  -1.14  -3.14
198912  -1.84  11.32  17.68   2.93   9.18   6.61
199001  -0.84  12.31  13.87  -5.83  -2.11   5.45
199002   5.71  12.47   9.26   2.18   3.56   7.62
199003 -11.11  -1.04  -5.98  -3.26  -6.74  -6.73
199004   8.59   8.70  -9.16  -1.26  -0.83   9.90
199005  -0.81  10.72  10.50   8.95   8.20   8.76
199006  22.89   8.85  -3.79   4.31   2.65  10.86
199007   8.18  10.46   1.23   4.57   7.80   4.18
199008  -7.68 -11.62  -9.00 -10.97 -12.21 -12.85
199009  -4.64  -7.25  -0.69 -10.97 -12.33 -12.75
199010  15.58   4.86  -0.68   0.54   6.10  -3.44
199011  -1.21  -2.22  -1.66  -0.57  -2.30  -7.29
199012  -3.04  -0.23   0.51  -2.37   0.63   1.97
199101   3.53   5.46  -0.12   1.21   1.33   4.92
199102   3.21  12.95  10.40  13.72  10.65  16.87
199103   5.48  -0.79  17.55   0.35   8.82  -0.02
199104   2.00   1.55  -1.55   0.35   3.97  -2.10
199105   5.21  10.12  18.12   4.01   7.97   2.40
199106  -0.35  -5.06  -8.78  -3.32  -3.13  -3.42
199107  -5.08  -4.86  -1.48   0.03   5.50   2.22
199108  -4.89  -1.51  -2.58  -1.61   3.46   0.99
199109  -2.91  -4.85  -3.27  -2.13  -2.48  -3.80
199110   0.42   3.60   0.52   5.81   7.61   5.19
199111  -0.74   4.82   0.18  -1.19  -1.08   0.72
199112   0.07   8.78   5.54   6.71   7.91  10.88
199201   4.05  -0.03   8.13   6.87   9.14   8.88
199202   6.80  -5.93   9.83   2.52   8.78   1.86
199203  -0.52  -3.48   3.80   0.51  -2.66  -7.54
199204   0.95   7.64   4.14   1.20  -1.72   1.02
199205  -1.83  -2.66   3.79  -3.49   1.96  -0.76
199206  -2.12   3.11  -6.26  -0.90 -10.51  -6.46
199207   0.63   2.25  -3.64   0.30  -0.69   0.90
199208  -2.37  -3.67  -7.33  -5.45  -1.80  -5.21
199209  -4.60  -3.00  -3.59  -1.40   2.00  -3.01
199210   3.74   6.27   6.52   7.39   2.68   3.45
199211  -0.84   8.09  -1.39   1.77  -3.30   1.60
199212   5.31   3.03   0.63   1.20   3.37   0.28
199301  -2.05  -2.76  -3.53  -2.61   0.17   1.45
199302   0.75  13.06   5.80   0.73   5.93   6.67
199303   2.84   9.37   3.77   5.42   0.60   2.28
199304   6.15   8.28  11.40   0.62   6.81   7.39
199305   6.87   4.80  11.32   2.54   4.59   6.57
199306  -4.51   0.54  -4.91   0.32   4.17  -3.89
199307   3.65   4.49   4.19   5.37   4.09   1.28
199308   4.80  10.51  11.48   5.83   8.80  11.16
199309   5.94   9.03   7.24   1.55   5.31   6.21
199310  14.56  12.06  11.91  10.31  10.08   8.82
199311   3.75   9.59  12.15   2.58   7.37   6.88
199312  19.03  17.23  27.28  19.17  17.90  18.86
199401  -2.83  -7.04  -6.39  -2.66  -3.18   4.81
199402   7.05   3.53   6.75  -2.05  -0.56  -0.81
199403  -9.68 -10.42 -13.05 -10.33 -12.08  -9.90
199404  -5.21  -1.80   1.22   3.29   0.41  -4.27
199405  -0.55  -4.28  -1.97   2.20   1.91   3.82
199406  -4.87   2.06  -2.54  -3.70  -2.16  -4.05
199407   5.12   4.34   3.50   6.53   7.51   8.46
199408  21.49  17.12  10.88  10.15  11.54  15.14
199409  10.40   7.51   5.39   0.90   1.97   4.57
199410  -3.58  -3.88  -0.72  -2.72  -3.65  -2.08
199411  -0.21  -4.56  -2.82  -5.96  -3.54  -4.31
199412  -4.61 -11.52  -5.80  -8.43 -10.89  -6.45
199501 -13.95 -18.30 -13.48 -11.93 -13.64  -9.75
199502   4.56   5.29  -0.65   3.17  -1.50   0.06
199503  -3.36   1.99  -1.86   1.56  -0.06  -2.21
199504   0.33  -2.92   2.07   0.32   4.63   4.35
199505  -0.28   4.98   4.47   7.97   5.28   6.34
199506   0.06   1.21   1.49   0.68   0.26   1.12
199507   4.78   4.66   2.31   1.86   0.81   3.37
199508  -0.18  -2.19  -2.30  -4.23  -2.74  -3.90
199509  -1.70  -2.42   0.54  -1.47   0.61   1.45
199510   0.36  -4.64  -1.59  -2.76  -0.66  -3.06
199511   3.44  -0.69  -0.02  -1.77  -0.09  -2.99
199512   6.82   4.88   3.04   4.16   5.06   3.96
199601  11.79  11.57   8.54   7.41   7.56   6.90
199602   0.08   2.48  -2.23  -1.59  -3.04  -1.60
199603   6.65   7.09  -0.12   0.48   0.78   1.53
199604   6.13   8.44   0.98   3.32   1.30   3.14
199605  -6.62  -9.44  -4.82  -1.99  -2.07  -3.26
199606   3.63   2.00   2.06  -0.58   1.56  -0.49
199607  -0.91  -2.39  -4.45  -6.26  -5.63  -4.60
199608   9.45   2.09   1.51   2.73   3.45   2.44
199609   4.44   3.84   2.10   1.63   1.74   0.17
199610   1.02   0.81  -1.16  -2.49  -2.80   0.26
199611  -1.68  -1.11   2.98   1.33   1.60   2.03
199612  -1.84  -1.51  -1.13  -0.02   0.55   2.40
199701   6.42   6.52  10.52   4.57   7.35   9.72
199702   6.93   5.27   5.18   3.39   6.11   5.37
199703   1.18  -0.17  -0.56  -2.03  -1.54  -3.53
199704  -8.47  -4.07  -1.73  -4.44  -0.75   0.36
199705   3.03   1.11   1.09   1.02   4.58   3.67
199706   2.37   2.79   5.86   4.00   4.02   6.88
199707  -1.00  -0.22   3.10  -0.71   0.88   2.93
199708 -15.78  -9.25  -5.99 -12.82 -11.50 -10.65
199709  -1.75  -0.64  -0.29   0.37   1.22   6.27
199710 -16.27 -13.58 -11.71 -14.45 -17.92 -16.77
199711 -15.46  -7.86  -7.33  -6.93  -4.19  -3.01
199712  -5.82  -2.72  -1.68  -1.45   2.06  -0.37
199801  -2.69  -4.75  -7.64  -5.34  -5.90  -7.81
199802  11.39  10.11   7.41  11.23  11.41   9.20
199803   1.38   4.96   6.55   2.85   3.27   6.88
199804   2.92   0.57   2.80   0.52   0.88   0.55
199805  -3.60  -4.19  -6.32  -9.39 -12.58 -13.61
199806  -9.71  -7.71  -8.42 -10.30 -11.21  -9.76
199807   0.06  -0.05   1.56   1.10   4.30   1.02
199808 -21.00 -19.26 -17.39 -24.34 -28.15 -22.69
199809  -2.06   2.16   0.83   4.91   4.74   6.33
199810   2.82   2.82   2.91   9.04   9.71   8.04
199811   7.70   8.11   7.68   6.14   6.99   6.19
199812   1.81  -0.88  -0.22  -2.80  -0.82  -1.91
199901  -2.28  -2.99  -4.32  -1.96  -0.40  -3.19
199902  -0.67  -2.97   0.67   0.97   0.44   0.25
199903   7.06   6.57  10.15   6.89  11.61  10.72
199904   8.92  13.19  12.15  11.76   7.61  19.68
199905   6.06   6.59   5.11   1.88   0.17  -0.83
199906  12.11  12.84  12.84  11.06  10.61  10.12
199907  -2.47   0.36   1.29   0.93  -3.65  -1.81
199908   2.49   5.04   6.33   3.38   1.62   3.78
199909  -4.79   1.17  -2.13  -3.08  -3.28  -3.17
199910   2.38   2.63   3.64   3.56   3.44   1.67
199911   7.78   6.19   6.97  12.54   6.93   7.22
199912   9.40   2.91   3.48  13.56  14.61   7.87
200001   2.94   5.42   5.04   0.17  -0.80   2.14
200002  10.37   2.75  -3.28   7.74   0.04  -2.88
200003   1.27   2.97  -0.88   1.01  -0.25   1.38
200004 -14.42 -10.36  -9.16 -12.63  -9.17 -10.19
200005  -6.33  -3.84  -1.17  -1.11  -4.08  -2.60
200006  -0.95  -3.33  -1.53   5.34   1.05   0.22
200007  -6.84  -3.81  -0.75  -6.33  -5.14  -0.01
200008  -2.24  -0.92  -1.64   1.32   0.59  -0.93
200009  -8.81  -8.47  -6.83 -11.10 -10.62  -3.59
200010 -14.66  -8.68  -7.65  -7.41  -9.41  -7.71
200011  -8.52  -5.78  -6.48  -8.77  -8.53  -7.43
200012  -2.05  -4.68  -0.61  -0.17   1.81   6.64
200101   4.41   8.95   8.90  12.40  15.50   7.58
200102  -1.27  -1.06   0.20  -9.41  -6.65  -2.95
200103  -6.45  -4.87  -4.27  -9.36  -7.79  -7.60
200104   0.96  -0.22   0.60   3.43   5.31   4.85
200105  -1.66   1.33   2.93   0.41   1.35   2.03
200106  -1.90  -1.70   0.22  -2.09  -2.25  -1.40
200107  -7.42  -4.61  -6.14  -5.49  -8.37  -7.18
200108  -4.48  -1.17   1.55  -3.04  -0.39   1.69
200109 -16.30 -12.71 -13.23 -15.47 -14.47 -13.65
200110   5.55   5.17   3.12   7.03   4.48   4.40
200111   8.20   7.61   6.81  10.56   9.80  10.54
200112   3.26   5.43   6.99   9.37   9.06   5.43
200201   3.67   4.77   6.94   1.42   4.12   6.02
200202  -2.52  -0.30   0.57   0.78   2.47   1.48
200203   6.25   7.13   9.88   6.45   5.94   6.87
200204  -1.94   1.59   5.43  -0.81  -0.28   2.26
200205  -1.09  -0.94  -0.38  -3.08  -1.04  -1.47
200206  -9.91  -7.08  -6.17  -8.09  -7.36  -5.82
200207  -4.69  -4.87  -4.16  -7.15  -6.93  -5.07
200208  -0.18   1.18  -1.07   1.69   1.45  -0.03
200209 -14.64 -13.37  -9.63 -11.26  -9.87 -10.53
200210   4.74   3.84   5.38   5.95   5.96   6.99
200211   3.64   4.46   6.76   6.08   5.66   7.97
200212  -4.77  -2.86   0.68  -4.87  -1.02   0.16
200301   2.03   0.70   4.54  -1.46  -0.90   3.46
200302  -2.93  -2.49  -2.03  -3.69  -1.15  -2.96
200303  -6.19  -4.52  -2.16  -2.76  -2.63  -4.21
200304   8.04   6.93   8.12   8.76  10.14  10.08
200305   8.12   7.24   7.97   6.98   6.70   9.10
200306   4.73   6.87   6.82   5.83   5.43   6.23
200307   2.50   4.06   5.35   5.70   4.78   6.01
200308   2.59   3.39   5.71   6.27   7.51   7.02
200309   1.48   2.54   3.82   0.35   1.71   3.34
200310   2.79   4.54   7.44   7.51   6.18  11.81
200311   1.52   2.48   2.87   0.00   1.93   2.30
200312   5.54   4.45   8.40   5.53   8.56   9.56
200401   0.18   4.41   5.19   4.90   3.10   1.93
200402   2.67   3.84   5.65   3.63   4.84   7.58
200403   1.46   2.12   0.91   1.03   2.16   1.49
200404  -4.90  -3.28  -4.43  -6.62  -7.54  -9.00
200405  -4.00  -4.31  -3.47  -1.80  -3.83  -2.33
200406  -1.92  -1.11  -0.91  -0.50   1.64   2.15
200407  -5.93  -3.85   0.32  -3.35  -1.26   0.76
200408   3.22   4.47   3.54   3.87   5.11   3.61
200409   2.53   5.00   6.87   5.34   5.71   7.79
200410   1.90   2.16   3.46   2.57   3.13   2.02
200411   9.51   7.76  10.20   8.02   7.68  11.20
200412   4.55   6.34   7.45   5.39   6.05   3.77
200501   4.67   5.15   3.11   1.33   0.25  -0.66
200502   6.72   6.47  10.06   7.28   9.22  10.06
200503  -4.43  -5.45  -4.61  -4.87  -7.21  -6.05
200504  -3.34  -3.16  -1.41  -3.25  -2.26  -2.80
200505   1.50   2.78   2.70   5.15   3.01   1.53
200506   3.60   3.97   4.64   2.52   4.29   4.23
200507   5.47   6.61   6.75   6.35   7.03   6.72
200508  -1.96  -2.06   0.79   0.03   2.10   1.32
200509   4.97   5.59   6.88   7.64  10.06   9.37
200510  -3.81  -3.44  -2.94  -4.98  -6.97  -6.37
200511   7.94   8.41   8.49   7.04   8.21   8.81
200512   5.88   5.31   5.94   5.79   7.04   5.99
200601   8.89   7.13   9.80   9.79  11.23   9.96
200602   0.97   1.82   3.18  -0.59   0.60   1.67
200603   2.76   1.77   2.26  -0.04   1.93   0.60
200604   5.35   6.16   8.95   6.06   8.62   8.35
200605  -8.11  -8.50  -8.16  -9.52 -10.21 -11.23
200606  -6.32  -5.67  -5.31  -0.94   0.47  -2.09
200607  -0.64   0.42   0.95   1.79   1.18   1.15
200608   2.99   2.98   3.16   4.38   2.36   1.51
200609   2.10   1.86   3.07   2.24  -0.50   1.95
200610   3.57   5.82   6.21   4.29   4.24   5.87
200611   7.64   7.27  10.41   6.79   7.53   8.84
200612   2.54   4.27   5.18   3.70   4.90   5.69
200701   6.29   1.15   3.05   0.30  -2.13  -1.23
200702   2.46   2.71   4.74  -0.54  -0.43   1.24
200703   4.88   5.07   6.04   3.43   4.21   5.90
200704   4.61   5.27   8.22   5.08   4.00   6.68
200705   8.44   6.89  10.90   4.88   5.47   5.14
200706   2.98   5.29   4.58   4.35   5.25   4.22
200707   4.40   5.73   7.93   5.86   5.95   5.99
200708  -8.42  -6.66  -5.70  -1.16  -3.07  -3.70
200709   3.81   4.75   6.82   8.69  10.73   8.17
200710   1.77   2.89   4.25  11.21  11.18   7.73
200711  -8.47  -6.79  -5.69  -8.03  -5.69  -7.43
200712   0.63   0.97   3.02   0.72   1.11   1.50
200801 -14.27 -12.00 -10.91 -12.46 -12.02 -11.75
200802   4.73   6.59   6.83   7.12   7.14   7.29
200803  -4.94  -5.77  -4.65  -4.32  -5.02  -4.14
200804   3.65   4.54   4.98   6.01   9.04   5.00
200805  -0.06   0.39   0.90   0.52   3.13   1.89
200806  -9.30  -8.35  -8.30  -9.10  -9.27 -10.88
200807  -2.56  -3.72  -2.64  -3.90  -3.40  -5.85
200808  -8.68  -8.84  -8.15  -7.34  -7.49 -10.29
200809 -21.97 -21.93 -18.40 -17.60 -17.36 -18.17
200810 -29.06 -27.37 -27.29 -25.96 -26.90 -30.03
200811 -11.03  -9.22  -7.21  -7.29  -8.21  -7.52
200812   6.55   4.33   9.14   8.31   7.46   5.83
200901  -4.81  -3.66  -5.42  -6.41  -6.34  -7.29
200902  -3.90  -3.95  -4.14  -3.95  -6.08  -5.50
200903  10.83  12.72  10.42  11.11  16.51  14.24
200904  20.46  18.41  17.98  15.70  16.82  19.00
200905  17.14  17.99  18.54  17.38  17.04  21.06
200906  -3.22  -0.37   0.43  -1.63  -0.22  -4.34
200907   9.05  10.46  12.49  10.13  10.84  13.90
200908   1.44   2.56   3.47  -1.20   0.03   0.97
200909   6.98   9.91   9.52   7.25  10.81  10.55
200910   0.73   0.43   1.02  -0.69  -0.17  -0.23
200911   3.96   4.58   5.08   4.22   4.65   2.90
200912   4.04   7.45   7.15   3.82   4.46   5.45
201001  -1.51  -3.03  -2.50  -4.39  -6.02  -3.79
201002   1.98   2.99   2.68   1.09   0.52  -0.63
201003   4.86   7.82   8.81   6.63   8.81   9.25
201004   2.72   2.84   3.71   1.47   0.99   1.84
201005  -9.50  -9.46 -10.93  -6.98  -9.60  -9.63
201006   1.55   1.21   0.30   0.97  -1.21  -0.58
201007   6.28   6.87   7.16   8.07   8.28   8.81
201008  -0.11  -0.71  -0.17  -1.04  -1.88  -1.90
201009   9.79  10.16  11.21  11.92  11.23  10.68
201010   4.42   4.32   4.83   2.78   2.93   2.62
201011  -2.40  -2.56  -2.82  -2.41  -1.74  -3.08
201012   4.30   5.94   6.88   6.28   7.51   9.09
201101  -2.97  -1.82  -2.09  -3.93  -2.05  -0.42
201102  -2.56  -3.27  -2.86  -1.37  -1.60  -1.73
201103   3.32   3.24   3.56   5.33   5.97   6.08
201104   3.79   4.34   4.41   4.57   2.98   3.91
201105  -2.66  -2.65  -2.95  -1.99  -2.43  -3.80
201106  -2.28  -1.92  -1.70  -0.80  -1.79  -1.62
201107   1.11   0.36   2.64   0.13   0.62  -0.78
201108  -9.86  -9.85  -9.84  -6.70  -9.90 -10.32
201109 -14.91 -15.39 -15.73 -13.82 -14.14 -17.47
201110  11.30   9.51   8.65  11.42  12.71  13.68
201111  -7.00  -5.64  -6.60  -5.78  -7.14  -5.64
201112  -1.16  -1.27  -0.33  -1.67  -0.90  -1.69
201201   9.41   9.47   9.70   8.94  12.08  13.43
201202   8.07   7.86   8.47   6.59   5.98   5.98
201203  -3.56  -1.96  -2.75  -1.05  -3.32  -5.06
201204  -2.55  -2.75  -1.46  -1.26  -1.17  -2.95
201205  -8.32  -9.28  -9.20  -9.01 -11.07 -11.68
201206   3.88   3.22   3.76   3.35   3.62   4.44
201207  -1.22  -0.74  -1.06   1.44   1.70   1.62
201208   3.37   3.83   2.46   1.15  -0.51   0.68
201209   4.49   4.73   5.81   4.96   6.08   6.81
201210  -1.28  -0.08   0.09  -0.70  -0.39  -1.53
201211   0.08  -0.49   1.14   0.98   1.92  -0.15
201212   3.82   5.50   5.11   2.99   5.75   7.18
201301   1.50   2.91   3.66   1.47   1.27   2.53
201302   2.05   1.42   0.39  -1.35  -0.33  -2.03
201303   0.46  -0.76  -0.11  -0.81  -1.65  -1.32
201304   1.72   1.71   1.95   1.79   0.55   0.81
201305  -1.56  -0.30   0.55  -1.03  -2.60  -2.68
201306  -6.50  -7.19  -7.35  -3.93  -6.81  -9.19
201307   3.32   1.62   0.87   1.03   1.65   2.37
201308  -4.21  -3.70  -2.31  -2.68  -2.59  -1.58
201309   6.86   6.53   6.16   6.05   6.89   8.10
201310   2.72   2.69   3.19   4.77   3.93   4.78
201311  -2.36  -1.98  -1.03  -0.58  -1.28  -3.23
201312   0.60   0.69   1.23  -0.24  -0.98  -0.60
201401  -1.68  -3.23  -2.55  -5.90  -6.25  -6.86
201402   5.74   3.87   4.38   5.04   3.21   1.61
201403   2.19   2.86   2.14   1.31   2.62   4.53
201404  -0.57   0.35   1.13   0.14   0.41   1.44
201405   3.82   3.79   5.29   3.78   3.52   4.38
201406   2.04   2.43   3.09   2.87   3.15   3.31
201407  -1.59  -0.72   0.92   0.86   2.08   2.83
201408   1.67   3.20   2.13   2.24   2.61   1.33
201409  -3.56  -3.37  -4.21  -4.19  -7.21  -8.24
201410  -0.69  -1.56  -2.02   1.55   0.93  -0.55
201411  -2.90  -2.76  -2.52  -0.39  -0.87  -1.88
201412  -2.09  -3.38  -3.70  -4.78  -3.49  -4.00
201501  -0.06   0.44   0.46   2.61   0.71  -1.53
201502   1.45   2.36   2.45   1.92   2.28   4.06
201503  -0.40  -0.03  -0.62  -0.17  -1.36  -2.14
201504   9.03   8.99   8.97   3.87   6.62  12.65
201505   1.15   1.36   0.34  -1.35  -4.20  -4.34
201506  -0.72  -2.99  -3.43  -1.08  -2.50  -3.62
201507  -7.17  -6.57  -6.90  -5.57  -6.16  -8.97
201508  -9.36  -9.40 -10.46  -8.31  -8.75  -8.93
201509   0.28   0.57   0.54  -2.64  -1.41  -3.32
201510   5.75   5.64   5.96   8.13   6.67   6.99
201511  -0.87  -2.07  -1.78  -0.63  -4.09  -4.11
201512  -0.75   0.03   0.35  -2.06  -1.43  -2.05
201601  -7.72  -7.62  -7.93  -5.46  -5.96  -7.16
201602  -1.15  -0.32  -0.04  -1.34  -0.85   0.90
201603   9.43   9.86  11.46  10.35  12.68  14.32
201604   1.66   2.07   3.21   0.52   0.32   3.22
201605  -3.32  -3.25  -4.01  -1.20  -3.53  -6.47
201606   2.44   3.30   4.40   3.21   4.71   4.74
201607   2.22   4.20   6.11   3.32   4.78   6.27
201608  -1.07   1.70   2.01   3.16   1.80   3.12
201609   1.32   1.92   1.93   2.21   0.72   0.58
201610  -2.67  -1.23   1.07  -1.84   0.31   1.42
201611  -5.02  -4.54  -3.67  -6.52  -4.24  -2.44
201612   0.49   1.24   1.26  -0.49   0.54   1.00
201701   1.45   3.55   7.38   4.85   5.59   5.38
201702   1.54   3.19   5.29   2.81   3.16   4.52
201703   2.26   2.90   3.19   3.26   3.44   1.40
201704   0.37   0.85   1.08   3.28   2.02   0.04
201705   0.77   0.64  -0.25   4.12   2.23   1.75
201706  -0.56  -0.03   0.81   1.37   1.17  -0.33
201707   2.13   2.16   4.18   6.54   4.79   5.60
201708   0.49   1.52   1.55   2.81   1.47   2.25
201709  -0.15   0.26   1.77   0.46   0.16  -2.16
201710   2.44   2.33   2.65   3.82   2.38   4.25
201711   1.74   1.29  -0.39   1.82  -0.37   0.05
201712   4.86   2.87   3.87   3.44   3.44   4.15
201801   7.96   5.34   6.11   7.76   6.78  10.03
201802  -1.98  -2.91  -3.64  -4.09  -4.37  -5.15
201803   2.68   0.23  -1.95  -2.45  -0.32  -2.37
201804   1.04  -0.69   0.30  -2.14  -0.37   1.36
201805  -0.67  -2.26  -1.43  -0.77  -4.00  -4.78
201806  -9.63  -5.90  -6.19  -2.44  -4.42  -5.65
201807  -0.47  -0.14   0.64  -0.66   3.38   4.26
201808  -4.42  -2.92  -2.80  -3.42  -1.76  -2.23
201809  -3.17  -2.90  -2.67  -2.44  -1.14   1.10
201810 -12.63 -10.30  -6.58 -11.59  -7.40  -6.65
201811   2.74   4.70   4.04   6.18   4.14   3.05
201812  -2.52  -1.25  -0.18  -2.91  -2.08  -1.25
201901   4.93   5.01   6.06   7.99   8.03   6.89
201902   1.68   0.69   0.92   1.42  -0.39  -0.39
201903  -0.10   1.29   1.64   1.70   1.11  -0.14
201904   1.54   0.86   0.32   3.41   1.21   0.84
201905  -4.90  -4.77  -3.81 -10.09  -4.56  -4.14
201906   3.08   3.77   4.58   6.61   5.29   5.36
201907  -3.11  -2.44  -2.13   0.52  -2.19  -3.73
201908  -3.76  -4.28  -4.87  -2.79  -5.04  -6.03
201909   0.87   2.40   1.72   1.33   2.43   3.21
201910   3.21   2.70   2.21   4.81   3.29   4.29
201911  -3.44  -1.18  -0.99   0.92  -1.28   0.22
201912   4.90   6.65   6.59   7.15   7.44   5.99
202001  -2.70  -2.25  -3.48  -2.62  -4.92  -7.80
202002  -4.49  -6.47  -6.13  -3.05  -6.70  -7.58
202003 -17.16 -20.95 -21.77 -10.93 -20.16 -20.34
202004  11.58  13.13  11.53   9.36  10.26  10.32
202005   4.64   3.23   1.38   3.22   0.50   0.02
202006   6.98   7.99   8.76   9.28   5.86   4.88



  Average Equal Weighted Returns -- Monthly
               Small                 Big
          Low     2    High    Low     2    High
198907   1.84   9.23  13.71   1.57   2.53   2.24
198908   4.80  19.96   5.70   4.05   5.23   3.97
198909  27.09  13.92  13.46  21.31  18.11  15.50
198910   5.01  -1.05  -3.97  -2.31   0.19  -3.50
198911   0.60  -2.63   5.35  -0.70   0.41  -0.74
198912   4.11  14.36  16.65   6.04   6.83   8.78
199001  -3.35   3.18   8.42  -4.03  -2.76   9.44
199002   2.47  15.34   4.56   1.93   3.17   7.50
199003 -10.65  -2.08  -4.68  -3.10  -7.66  -4.79
199004  21.64  -2.73  -4.62   1.39   9.84   5.76
199005  -4.53   7.63   6.89   5.90   4.94   6.48
199006   7.44  -1.13  -2.50  -0.50   3.50   6.65
199007   8.29  10.08   3.00   4.27   6.14   9.36
199008  -9.48  -8.73  -8.63 -12.66 -11.21 -11.78
199009  -4.39  -8.57  -5.27 -10.59 -11.65 -13.83
199010   7.85   1.88   1.47   1.78  -0.74  -1.54
199011  -1.44  -1.25  -3.02  -2.42  -4.47  -1.89
199012  -1.19  -0.42   2.54   0.53   3.07   1.77
199101   4.15   7.84   1.76   3.67   5.54   6.80
199102   9.93  16.31  10.57  17.33  14.23  16.43
199103  -3.13  -6.19   2.90   1.24   1.82   0.20
199104  -0.45  -0.48  -3.49   0.55  -0.04   2.77
199105   9.19   2.79   0.94   2.35   1.79   1.82
199106  -1.01  -3.64  -5.21  -3.67  -4.65  -5.19
199107  -5.03  -4.32  -1.85  -0.83  -0.83  -0.09
199108  -3.01  -1.36  -2.06  -1.90   0.08   2.65
199109  -0.33  -3.54  -0.62  -2.59  -1.34  -1.34
199110  -0.23   1.98  -1.67   1.22   0.91  -0.04
199111   0.19   3.70   0.90  -0.59  -1.18   0.81
199112   0.62   5.74   5.61   4.65   7.13   6.60
199201   1.82   0.46  -0.42   4.75   6.39   3.25
199202   2.67  -2.31   1.00   2.82   4.11   2.19
199203  -0.19  -1.26   0.29  -0.10  -0.26  -0.12
199204  -0.91   3.19   4.34   0.71   0.11   1.50
199205  -0.61   0.15   2.61  -1.02  -0.26  -0.09
199206   4.28   4.03   2.31   2.17   1.26  -0.16
199207   3.39   4.76   1.67  -0.82  -1.93   1.46
199208  -1.39  -2.61  -1.90  -2.55  -1.09  -2.60
199209   1.08   0.97   0.63  -0.20   1.63   1.06
199210   2.36   5.21   3.30   4.97   3.43   4.34
199211  -1.44   0.77  -1.21  -0.19  -2.51  -0.94
199212   2.77   2.94   1.02  -1.34   0.60   0.09
199301  -0.44  -1.40  -1.20   2.18   1.68   2.36
199302   1.81   7.99   5.46   3.63   6.42   6.60
199303   2.48   5.39   0.61   1.69   0.00   1.61
199304  10.83   9.35   8.94   4.45   6.26   6.18
199305   5.60   8.06  10.58   5.00   4.35   7.81
199306  -3.61  -0.54  -2.13  -1.51   0.55  -2.26
199307   4.10   6.24   4.84   1.62   1.60   2.94
199308   3.20   8.90  10.11   1.98   4.21   4.47
199309   5.01   9.26   5.82   4.17   5.98   5.46
199310  14.94  12.90  11.53   7.83   7.76  11.54
199311   4.25   6.97   8.40   7.31   7.47   8.07
199312  10.71  14.54  12.99  14.77  16.78  16.81
199401  -2.22  -5.23   0.81   0.03   1.11   2.35
199402   2.56   5.39   3.37   0.74   0.77   0.67
199403  -5.30  -6.62  -3.09  -6.65  -7.68  -7.66
199404  -0.36  -0.10   0.53   0.78   1.03   0.64
199405   0.09  -1.09  -1.02   1.61   2.45   3.39
199406  -0.57   2.98   1.00  -1.62   0.43   0.41
199407   5.18   4.39   3.49   4.39   4.19   4.95
199408   7.65   8.95   3.35   6.68   6.24   7.20
199409   5.80   3.96   2.41  -0.40   0.55   2.31
199410   4.15   4.37   3.51   2.59   1.29   1.58
199411   0.27  -2.29  -0.84  -4.93  -3.42  -3.05
199412   4.22   2.70   3.23  -2.76  -1.99  -0.75
199501 -11.73 -12.05  -8.03 -11.47 -10.91 -10.24
199502   1.57   1.48   0.04   0.50   0.03   0.65
199503   0.68   0.84  -0.70   2.23   0.92   0.93
199504  -3.54  -3.50  -2.71  -3.73  -1.97  -2.69
199505   0.70   1.59   3.46   5.16   4.82   3.57
199506  -0.26   0.88   0.24  -0.40  -1.16  -0.70
199507   4.36   3.86   1.82   1.63   2.35   3.83
199508  -5.01  -4.12  -3.68  -3.89  -4.30  -4.64
199509   1.54   0.98   1.47   2.17   1.75   1.88
199510  -1.21  -2.38  -1.15  -2.21  -2.66  -2.88
199511  -0.89  -2.56  -2.45  -5.62  -5.21  -4.46
199512   0.20   0.37   2.28   2.19   1.67   0.53
199601  10.98   7.85   3.87   2.83   2.33   1.51
199602  -3.49   0.03   0.20   1.22   1.70   2.36
199603   4.65   5.05   0.64   1.31   0.82   1.15
199604  12.12   9.72   2.90   7.92   7.81   8.24
199605  -5.21  -5.60  -0.54  -2.11  -3.80  -4.71
199606  -1.44  -1.21   0.76  -1.86  -2.06  -2.46
199607   2.40   0.57  -2.33  -3.02  -4.68  -3.92
199608   7.09   1.38   0.75   0.18   0.37   0.38
199609   6.09   3.91   2.69   0.44  -0.21  -1.45
199610   0.64   1.59  -0.71  -2.00  -2.29  -1.75
199611   0.19   0.64   2.29  -0.02   0.80   0.34
199612  -2.72  -2.86  -0.60  -1.27  -1.34   0.08
199701   6.21   6.98   6.32   5.52   5.83   7.51
199702   7.81   5.28   4.13   2.59   3.62   3.36
199703   0.25   0.09   0.83  -1.60  -3.62  -4.43
199704  -3.83  -0.87   0.96  -0.55  -0.60  -0.40
199705   0.52   1.07  -0.81  -0.72   1.24   0.86
199706   0.87   2.36   3.10   3.60   1.14   0.97
199707  -1.66  -0.75   2.63  -1.39  -0.12   0.67
199708 -14.80  -6.95  -6.41  -9.85 -10.64 -10.33
199709  -1.94  -1.71  -2.53  -2.61  -2.24  -1.15
199710 -19.15 -15.76 -10.60 -18.23 -19.38 -17.44
199711 -24.21 -15.71  -9.23 -14.48 -16.99 -18.72
199712 -24.71 -14.87  -9.58 -15.05 -15.35 -16.33
199801  10.55   7.06  -4.67   8.75   7.60   7.46
199802  27.47  15.17  18.25  17.18  22.22  21.07
199803   4.31  11.49  10.32   4.94   5.71   7.06
199804 -11.32  -4.00   2.86  -5.83  -6.46  -6.51
199805 -11.30  -8.13  -7.68 -14.04 -13.50 -13.63
199806 -14.64 -11.89 -11.17 -14.25 -14.30 -15.28
199807   3.86   3.54   5.16   2.61   5.03   4.02
199808 -14.31 -12.53 -12.12 -18.84 -19.23 -18.05
199809   6.64   9.24   3.18   5.91   7.53   9.77
199810   7.00   5.13  11.64   6.34   6.58  10.80
199811  22.75  24.24  19.89  11.86  15.30  20.31
199812   4.69   2.69   2.77   2.61   3.81   6.54
199901   3.98   2.48   0.25  -1.29  -1.46  -3.86
199902  -3.42  -3.42  -0.84  -0.62  -1.37  -3.18
199903   6.91   4.64   9.00  10.02  10.81  11.35
199904  13.48  17.04  10.84  11.32  15.29  20.67
199905  18.81  13.90  10.12   6.92   6.12   4.81
199906  21.63  19.71  19.63  11.20  14.34  14.40
199907  -1.24   0.72   4.29  -0.16   0.73  -0.26
199908   5.56   4.25   6.27   2.24   5.85  10.12
199909  -5.83  -2.81  -2.85  -3.28  -4.51  -6.02
199910   5.82   3.48   4.44   3.49   3.93   4.74
199911   5.31   4.22   5.47   7.39   4.90   3.67
199912   9.73   8.48   8.71  11.04   9.40   6.19
200001   9.15   9.32   7.84   4.16   4.09   5.86
200002  12.54   8.87   1.70   2.17  -0.78  -2.16
200003   6.36   5.26   5.46   0.44  -1.14  -0.46
200004 -10.97  -7.50  -6.78 -10.37  -9.47  -9.94
200005  -5.70  -5.46  -3.29  -3.55  -2.99  -3.13
200006  -0.96  -0.80   1.13   1.08   0.10   0.52
200007  -6.66  -4.68  -1.98  -6.82  -3.72  -0.87
200008   1.23   1.29   2.37   2.11  -0.78   0.35
200009  -9.92  -9.19  -6.66 -12.31  -9.59  -7.13
200010 -12.69  -7.78  -7.86 -10.79 -10.01  -8.23
200011  -5.77  -3.22  -2.57  -6.94  -4.90  -4.52
200012  -5.43  -5.71  -0.67  -5.57  -2.36   1.17
200101  13.08  12.71  10.84  21.88  14.92  10.72
200102  -0.72  -0.95   0.11  -6.38  -3.05  -2.11
200103  -8.74  -8.47  -6.53 -10.35  -9.03  -8.93
200104   1.19  -0.59   1.10   3.63   3.06   2.06
200105   0.57   4.09   4.59   0.88   2.04   4.64
200106  -1.03  -2.35   1.67  -3.09  -2.65   0.19
200107  -4.67  -4.05  -3.88  -5.86  -4.15  -3.10
200108  -1.72   0.61   3.06  -2.48  -0.19   2.82
200109 -16.64 -14.40 -12.21 -15.41 -13.35 -13.67
200110  10.11   8.60   4.45   8.22   6.30   5.67
200111  11.17  11.78   9.58  11.58  12.25  14.14
200112   1.16   4.02   5.05   5.13   7.31   4.79
200201   5.08   5.68   7.71   3.51   4.48   7.80
200202  -2.02  -0.12   1.46  -0.86   1.68   2.68
200203   6.05   7.80   7.92   5.36   6.21   6.79
200204  -2.37   2.03   6.74  -2.51   0.00   2.26
200205  -1.11   0.20   1.36  -1.86  -1.66  -1.08
200206  -8.05  -4.06   0.58  -6.82  -5.51  -3.77
200207  -3.15  -3.22  -4.59  -4.53  -3.33  -4.18
200208   0.26   0.47   0.29   1.52   1.47   0.63
200209 -15.37 -11.96  -8.08 -10.25 -10.18 -10.73
200210   4.58   2.66   4.31   3.20   4.27   5.51
200211   2.58   3.97   7.25   4.95   5.46   7.83
200212  -5.08  -2.52   0.24  -2.80  -1.31   1.07
200301   0.56   0.72   4.00   0.15   0.68   5.20
200302  -3.04  -3.16  -1.18  -2.77  -1.81  -2.60
200303  -9.74  -6.98  -3.73  -3.20  -3.31  -3.47
200304  10.90   8.76   9.99   6.72   8.92   9.68
200305   9.06   9.52  10.98   7.91   9.79  12.31
200306   8.79   8.24   8.15   6.27   7.26   7.73
200307   4.31   4.54   6.79   5.19   4.69   5.69
200308   0.90   2.36   6.87   5.28   7.96   7.65
200309   0.61   0.79   2.38   2.02   2.49   3.17
200310   1.95   2.47   5.68   5.75   7.02  10.02
200311   0.42   1.99   5.68   1.49   1.67   2.39
200312   6.91   5.78  12.03   6.92   7.99   9.64
200401  -1.20   1.33   2.25   2.12   3.34   3.25
200402  -0.99   1.82   3.37   2.74   3.32   5.46
200403  -0.99   0.43   1.55  -0.55   0.75   1.12
200404  -0.11   0.04   1.13  -3.15  -2.88  -3.21
200405  -4.60  -5.53  -4.93  -4.92  -6.06  -6.90
200406  -3.41  -1.51  -1.05  -0.81  -0.03   0.77
200407  -3.04  -1.79   2.10  -0.70  -0.04   1.93
200408   3.06   3.76   5.08   2.31   3.68   2.94
200409   2.23   3.79   8.26   5.99   5.65   6.68
200410   0.39   1.26   3.71   0.92   2.13   2.51
200411   8.96   8.33  11.57   7.58   7.88  10.77
200412   5.00   5.70   8.28   5.24   5.86   6.19
200501   9.19  10.15   6.84   1.31   1.90   1.68
200502   6.38   7.08  10.30   5.35   6.30   7.70
200503  -4.47  -4.31  -2.29  -4.23  -4.80  -4.35
200504  -4.65  -3.00  -0.46  -3.53  -2.83  -3.82
200505   0.23   3.69   4.90   2.47   1.04   1.39
200506   4.01   5.53   5.01   1.91   2.72   4.15
200507   7.73   7.07   8.29   5.62   5.93   6.83
200508  -0.85  -0.25   3.44   0.36   0.85   1.29
200509   3.73   3.28   3.76   4.83   6.87   7.04
200510  -2.42  -2.56  -2.47  -5.12  -4.63  -5.00
200511   7.62   7.33   8.12   5.79   6.35   6.73
200512   5.61   5.98   6.26   5.19   6.23   4.64
200601   9.56   6.92   8.03   7.25   8.15   8.23
200602   0.99   1.40   1.85   1.65   1.34   1.90
200603   3.31   2.54   3.54   1.89   2.98   2.20
200604   6.88   7.84  10.63   6.86   8.10   9.03
200605  -8.65  -7.51  -5.77  -9.11  -8.27  -8.45
200606  -5.90  -5.11  -4.90  -3.44  -3.72  -4.13
200607  -0.68  -1.12   0.47   2.04   2.07   1.00
200608   2.56   3.89   4.19   4.77   3.31   2.95
200609   4.68   4.17   3.97   2.39   3.08   4.25
200610   4.12   5.60   7.17   4.57   5.93   6.73
200611   7.05   7.29   9.90   6.32   6.52   8.19
200612   1.27   2.90   4.94   3.33   3.83   4.41
200701   2.20   3.03   5.34   0.39   0.72   1.95
200702   2.14   2.20   4.33   0.92   1.55   1.96
200703   6.09   5.56   5.00   4.18   4.90   4.88
200704   5.91   6.07   9.28   5.76   6.76   8.41
200705   7.52   6.56   8.78   6.10   6.56   6.19
200706   5.29   6.34   6.32   4.69   4.86   4.65
200707   4.43   5.70   7.94   5.89   5.99   8.57
200708  -6.65  -5.05  -3.71  -5.36  -5.17  -4.35
200709   3.95   5.00   8.34   8.23   7.81   8.06
200710   2.08   1.87   3.18   7.13   7.12   6.61
200711  -6.39  -4.51  -1.77  -6.88  -6.28  -5.58
200712   0.87   2.77   9.03   1.87   2.02   2.27
200801 -11.77 -10.69 -10.76 -11.98 -11.94 -10.56
200802   4.11   4.82   3.50   7.24   6.05   6.48
200803  -6.08  -6.76  -6.02  -4.74  -5.01  -6.10
200804   1.30   3.90   6.84   5.04   5.20   4.94
200805  -1.31  -1.85  -0.93  -0.71  -1.35  -0.30
200806 -10.53  -9.42  -9.37 -11.76 -11.33 -11.38
200807  -1.50  -1.86  -0.11  -0.28  -1.40  -0.86
200808  -7.68  -7.34  -5.70  -6.74  -5.75  -6.90
200809 -17.31 -17.42 -14.77 -16.79 -17.42 -16.75
200810 -28.29 -25.89 -25.12 -28.34 -28.97 -28.29
200811  -9.73  -9.66  -7.48  -8.49  -7.75  -6.02
200812   6.83   8.27  10.55  11.98   9.95  12.00
200901  -3.46  -3.67  -3.89  -4.97  -5.53  -5.71
200902  -2.90  -3.51  -4.29  -4.38  -5.39  -6.11
200903   9.81  12.94   9.35  13.48  15.43  14.95
200904  22.01  20.95  19.81  21.66  21.63  22.38
200905  22.63  21.86  22.91  22.32  21.70  22.53
200906  -1.41  -0.09   0.36  -0.16   0.67  -0.67
200907   7.80   9.06   9.41   9.65  11.05  13.53
200908   2.79   3.87   6.18   0.96   1.56   2.28
200909   5.98   7.41   9.24   7.33   8.47   8.41
200910   0.09   0.97   0.26  -0.67  -0.37  -0.45
200911   1.48   2.43   4.32   3.02   2.72   2.42
200912   4.78   5.71   8.12   4.83   5.65   5.73
201001   2.52   1.47   1.93  -2.23  -1.70  -1.94
201002   0.56   1.49   0.72   0.91   0.29  -0.34
201003   4.49   7.38   7.72   6.62   8.12   9.89
201004   2.02   4.11   7.75   2.29   2.58   3.03
201005  -9.54  -9.09  -9.85  -8.43  -9.26 -10.25
201006   0.50   1.23   2.54   2.16   1.22   1.10
201007   5.85   6.09   7.36   6.23   7.74   8.35
201008  -1.34  -0.97   0.75   0.15   0.71   0.95
201009   9.91   8.91   9.99  10.98  11.66  11.53
201010   2.97   3.66   4.89   1.65   3.31   4.16
201011  -4.23  -3.63  -4.35  -1.75  -2.52  -2.97
201012   4.76   5.43   5.52   5.33   6.14   7.94
201101  -1.49  -1.85  -3.18  -2.82  -2.71  -1.28
201102  -2.76  -2.76  -2.70  -2.91  -3.04  -3.54
201103   2.64   3.32   3.51   4.86   5.39   5.63
201104   3.44   4.40   6.04   5.11   4.47   3.80
201105  -3.61  -3.13  -3.49  -1.48  -2.17  -1.87
201106  -1.75  -0.91  -0.70  -0.63  -1.26  -1.84
201107   1.64   2.30   3.97   1.35   1.25   1.19
201108 -10.78 -10.79  -9.44  -8.58 -10.08  -9.68
201109 -13.40 -12.47 -10.90 -13.25 -13.83 -14.74
201110   8.43   8.62   6.89   9.49   9.97   9.47
201111  -6.79  -7.53  -7.09  -7.38  -8.30  -7.42
201112  -1.66  -2.24  -1.90  -1.43  -1.16  -1.80
201201  12.32  12.58  13.57  11.30  13.20  13.09
201202   8.43   8.89   7.70   8.55   8.05   8.50
201203  -4.23  -2.71  -3.33  -1.91  -2.74  -3.35
201204  -4.15  -2.36  -1.00  -2.09  -1.78  -2.01
201205  -9.73  -8.68  -8.15  -7.73  -9.47  -9.32
201206   3.66   3.37   3.25   3.36   3.19   4.12
201207  -2.03  -0.77  -0.19   0.54   0.73   0.16
201208   1.51   2.53   1.53   2.86   2.15   0.60
201209   5.63   5.95   7.42   5.22   6.54   8.00
201210  -1.35  -1.19   0.09  -1.11  -1.36  -1.45
201211  -0.54   0.02   0.44   1.15   1.42   2.06
201212   3.23   3.28   2.84   3.39   4.77   6.05
201301   2.14   2.29   2.78   1.11   1.91   2.76
201302  -0.16  -0.36  -2.00   0.18   0.10  -1.02
201303  -1.82  -0.90  -1.30  -0.27  -0.40  -1.00
201304   0.92   1.84   2.64   1.04   1.53   1.73
201305  -1.76   0.24   0.66   0.02  -0.68  -0.33
201306  -6.32  -6.85  -7.30  -6.52  -6.90  -8.37
201307   2.85   2.39  -0.03   1.90   0.66   0.58
201308  -4.14  -4.41  -3.89  -4.02  -3.73  -3.46
201309   7.23   8.19   8.09   6.42   6.70   8.25
201310   2.74   4.30   5.07   3.31   4.29   4.89
201311  -1.72  -1.65  -0.55  -1.50  -1.33  -1.73
201312   1.90   1.13   2.34  -0.68  -0.08   0.05
201401  -0.16  -1.66  -1.28  -4.12  -3.95  -3.82
201402   5.36   4.76   4.95   4.68   4.27   3.95
201403   1.38   3.34   3.77   2.47   3.00   3.90
201404   1.20   2.70   4.02   1.12   0.71   1.80
201405   3.28   4.80   8.26   2.96   3.57   5.19
201406   2.95   3.71   6.13   2.41   2.35   2.50
201407  -1.41   0.47   0.45   0.09   1.11   2.59
201408  -0.37   3.07   2.17   2.09   2.11   1.11
201409  -1.87  -1.22  -0.12  -3.11  -3.96  -5.02
201410  -2.16  -1.09  -0.91  -1.59  -1.21  -1.05
201411  -1.09  -1.12  -1.39  -1.12  -1.15  -1.22
201412  -2.43  -2.22  -3.41  -2.66  -2.05  -3.13
201501   0.44   2.23   2.57   1.09   0.64  -0.18
201502   2.20   3.45   2.39   1.85   2.54   2.86
201503  -0.77  -0.16  -2.10  -0.38  -1.42  -1.90
201504   6.73   6.76   6.84   4.89   5.84   7.34
201505  -0.82  -1.04  -0.47  -1.06  -2.14  -3.74
201506  -1.06  -1.47  -1.55  -2.25  -3.25  -3.29
201507  -3.89  -2.96   0.57  -4.13  -6.17  -6.17
201508  -7.83  -8.89  -9.29  -8.20  -8.91  -9.50
201509   2.64   2.15   1.01  -0.49  -0.33  -0.34
201510   5.01   6.82   6.73   5.35   5.64   6.32
201511  -1.45  -1.06   0.14  -1.09  -3.37  -3.53
201512  -0.35   1.11   3.30  -0.29  -0.35  -0.95
201601  -5.38  -5.50  -5.46  -4.88  -5.37  -6.27
201602  -1.00  -0.85  -3.06  -1.57  -0.05   1.41
201603  10.87  10.31  10.61   9.75  11.58  13.04
201604   0.58   2.13   4.29   1.50   0.71   2.78
201605  -3.20  -2.97  -2.85  -2.70  -3.26  -5.50
201606   2.34   3.35   3.97   1.95   2.99   3.71
201607   2.94   4.98   5.65   3.46   4.41   6.30
201608  -0.14   0.48   1.52   0.07   1.14   2.50
201609   1.21   2.25   2.44   0.70   0.63   0.66
201610  -2.38  -0.73   3.60  -3.14  -1.33   0.23
201611  -6.33  -5.36  -5.65  -6.46  -5.28  -3.68
201612   0.96   1.64   1.51   0.50   0.95   0.58
201701   3.10   4.68   6.85   2.92   4.40   6.08
201702   1.82   3.43   4.67   3.96   4.17   5.60
201703   1.53   4.07   4.18   1.96   2.88   2.86
201704   0.49   1.62   3.72   1.72   1.62   1.36
201705   1.15   1.06  -0.41   2.68   2.47   2.10
201706   0.06   0.23   0.95  -0.32   0.38   0.68
201707   0.70   1.95   3.44   2.52   2.44   3.74
201708  -0.90   0.29   0.17   0.51   1.18   1.73
201709  -2.18  -1.19   0.65   0.01  -1.02  -1.14
201710   2.54   3.42   4.34   2.79   2.87   3.31
201711   2.72   2.14   1.88   2.53   0.95   0.50
201712   3.62   3.07   4.28   4.43   3.47   3.50
201801   6.52   5.80   5.05   4.18   5.72   7.18
201802  -2.60  -2.79  -3.19  -3.29  -3.75  -4.49
201803   0.87  -0.62  -2.93  -0.17  -0.79  -2.41
201804  -0.83   0.06   0.59  -1.57  -0.56   0.21
201805  -3.97  -2.88  -3.85  -3.43  -3.26  -2.69
201806  -5.16  -5.36  -5.88  -4.32  -5.29  -5.86
201807  -0.16   0.16   0.11   0.05   1.75   2.06
201808  -2.80  -1.47  -1.91  -1.56  -1.73  -2.62
201809  -2.77  -2.98  -3.33  -2.33  -1.50  -0.92
201810 -10.88 -10.59  -6.40 -11.10  -9.21  -7.53
201811   3.65   5.41   5.30   5.86   5.38   5.25
201812  -1.60  -0.97   0.03  -1.54  -1.27  -0.58
201901   4.17   4.16   3.10   5.22   5.77   6.24
201902   1.03   0.67  -0.05   2.24   1.64   0.92
201903   0.64   1.49   1.96   0.45   0.51  -0.05
201904   0.03   0.37  -0.09   0.74   0.15   1.28
201905  -3.73  -4.39  -3.42  -5.95  -5.28  -4.38
201906   2.25   2.79   1.08   3.08   3.90   4.19
201907  -3.45  -3.59  -3.39  -1.63  -2.54  -3.16
201908  -3.80  -3.73  -4.04  -2.60  -4.54  -5.54
201909   2.09   3.46   3.05   2.30   2.39   1.92
201910   2.69   2.27   0.73   5.28   2.76   2.56
201911  -1.19  -0.50  -0.29  -1.10   0.01   0.20
201912   4.49   4.74   4.08   5.25   6.48   5.27
202001  -0.86  -1.22  -0.20  -4.02  -4.58  -5.88
202002  -6.21  -6.28  -7.49  -6.23  -7.28  -8.42
202003 -14.90 -18.53 -20.32 -14.60 -19.50 -21.72
202004  15.34  16.84  16.05  14.15  15.23  14.65
202005   5.47   4.66   2.80   4.34   2.14   1.35
202006   8.19   7.79  12.93   6.93   6.57   7.59



  Average Value Weighted Returns -- Annual
           Small                 Big
       Low    2      High   Low    2      High
1990  30.06  51.69   1.46 -15.50  -9.87   1.42
1991   5.38  32.15  35.66  25.27  62.22  38.46
1992   8.91  10.88  13.66  10.22   5.79  -5.98
1993  78.98 148.60 148.49  63.46 106.46 101.28
1994   9.02 -11.81  -7.63 -13.80 -14.18   2.26
1995  -0.77 -10.22  -6.99  -3.78  -3.44  -2.36
1996  35.33  24.59   3.60   3.37   4.42   8.75
1997 -39.30 -22.21  -5.49 -27.52 -12.17  -2.51
1998 -14.06 -11.08 -12.81 -20.12 -22.54 -21.18
1999  54.64  63.38  70.67  79.08  59.80  62.95
2000 -41.98 -33.51 -30.50 -29.41 -37.29 -23.29
2001 -18.00   0.05   5.67  -5.91   1.32   0.91
2002 -21.22  -8.06  13.03 -13.88  -2.56   7.19
2003  33.58  41.82  73.08  45.31  59.12  80.23
2004   8.54  25.11  39.41  23.75  28.94  33.86
2005  29.48  33.15  47.14  32.89  38.25  34.92
2006  22.38  26.81  45.30  30.11  35.41  35.02
2007  24.13  29.46  58.21  38.99  41.35  38.35
2008 -62.55 -59.93 -52.64 -52.60 -51.36 -59.04
2009  78.51 104.02 103.92  67.32  87.47  89.85
2010  23.19  27.72  30.75  25.31  19.13  22.51
2011 -23.49 -23.71 -22.61 -15.66 -18.62 -20.93
2012  15.80  19.37  22.60  18.68  20.51  17.66
2013   3.97   2.99   6.77   4.10  -2.57  -3.06
2014   1.95   0.99   3.58   1.88  -0.10  -3.08
2015  -2.92  -2.96  -5.47  -6.14 -13.85 -16.12
2016  -4.33   6.40  15.40   4.95  10.46  19.28
2017  18.65  23.72  35.59  46.01  33.60  30.03
2018 -20.56 -18.26 -14.11 -18.52 -11.79  -9.17
2019   4.31  10.49  12.16  23.89  15.34  12.02



  Average Equal Weighted Returns -- Annual
           Small                 Big
       Low    2      High   Low    2      High
1990   8.68  11.01  -3.36 -17.67 -10.06   9.94
1991  10.20  18.09   7.02  21.80  24.58  34.36
1992  14.50  17.11  14.32   9.25  11.69  10.22
1993  75.36 130.60 106.26  66.73  83.10  98.09
1994  22.80  17.53  17.80  -0.30   4.34  11.84
1995 -13.64 -14.54  -9.52 -13.68 -14.60 -14.15
1996  33.99  22.02  10.18   3.21  -1.13  -0.84
1997 -57.57 -36.56 -20.83 -43.96 -46.82 -46.03
1998  28.82  41.76  37.59  -0.07  12.17  26.64
1999 111.34  97.33 104.00  74.04  82.98  78.47
2000 -28.06 -19.83 -11.92 -38.90 -35.23 -25.97
2001  -0.21   7.73  16.58   2.18  10.12  14.81
2002 -18.89  -0.60  26.59 -11.74   0.25  13.88
2003  34.20  39.47  90.94  49.57  66.85  90.27
2004   4.58  18.28  48.61  17.24  25.30  34.95
2005  35.55  46.46  64.40  20.79  27.94  30.75
2006  26.39  31.26  51.91  30.99  37.24  40.95
2007  29.68  40.73  81.44  36.67  42.05  51.74
2008 -59.87 -56.11 -48.80 -52.98 -54.87 -51.91
2009  89.75 105.64 113.33  95.28 103.37 105.68
2010  18.46  27.70  38.75  25.01  30.04  33.60
2011 -24.82 -22.49 -19.01 -18.20 -21.55 -22.01
2012  11.30  20.94  24.97  24.53  25.44  27.37
2013   1.14   5.51   5.76   0.37   1.42   1.40
2014   4.44  16.23  24.30   2.81   4.45   6.37
2015   0.02   6.08   9.52  -5.34 -11.65 -13.47
2016  -0.61   9.03  16.44  -1.79   6.18  15.25
2017  15.50  27.58  40.44  28.81  28.91  34.60
2018 -18.94 -15.99 -15.89 -18.45 -14.44 -12.62
2019   4.86   7.45   2.33  13.36  11.00   9.05



  Number of Firms in Portfolios
              Small                 Big
          Low    2      High   Low    2      High
198907     13     23     40     44     56     46
198908     13     23     40     44     56     46
198909     13     23     40     44     56     46
198910     13     23     40     44     56     46
198911     13     23     40     44     56     46
198912     13     23     40     44     56     46
199001     12     13     36     40     52     44
199002     12     13     36     40     52     44
199003     12     13     36     40     51     44
199004     12     13     36     40     51     44
199005     12     13     36     40     51     44
199006     12     13     36     40     51     44
199007     10     22     44     49     68     51
199008     10     22     44     49     68     51
199009     10     22     44     49     68     51
199010     10     22     44     49     68     51
199011     10     22     44     49     68     51
199012     10     22     44     49     68     51
199101      9     22     42     48     67     51
199102      9     22     42     48     67     51
199103      9     22     42     48     67     51
199104      9     22     42     48     67     51
199105      9     22     42     48     67     51
199106      9     22     42     48     67     51
199107     53     76    114     94    126     95
199108     53     76    114     94    126     95
199109     53     76    114     94    126     95
199110     53     76    114     94    126     95
199111     53     76    114     94    125     95
199112     53     76    114     94    125     95
199201     51     73    112     93    125     95
199202     51     73    112     93    126     95
199203     51     73    112     93    126     95
199204     51     73    112     93    126     95
199205     51     73    112     93    126     95
199206     51     73    112     93    126     95
199207     76    165    173    135    182    137
199208     76    165    173    135    182    137
199209     76    165    173    135    182    137
199210     76    165    173    135    182    137
199211     76    165    173    135    182    137
199212     76    165    173    135    182    137
199301     76    163    168    135    180    136
199302     76    163    168    135    180    136
199303     76    163    168    135    180    136
199304     76    163    168    135    180    136
199305     76    162    168    135    180    136
199306     76    162    168    135    180    136
199307    130    259    349    278    365    284
199308    130    259    349    278    365    284
199309    130    259    349    278    365    284
199310    130    259    349    278    365    284
199311    130    258    348    278    365    284
199312    130    258    348    278    365    283
199401    130    258    344    277    365    283
199402    130    258    344    277    365    283
199403    130    258    344    277    365    283
199404    130    258    344    277    365    283
199405    130    258    343    277    365    283
199406    130    258    342    277    365    283
199407    230    386    568    348    465    352
199408    230    386    568    348    465    352
199409    230    386    568    348    465    351
199410    230    386    568    348    465    351
199411    230    386    567    348    465    351
199412    230    386    567    348    465    351
199501    229    381    564    347    464    349
199502    228    382    564    347    463    349
199503    228    382    565    347    463    349
199504    228    382    565    347    463    349
199505    228    382    564    347    463    349
199506    228    382    564    347    463    349
199507    294    547    839    433    584    440
199508    294    547    837    433    584    440
199509    294    547    837    432    584    440
199510    294    547    837    432    584    440
199511    294    547    836    432    584    440
199512    294    547    835    431    584    440
199601    294    547    829    429    582    439
199602    294    547    829    429    582    439
199603    294    547    828    429    582    439
199604    293    547    828    429    582    439
199605    293    547    827    429    582    439
199606    293    547    826    429    582    439
199607    358    773   1256    551    737    562
199608    358    772   1256    551    737    562
199609    358    771   1254    551    737    562
199610    357    770   1254    550    737    562
199611    357    769   1251    550    737    562
199612    357    769   1250    550    737    562
199701    357    768   1248    550    737    561
199702    357    768   1244    550    736    560
199703    356    768   1241    550    735    559
199704    356    768   1240    550    733    559
199705    356    767   1239    549    733    559
199706    355    765   1237    549    733    558
199707    487    687   1536    634    849    639
199708    487    687   1534    634    846    639
199709    487    687   1522    633    845    638
199710    486    686   1517    632    845    637
199711    484    685   1510    632    844    637
199712    484    685   1506    632    844    637
199801    484    685   1504    631    843    637
199802    483    685   1496    631    842    635
199803    483    685   1494    631    842    634
199804    483    685   1494    631    842    634
199805    483    685   1490    630    842    633
199806    483    682   1487    628    842    631
199807    439   1023   2010    676    912    688
199808    438   1023   2006    676    909    688
199809    437   1023   1996    675    907    688
199810    436   1022   1991    675    904    686
199811    435   1021   1973    675    902    684
199812    434   1019   1968    672    899    683
199901    433   1018   1963    671    897    678
199902    431   1017   1951    669    896    678
199903    430   1013   1943    669    893    676
199904    427   1005   1932    668    889    675
199905    427   1001   1932    667    887    674
199906    427   1001   1919    666    886    672
199907    591   1232   2086    635    853    638
199908    588   1228   2082    633    850    635
199909    586   1227   2081    633    847    635
199910    585   1225   2081    632    845    633
199911    584   1224   2070    631    845    633
199912    584   1219   2063    631    841    633
200001    584   1216   2056    630    839    632
200002    583   1214   2053    630    838    631
200003    583   1212   2047    630    837    630
200004    582   1211   2044    628    835    630
200005    582   1210   2039    625    834    630
200006    580   1206   2035    624    831    629
200007    441   1124   2734    609    813    612
200008    440   1122   2726    603    811    611
200009    438   1122   2712    602    810    611
200010    437   1122   2705    601    808    606
200011    435   1117   2691    599    808    602
200012    432   1114   2681    597    808    601
200101    431   1110   2666    593    804    599
200102    431   1109   2661    592    803    598
200103    428   1108   2650    592    803    598
200104    427   1108   2639    592    801    598
200105    425   1108   2634    590    801    598
200106    425   1106   2626    589    799    598
200107    619   1370   2466    622    827    624
200108    614   1366   2459    622    825    623
200109    613   1364   2450    621    823    623
200110    612   1362   2434    619    819    622
200111    611   1357   2423    615    814    617
200112    609   1354   2415    613    814    616
200201    608   1352   2405    611    808    612
200202    607   1349   2395    610    804    607
200203    607   1345   2392    610    804    607
200204    605   1344   2386    610    803    606
200205    600   1343   2376    608    801    605
200206    599   1338   2360    608    800    604
200207    755   1488   2470    600    810    601
200208    753   1484   2467    598    808    598
200209    752   1480   2459    595    807    596
200210    751   1478   2452    594    807    596
200211    747   1470   2445    593    803    594
200212    743   1462   2439    593    797    593
200301    740   1458   2435    593    790    589
200302    739   1458   2430    592    788    589
200303    738   1455   2422    590    787    588
200304    735   1455   2416    588    787    587
200305    727   1451   2408    587    787    585
200306    725   1450   2401    586    785    585
200307    698   1708   3003    613    810    614
200308    698   1707   2997    611    807    613
200309    697   1701   2991    610    806    611
200310    695   1699   2983    609    806    610
200311    693   1690   2977    609    804    609
200312    691   1689   2973    608    804    609
200401    689   1684   2970    607    802    609
200402    687   1682   2967    607    800    609
200403    685   1674   2963    607    799    608
200404    682   1670   2956    606    798    608
200405    670   1660   2951    605    797    608
200406    662   1652   2944    602    795    606
200407    776   1513   3556    584    782    586
200408    776   1510   3550    584    780    584
200409    776   1509   3539    584    777    583
200410    776   1509   3535    584    776    583
200411    775   1505   3525    584    773    582
200412    770   1496   3491    581    771    582
200501    769   1497   3479    580    773    582
200502    768   1495   3476    579    771    580
200503    768   1494   3473    579    769    578
200504    766   1489   3465    577    768    578
200505    758   1475   3451    575    766    578
200506    756   1475   3444    575    766    575
200507    776   1677   3994    653    869    654
200508    776   1676   3979    652    869    653
200509    774   1675   3969    650    869    651
200510    773   1673   3967    649    868    651
200511    771   1673   3953    649    867    651
200512    770   1670   3947    648    866    647
200601    769   1667   3934    647    859    646
200602    767   1667   3928    646    858    645
200603    763   1663   3922    642    854    645
200604    760   1663   3912    642    853    642
200605    760   1661   3901    639    851    639
200606    760   1657   3898    638    851    636
200607    957   2033   4073    632    845    633
200608    954   2027   4067    630    844    632
200609    952   2025   4062    629    842    632
200610    951   2020   4055    628    841    629
200611    950   2018   4046    628    839    627
200612    948   2016   4044    626    837    627
200701    948   2016   4041    624    835    624
200702    945   2016   4038    623    831    622
200703    941   2014   4028    623    830    622
200704    937   2010   4022    621    827    621
200705    933   2004   4001    619    825    620
200706    931   1998   3994    617    824    618
200707   1022   1948   4755    714    951    716
200708   1020   1945   4751    712    951    715
200709   1017   1943   4738    710    950    712
200710   1015   1939   4728    709    948    705
200711   1014   1935   4719    707    947    704
200712   1012   1931   4711    704    940    702
200801   1011   1927   4701    703    937    698
200802   1009   1920   4691    703    937    693
200803   1009   1913   4673    703    935    692
200804   1009   1911   4649    703    933    690
200805    999   1905   4631    702    932    688
200806    993   1900   4625    702    931    686
200807   1093   2287   5719    691    923    693
200808   1088   2283   5705    690    923    692
200809   1083   2279   5697    688    921    689
200810   1079   2276   5680    688    920    687
200811   1076   2272   5665    687    919    685
200812   1068   2266   5651    687    918    681
200901   1065   2263   5635    686    918    681
200902   1063   2260   5624    686    917    680
200903   1060   2252   5614    685    916    680
200904   1056   2245   5610    685    913    680
200905   1043   2236   5589    685    911    679
200906   1035   2226   5577    685    911    679
200907   1239   2449   5745    684    910    685
200908   1233   2438   5733    682    909    684
200909   1225   2430   5721    682    908    683
200910   1220   2424   5712    682    908    681
200911   1216   2420   5707    681    908    681
200912   1209   2416   5701    679    907    680
201001   1207   2407   5687    677    906    679
201002   1204   2395   5661    676    897    678
201003   1201   2387   5637    675    896    678
201004   1199   2382   5621    669    895    675
201005   1191   2369   5598    669    894    674
201006   1186   2355   5587    668    893    673
201007   1120   2217   5726    699    936    701
201008   1119   2213   5717    699    935    701
201009   1115   2210   5712    699    933    698
201010   1113   2205   5704    696    933    696
201011   1110   2201   5699    696    933    696
201012   1102   2198   5685    696    932    696
201101   1099   2194   5671    695    931    695
201102   1098   2189   5661    694    929    693
201103   1095   2186   5658    694    929    692
201104   1093   2184   5648    692    926    691
201105   1084   2169   5639    692    923    688
201106   1074   2159   5621    690    920    688
201107   1267   2167   6107    702    940    706
201108   1266   2166   6095    702    939    706
201109   1264   2161   6080    702    938    705
201110   1258   2156   6072    702    933    704
201111   1255   2153   6055    702    931    703
201112   1253   2147   6042    701    931    702
201201   1250   2135   6023    698    929    702
201202   1248   2130   6010    696    928    701
201203   1246   2127   6001    695    926    701
201204   1244   2126   5984    695    925    701
201205   1236   2118   5965    694    925    699
201206   1232   2108   5950    692    924    698
201207   1275   2342   6099    695    929    697
201208   1273   2339   6091    695    927    696
201209   1271   2334   6080    694    925    696
201210   1265   2326   6071    694    925    696
201211   1260   2319   6048    690    924    695
201212   1258   2311   6034    690    922    694
201301   1252   2308   6016    687    921    693
201302   1249   2305   6000    687    917    691
201303   1249   2301   5984    685    916    691
201304   1232   2282   5926    683    916    690
201305   1231   2272   5905    682    914    689
201306   1221   2266   5892    679    912    687
201307   1222   2251   6045    708    947    711
201308   1218   2245   6030    706    946    709
201309   1213   2243   6022    706    946    709
201310   1209   2238   6003    706    945    706
201311   1207   2235   5990    705    945    706
201312   1207   2231   5975    705    946    704
201401   1204   2226   5954    705    945    703
201402   1202   2224   5939    704    945    702
201403   1201   2219   5925    703    944    702
201404   1198   2214   5907    702    944    702
201405   1191   2209   5892    701    943    701
201406   1188   2202   5879    700    943    701
201407   1385   2592   5932    795   1056    796
201408   1379   2588   5920    792   1053    796
201409   1375   2588   5913    792   1052    795
201410   1374   2580   5897    792   1051    795
201411   1371   2577   5893    792   1051    794
201412   1368   2576   5881    792   1050    793
201501   1367   2570   5876    791   1048    792
201502   1360   2567   5862    790   1047    791
201503   1358   2562   5856    790   1047    790
201504   1356   2555   5842    790   1047    789
201505   1348   2550   5832    789   1046    788
201506   1342   2548   5822    788   1043    788
201507   1289   2956   5671    813   1080    814
201508   1287   2951   5657    813   1079    813
201509   1285   2948   5653    812   1078    812
201510   1281   2941   5641    811   1077    810
201511   1277   2941   5625    808   1076    810
201512   1277   2934   5611    807   1075    810
201601   1274   2929   5607    804   1074    807
201602   1274   2923   5590    803   1073    805
201603   1271   2920   5580    802   1071    804
201604   1269   2916   5570    801   1068    803
201605   1267   2908   5559    800   1066    803
201606   1261   2900   5555    800   1066    802
201607   1389   3259   5401    835   1120    837
201608   1387   3252   5395    833   1119    837
201609   1384   3244   5386    831   1119    834
201610   1377   3238   5381    830   1119    833
201611   1375   3232   5372    829   1117    832
201612   1368   3228   5360    827   1116    832
201701   1363   3216   5337    827   1115    830
201702   1362   3213   5329    826   1113    829
201703   1360   3210   5318    825   1113    829
201704   1354   3197   5297    822   1112    828
201705   1350   3190   5286    822   1112    828
201706   1346   3184   5278    821   1111    828
201707   1675   3411   5334    863   1150    864
201708   1671   3403   5327    862   1146    860
201709   1668   3398   5306    862   1145    858
201710   1666   3392   5299    861   1142    858
201711   1661   3386   5286    859   1141    858
201712   1656   3378   5274    858   1142    856
201801   1653   3374   5266    856   1142    855
201802   1651   3371   5258    856   1141    855
201803   1649   3365   5250    855   1141    854
201804   1646   3356   5238    853   1141    853
201805   1645   3353   5229    851   1137    853
201806   1635   3350   5200    851   1137    850
201807   1499   3433   5759    841   1124    845
201808   1495   3428   5733    841   1123    845
201809   1468   3413   5665    840   1121    845
201810   1464   3407   5652    839   1120    843
201811   1460   3401   5642    838   1120    842
201812   1457   3390   5638    838   1118    842
201901   1454   3386   5623    838   1118    841
201902   1451   3382   5615    838   1115    841
201903   1449   3376   5603    838   1113    841
201904   1446   3372   5595    838   1113    841
201905   1447   3368   5583    837   1112    839
201906   1442   3364   5575    836   1112    837
201907   1616   3676   5683    843   1130    844
201908   1612   3666   5672    843   1129    844
201909   1609   3659   5666    843   1127    844
201910   1608   3653   5663    843   1125    844
201911   1607   3650   5654    843   1124    844
201912   1604   3644   5644    843   1123    844
202001   1598   3636   5635    842   1122    844
202002   1596   3630   5627    842   1121    844
202003   1593   3624   5619    841   1120    842
202004   1589   3620   5612    840   1120    841
202005   1587   3616   5605    840   1120    841
202006   1580   3605   5595    836   1119    840



  Average Firm Size
                       Small                                Big
              Low         2           High        Low         2           High
198907       57.80       39.44       19.30      282.85      258.48      185.43
198908       52.80       37.91       22.16      280.22      260.50      181.29
198909       57.73       44.39       23.12      286.79      262.18      190.63
198910       69.21       55.46       25.34      335.83      298.89      225.97
198911       73.33       52.71       24.04      330.87      296.72      220.27
198912       72.31       49.48       25.17      332.69      292.78      213.12
199001       71.00       62.71       29.28      362.28      336.96      234.05
199002       70.07       70.22       33.31      341.04      329.35      246.65
199003       74.06       78.97       36.39      348.33      333.32      261.61
199004       65.83       78.14       34.20      336.46      309.52      243.52
199005       70.59       83.75       30.98      329.34      304.62      267.04
199006       69.66       92.65       34.13      357.85      328.69      290.13
199007       76.61       54.19       36.59      405.72      415.58      348.81
199008       82.44       59.86       37.00      423.90      447.88      362.99
199009       76.07       52.87       33.66      376.82      392.66      314.46
199010       72.52       49.03       33.41      334.73      342.76      274.28
199011       69.67       51.41       33.14      335.49      362.38      264.26
199012       67.72       50.26       32.58      332.96      353.56      244.59
199101       66.85       50.11       31.48      328.35      358.94      248.52
199102       69.20       52.84       31.39      332.09      363.57      260.70
199103       71.42       59.66       34.64      377.28      401.85      304.51
199104       71.37       59.18       40.70      378.17      436.28      303.40
199105       72.68       59.88       40.01      376.17      450.69      293.09
199106       75.57       65.73       46.94      389.89      485.26      299.61
199107       51.95       44.23       31.35      355.66      429.89      208.14
199108       49.15       41.25       30.85      355.22      453.21      212.18
199109       46.65       40.61       29.93      348.55      468.60      213.71
199110       45.29       38.63       28.94      340.63      456.41      205.04
199111       45.47       39.99       29.04      359.77      493.65      215.52
199112       45.11       41.90       29.06      355.35      488.10      217.06
199201       44.64       42.72       30.18      379.18      526.24      240.13
199202       46.45       42.67       32.59      405.11      568.87      261.33
199203       49.57       40.14       35.70      414.99      618.84      265.87
199204       49.30       38.73       37.05      416.37      601.39      245.13
199205       49.68       40.82       38.45      418.31      589.01      245.85
199206       48.74       39.66       39.78      402.45      599.67      242.13
199207       36.70       34.38       42.02      543.00      282.46      225.76
199208       36.78       35.12       40.40      543.88      280.05      227.27
199209       35.88       33.72       37.40      513.04      274.24      214.71
199210       34.17       32.69       36.03      504.89      279.11      207.73
199211       35.41       34.68       38.36      541.79      285.76      214.69
199212       35.08       37.48       37.77      550.79      276.10      217.94
199301       36.90       38.29       35.68      556.98      284.73      218.90
199302       36.12       37.22       34.40      541.12      284.93      221.44
199303       36.39       42.03       36.39      544.90      301.45      236.07
199304       37.39       45.89       37.71      573.89      302.35      239.98
199305       39.19       49.70       41.73      572.18      317.89      255.83
199306       41.55       51.88       46.11      585.34      331.73      271.41
199307       30.64       35.32       30.38      324.90      237.66      224.24
199308       31.73       36.84       31.59      341.72      247.08      226.85
199309       33.21       40.67       35.13      361.31      268.37      251.84
199310       35.15       44.29       37.54      366.51      282.39      267.20
199311       40.22       49.76       41.88      404.16      310.56      290.63
199312       41.30       54.50       46.92      412.99      331.40      305.13
199401       49.21       63.56       59.06      492.36      390.25      361.67
199402       47.80       59.08       55.26      479.00      377.57      375.11
199403       51.14       61.15       58.95      468.62      375.36      371.86
199404       46.15       54.70       51.23      418.94      328.72      334.15
199405       43.39       53.40       50.82      431.60      329.04      319.04
199406       43.10       51.04       49.70      440.59      334.14      330.43
199407       36.79       40.80       25.45      418.15      398.28      254.98
199408       38.63       42.38       26.30      444.52      427.90      276.12
199409       46.89       49.58       29.06      488.90      476.84      315.12
199410       51.68       53.24       30.61      493.06      485.73      329.05
199411       49.82       51.15       30.41      479.31      467.78      321.94
199412       49.66       48.80       29.55      450.26      450.02      307.85
199501       44.98       42.48       27.15      411.65      399.83      285.11
199502       37.34       33.77       22.31      362.33      343.79      257.06
199503       39.04       35.62       22.12      373.48      338.47      257.08
199504       37.71       36.30       22.99      378.54      337.77      250.79
199505       37.80       35.16       23.43      378.89      352.00      261.18
199506       37.62       36.81       24.19      408.67      369.34      277.33
199507       35.63       30.03       25.78      489.93      364.24      273.19
199508       37.26       31.34       26.35      497.83      366.71      281.98
199509       37.12       30.61       25.68      476.22      356.28      270.60
199510       36.43       29.82       25.75      468.16      357.62      273.78
199511       36.51       28.40       25.31      455.19      354.65      265.12
199512       37.75       28.19       25.25      446.24      353.90      256.75
199601       40.29       29.51       25.97      462.27      371.98      266.59
199602       45.01       32.88       28.16      496.14      399.76      284.64
199603       45.03       33.67       27.51      491.88      387.24      279.63
199604       47.98       36.03       27.41      493.56      389.58      283.37
199605       50.87       39.02       27.58      509.32      393.35      291.74
199606       47.42       35.27       26.17      497.94      384.52      281.53
199607       45.37       41.15       28.42      575.06      493.70      327.21
199608       44.88       40.05       26.98      538.33      465.17      311.61
199609       49.08       40.78       27.32      552.08      480.74      318.70
199610       51.34       42.27       27.84      561.16      488.34      318.73
199611       51.84       42.60       27.45      546.57      474.25      319.07
199612       50.90       42.10       28.22      553.65      481.04      325.24
199701       49.02       40.61       27.79      552.63      483.03      332.79
199702       52.12       43.17       30.54      574.70      517.41      365.31
199703       55.87       45.42       32.12      593.95      549.24      384.97
199704       56.43       45.27       31.75      580.96      541.09      370.82
199705       51.52       43.33       30.99      554.69      533.88      371.33
199706       53.04       43.69       31.28      558.68      556.93      384.17
199707       52.83       43.34       33.46      564.73      577.30      395.96
199708       52.24       43.17       34.45      559.83      582.53      406.88
199709       43.86       39.13       32.46      487.21      514.98      363.66
199710       42.63       38.88       32.11      489.02      520.26      386.04
199711       35.74       33.57       28.33      417.65      427.06      320.57
199712       30.10       30.89       26.20      388.45      408.76      310.67
199801       28.06       29.46       25.37      381.93      413.31      308.92
199802       27.27       28.02       23.07      361.32      388.75      285.01
199803       30.33       30.84       24.73      401.72      432.83      311.38
199804       30.66       32.27       26.26      412.56      445.77      330.58
199805       31.52       32.31       26.96      413.79      448.01      331.66
199806       30.14       30.86       25.20      373.37      389.99      282.39
199807       28.22       23.89       21.71      478.43      407.20      230.75
199808       28.09       23.83       21.96      482.95      421.60      232.78
199809       22.12       19.24       18.12      365.26      283.95      179.45
199810       21.67       19.47       18.08      382.77      296.25      189.59
199811       22.40       20.01       18.41      416.80      342.67      205.24
199812       24.14       21.51       19.76      442.49      366.01      217.56
199901       24.54       20.98       19.52      428.86      361.80      205.35
199902       23.86       20.31       18.69      420.61      359.56      198.59
199903       23.74       19.72       18.83      424.51      361.46      198.57
199904       25.48       21.09       20.72      453.13      399.50      219.39
199905       27.71       23.84       23.16      505.93      429.31      262.18
199906       29.21       25.33       24.24      514.84      415.35      242.51
199907       33.49       32.46       25.30      714.41      537.08      341.27
199908       32.65       32.36       25.57      721.99      518.07      334.09
199909       33.06       33.49       26.78      743.37      518.99      344.65
199910       31.63       34.17       26.34      723.11      504.26      332.74
199911       32.42       35.04       27.25      748.52      521.04      337.67
199912       34.83       36.98       29.14      842.67      556.04      361.61
200001       37.26       37.41       29.91      954.01      635.47      389.69
200002       38.33       39.20       31.36      950.76      629.83      397.73
200003       42.42       40.39       30.25     1024.09      628.48      386.58
200004       42.78       41.56       29.92     1035.93      626.56      391.51
200005       36.53       37.16       27.09      907.81      568.39      350.34
200006       34.09       35.28       26.56      895.84      541.05      337.10
200007       46.88       35.76       27.26      916.21      669.60      415.61
200008       43.64       33.96       26.82      849.45      633.19      415.36
200009       42.24       33.61       26.32      861.41      637.18      412.39
200010       38.25       30.72       24.44      763.99      564.65      389.76
200011       32.27       27.50       22.29      707.16      511.12      359.94
200012       28.95       25.82       20.87      645.35      467.23      333.41
200101       27.44       23.94       20.49      642.33      474.23      352.78
200102       28.61       25.96       22.26      721.41      545.87      378.56
200103       28.38       25.69       22.21      653.40      506.38      366.63
200104       26.58       24.46       21.23      589.52      465.09      337.17
200105       26.93       24.28       21.14      609.14      486.96      352.17
200106       26.39       24.17       21.58      611.16      492.43      357.84
200107       23.60       21.49       19.04      666.91      412.62      219.36
200108       21.70       20.41       17.73      628.71      377.84      202.42
200109       20.52       20.00       17.94      609.52      373.52      205.41
200110       17.17       17.44       15.49      515.27      310.28      176.97
200111       18.12       18.32       15.88      541.29      322.79      184.00
200112       19.63       19.59       16.94      597.89      353.76      203.31
200201       20.18       20.16       17.65      646.50      380.18      212.10
200202       20.90       21.13       18.82      655.41      395.30      224.66
200203       20.37       20.94       18.90      660.26      404.81      227.87
200204       21.69       22.40       20.70      700.53      429.21      242.75
200205       21.42       22.79       21.66      696.11      427.37      247.79
200206       21.12       22.58       21.55      673.18      420.16      243.25
200207       20.88       18.68       16.59      681.24      388.03      200.12
200208       19.91       17.68       15.82      620.08      360.06      188.93
200209       19.88       17.87       15.62      631.89      365.14      187.95
200210       16.95       15.45       14.04      560.86      328.28      167.81
200211       17.81       16.09       14.77      593.88      347.80      178.64
200212       18.54       16.83       15.74      629.05      366.61      192.08
200301       16.95       15.98       15.64      594.93      357.85      191.55
200302       17.24       16.08       16.34      586.90      354.64      197.87
200303       16.76       15.69       16.01      566.18      350.48      192.00
200304       15.73       14.92       15.59      550.79      339.46      183.79
200305       17.10       15.95       16.73      598.13      372.66      201.74
200306       18.47       17.07       18.01      639.91      395.56      219.53
200307       22.93       18.81       15.33      695.99      411.30      275.27
200308       23.44       19.49       16.03      735.67      430.46      291.13
200309       23.94       20.01       16.77      781.07      462.11      310.89
200310       24.24       20.46       17.38      783.53      467.57      320.63
200311       24.95       21.39       18.63      841.29      497.62      358.44
200312       25.36       21.91       19.12      840.75      506.91      366.52
200401       26.63       22.59       20.58      884.55      548.19      399.43
200402       26.63       23.65       21.56      927.62      565.95      406.77
200403       27.34       24.35       22.73      958.10      593.39      437.29
200404       27.79       24.63       22.83      966.46      605.79      442.50
200405       26.41       23.82       21.72      901.59      559.75      401.08
200406       24.96       22.59       20.91      882.42      536.42      391.36
200407       29.26       22.92       19.15      829.50      625.39      417.87
200408       27.43       21.90       19.13      798.27      613.25      412.96
200409       28.13       22.69       19.83      827.78      644.19      425.94
200410       28.77       23.76       21.14      869.32      680.47      457.99
200411       29.42       24.11       21.80      889.66      700.81      467.33
200412       32.35       25.93       23.96      961.73      755.82      517.33
200501       33.62       27.36       25.52     1004.99      794.89      532.15
200502       35.19       28.86       26.31     1020.27      798.23      528.99
200503       37.61       30.74       28.93     1096.08      873.54      582.28
200504       35.98       28.98       27.46     1042.49      809.20      545.38
200505       35.08       28.20       26.87     1008.05      788.91      527.38
200506       35.60       28.87       27.51     1057.03      807.51      535.07
200507       35.95       32.65       24.09     1075.32      856.45      416.11
200508       37.78       34.66       25.46     1139.01      912.23      441.87
200509       37.15       33.85       25.48     1139.78      928.03      446.84
200510       38.90       35.71       27.10     1225.65     1017.00      488.05
200511       37.44       34.36       26.35     1161.93      945.69      456.51
200512       40.37       37.22       28.57     1231.06     1022.18      496.31
200601       42.15       38.95       29.87     1297.49     1092.90      524.04
200602       45.68       41.67       32.70     1426.58     1215.08      574.60
200603       45.97       42.46       33.59     1425.78     1226.69      583.83
200604       47.35       43.10       33.85     1422.06     1247.11      587.37
200605       49.78       45.57       36.81     1496.80     1355.33      630.79
200606       45.67       41.62       33.69     1348.78     1209.82      560.40
200607       50.82       44.00       30.22     1435.49     1394.92      671.43
200608       49.57       44.07       30.33     1459.33     1405.41      678.26
200609       51.00       45.14       31.09     1521.05     1436.37      686.50
200610       52.02       45.89       31.96     1552.90     1426.44      701.39
200611       53.83       48.56       33.95     1614.20     1486.32      741.63
200612       58.38       51.95       37.37     1724.26     1599.56      806.69
200701       59.63       53.89       39.15     1790.43     1674.60      851.45
200702       63.93       54.61       40.30     1796.97     1636.13      842.51
200703       65.39       56.06       42.25     1786.69     1627.78      852.16
200704       68.77       58.86       44.53     1848.69     1696.13      901.17
200705       72.51       61.17       48.01     1942.81     1758.67      959.90
200706       78.70       65.40       53.12     2029.03     1847.57     1008.28
200707       70.68       63.20       40.88     1762.76     1976.32      877.47
200708       72.65       66.66       43.81     1857.63     2086.53      926.42
200709       66.39       62.08       41.23     1835.36     2021.73      890.29
200710       68.32       64.64       43.94     1992.72     2235.49      969.25
200711       69.22       65.82       45.58     2217.09     2479.39     1042.69
200712       63.49       61.21       42.73     2035.16     2346.16      967.39
200801       63.52       60.94       43.54     2047.51     2373.53      975.80
200802       54.19       53.15       38.63     1791.19     2086.13      864.35
200803       56.57       56.73       41.16     1914.77     2234.89      927.14
200804       53.50       53.36       38.93     1821.87     2121.28      888.76
200805       55.25       55.37       40.67     1930.62     2309.89      932.50
200806       55.61       55.28       40.86     1937.22     2377.62      930.81
200807       65.73       66.99       35.58     2164.60     1885.63     1265.24
200808       63.55       64.10       34.34     2070.35     1813.16     1188.04
200809       57.61       58.17       31.47     1911.83     1671.20     1066.30
200810       44.47       45.35       25.62     1568.68     1378.86      871.06
200811       32.37       33.13       18.59     1160.34      990.02      606.52
200812       28.56       30.02       17.23     1074.38      907.96      562.16
200901       30.26       31.37       18.76     1162.39      969.52      593.59
200902       29.26       30.36       17.75     1087.33      909.42      550.53
200903       28.14       29.26       17.06     1046.91      854.31      519.48
200904       30.48       32.84       18.68     1159.86      987.21      592.39
200905       36.85       38.00       21.98     1338.12     1152.93      702.60
200906       42.71       44.82       25.87     1561.37     1342.54      844.81
200907       40.66       39.58       29.33     1565.51     1445.96      819.17
200908       43.87       43.51       32.91     1714.98     1599.42      930.46
200909       45.76       44.89       34.07     1687.24     1598.94      938.90
200910       48.39       49.36       37.19     1805.86     1769.72     1008.45
200911       48.87       49.56       37.42     1794.18     1763.76     1005.75
200912       51.03       51.78       39.31     1872.23     1842.76     1032.86
201001       53.08       55.51       42.09     1939.40     1920.97     1088.24
201002       52.35       54.01       41.14     1856.01     1818.12     1048.22
201003       53.53       55.73       42.15     1874.54     1828.05     1039.68
201004       56.15       59.80       45.71     2004.81     1988.06     1133.25
201005       57.89       61.61       47.44     2029.56     2002.06     1153.56
201006       52.49       55.54       42.11     1875.91     1801.63     1036.87
201007       66.59       57.34       33.88     1822.79     1851.59      990.69
201008       70.65       61.11       36.23     1958.80     2001.11     1075.30
201009       70.62       60.48       36.13     1934.21     1959.95     1051.69
201010       77.42       66.53       40.15     2167.09     2174.75     1164.23
201011       80.59       69.42       42.05     2225.10     2234.18     1194.27
201012       79.05       67.59       40.86     2169.60     2195.78     1156.48
201101       82.45       71.51       43.57     2304.90     2355.69     1258.11
201102       79.56       70.16       42.60     2215.54     2306.93     1255.34
201103       77.43       67.89       41.32     2183.98     2269.10     1234.60
201104       79.67       69.78       42.80     2299.25     2405.20     1309.81
201105       82.74       71.78       44.35     2398.76     2473.38     1361.86
201106       80.91       69.51       42.82     2343.01     2407.48     1300.45
201107       82.54       73.99       42.66     2193.23     2449.71     1557.91
201108       83.26       74.04       43.67     2187.25     2457.36     1542.18
201109       74.79       66.64       39.12     2028.51     2207.81     1375.50
201110       63.77       56.27       32.89     1744.76     1896.38     1132.09
201111       71.10       61.52       35.74     1941.72     2135.19     1287.99
201112       65.30       57.92       33.19     1829.74     1982.18     1211.53
201201       64.44       56.64       32.94     1797.14     1959.76     1186.60
201202       70.28       61.97       36.03     1961.09     2197.70     1346.58
201203       75.71       66.70       39.09     2091.65     2329.38     1426.48
201204       72.96       65.29       37.77     2064.51     2250.25     1352.13
201205       71.65       63.31       37.04     2035.47     2216.99     1303.34
201206       65.72       56.84       33.43     1850.11     1963.26     1140.03
201207       59.14       62.68       37.23     1995.58     2045.61     1270.26
201208       58.24       62.02       36.53     2009.97     2076.46     1289.75
201209       60.13       64.01       37.34     2026.47     2063.08     1295.90
201210       62.96       66.76       39.44     2124.64     2183.10     1382.11
201211       62.14       66.24       39.34     2105.74     2172.66     1361.78
201212       62.01       65.76       39.72     2123.41     2217.79     1358.65
201301       64.44       69.23       41.51     2183.66     2340.03     1453.20
201302       64.96       71.25       43.02     2214.73     2377.97     1472.85
201303       66.27       72.23       43.21     2188.85     2370.74     1442.65
201304       66.20       71.53       43.31     2172.70     2326.76     1423.45
201305       67.21       72.61       44.16     2208.60     2336.96     1429.26
201306       66.43       72.18       44.17     2182.51     2271.22     1382.89
201307       65.01       68.51       38.42     2097.13     1994.52     1321.34
201308       66.48       69.31       38.69     2114.15     2022.82     1351.85
201309       63.31       66.56       37.75     2052.77     1966.10     1326.50
201310       67.51       70.79       39.83     2173.24     2096.51     1433.97
201311       69.40       72.64       41.11     2273.87     2175.22     1502.00
201312       67.69       70.81       40.68     2249.85     2143.43     1455.05
201401       68.15       71.07       40.99     2238.54     2118.63     1443.88
201402       67.09       68.74       39.80     2103.59     1984.66     1345.18
201403       70.98       71.49       41.55     2207.13     2048.50     1366.42
201404       72.55       73.37       42.41     2234.99     2098.96     1426.28
201405       72.05       73.59       42.78     2236.71     2104.06     1442.25
201406       74.80       76.33       44.99     2318.07     2173.31     1500.25
201407       76.86       74.50       43.77     2081.75     2080.89     1629.27
201408       75.32       73.67       44.00     2089.91     2116.19     1660.53
201409       76.34       75.82       44.72     2132.78     2167.04     1679.95
201410       73.57       73.28       42.83     2040.63     2008.39     1538.54
201411       73.17       71.89       41.96     2070.19     2025.53     1529.20
201412       70.95       69.65       40.89     2060.88     2008.05     1497.32
201501       69.25       67.23       39.23     1959.69     1933.47     1434.64
201502       69.46       67.37       39.41     2011.84     1948.44     1413.28
201503       69.99       69.01       40.38     2049.04     1987.98     1469.85
201504       69.81       68.81       40.13     2041.82     1956.84     1438.56
201505       76.06       74.99       43.64     2120.36     2083.82     1618.39
201506       77.10       75.74       43.67     2088.84     1996.14     1545.04
201507       74.28       69.15       43.20     2047.57     1912.88     1645.87
201508       68.83       64.44       40.00     1929.15     1788.19     1491.56
201509       62.36       58.19       35.74     1766.64     1628.84     1351.93
201510       62.60       58.35       35.84     1716.52     1601.87     1297.65
201511       66.31       61.56       37.96     1855.29     1708.31     1386.77
201512       65.71       60.36       37.28     1843.67     1638.68     1328.54
201601       65.25       60.09       37.33     1801.88     1610.06     1278.71
201602       60.18       55.42       34.41     1704.18     1514.69     1189.05
201603       59.60       55.01       34.39     1681.11     1500.07     1199.82
201604       65.22       60.44       38.30     1854.55     1685.23     1370.55
201605       66.32       61.15       39.40     1863.15     1687.34     1412.40
201606       64.07       58.94       37.64     1837.07     1624.08     1319.95
201607       66.91       62.61       39.86     1879.81     1718.67     1492.78
201608       68.34       65.14       42.12     1932.95     1792.88     1578.83
201609       67.12       66.10       42.62     1994.81     1821.11     1623.96
201610       67.70       67.27       43.32     2037.58     1829.51     1626.42
201611       65.97       66.40       43.78     2001.21     1833.27     1649.83
201612       62.89       63.37       42.16     1870.07     1756.07     1608.71
201701       63.29       64.00       42.73     1858.01     1758.11     1620.29
201702       64.22       66.24       45.90     1948.81     1859.16     1707.46
201703       64.91       68.38       48.34     2002.42     1916.53     1783.24
201704       66.51       70.32       49.76     2062.97     1979.47     1806.87
201705       66.86       70.87       50.30     2127.70     2016.36     1804.09
201706       67.43       71.15       50.02     2213.81     2056.93     1831.86
201707       79.10       66.43       48.55     2225.82     2047.19     1734.75
201708       80.76       67.66       50.43     2368.73     2131.43     1821.41
201709       81.16       68.58       51.02     2431.84     2154.49     1862.18
201710       80.82       68.71       51.83     2440.52     2158.75     1817.19
201711       82.64       70.16       53.18     2519.03     2209.37     1893.54
201712       84.02       71.02       52.88     2562.56     2198.27     1872.01
201801       88.02       72.99       54.86     2651.80     2264.69     1942.05
201802       95.07       76.91       57.99     2856.49     2419.19     2136.42
201803       93.25       74.74       55.77     2740.76     2309.96     2027.04
201804       95.76       74.95       54.68     2675.10     2296.61     1976.96
201805       96.73       74.22       54.56     2620.50     2281.03     2000.73
201806       96.37       72.40       53.75     2595.23     2184.16     1901.76
201807       85.50       75.20       50.50     2634.95     2138.54     1968.89
201808       85.03       74.77       50.69     2611.44     2199.30     2027.94
201809       81.61       72.62       49.66     2519.85     2159.16     1977.05
201810       79.13       70.43       48.24     2457.29     2130.57     1996.40
201811       69.25       63.09       45.04     2171.24     1969.03     1864.54
201812       71.21       66.04       46.85     2303.88     2052.02     1919.91
201901       69.43       65.06       46.66     2233.99     2001.01     1888.14
201902       72.80       68.32       49.34     2411.87     2161.50     2017.69
201903       74.09       68.76       49.65     2444.22     2153.30     2007.52
201904       73.88       69.61       50.44     2482.69     2171.41     2001.68
201905       74.60       70.02       50.47     2566.11     2192.88     2018.68
201906       70.45       66.39       48.34     2302.71     2084.91     1931.76
201907       90.75       70.94       49.53     2734.78     2343.67     1796.40
201908       87.74       68.86       48.32     2736.55     2279.52     1709.29
201909       84.34       65.65       45.86     2655.88     2161.33     1601.76
201910       84.96       67.16       46.53     2687.88     2209.31     1650.69
201911       87.66       68.91       47.49     2813.70     2279.95     1720.29
201912       84.75       68.03       46.88     2838.24     2251.79     1722.41
202001       88.99       72.34       49.91     3035.39     2414.71     1821.06
202002       86.63       70.56       48.11     2954.82     2296.23     1678.63
202003       82.85       66.02       45.12     2865.74     2138.91     1551.03
202004       68.62       51.83       34.94     2549.50     1702.01     1234.46
202005       75.99       58.50       38.86     2785.23     1872.19     1359.55
202006       79.60       60.24       39.27     2881.78     1877.72     1358.81
