This file was created using the 202006 Bloomberg database. It contains
value- and equal-weighted returns for the intersections of 2 ME portfolios
and 3 INV portfolios in Europe.

The portfolios are constructed at the end of June.  ME is market cap at the end
of June. Investment is the change in total assets from the fiscal year ending in year t-2
to the fiscal year ending in t-1, divided by t-2 total assets.
The annual returns are from January to December.

The break points include utilities and include financials.

The portfolios include utilities and include financials.

Missing data are indicated by -99.99.



  Average Value Weighted Returns -- Monthly
               Small                 Big
          Low     2    High    Low     2    High
199007   5.73   5.33   4.70   6.02   4.72   4.85
199008  -9.52 -10.14 -10.74  -8.94 -10.80 -11.04
199009  -9.43  -9.75 -11.06 -11.10 -11.46 -13.02
199010   4.05   6.24   4.64   7.11   7.31   7.99
199011  -2.21  -2.07  -2.11   0.37   0.26   0.92
199012  -0.26   0.29  -0.93  -1.43  -0.80  -1.37
199101  -0.76  -1.70  -2.30   0.92   2.82   3.14
199102   7.70   9.59   9.84   6.53   7.87   9.04
199103  -6.00  -4.50  -3.39  -7.20  -5.52  -6.95
199104  -0.53   0.10  -1.50   0.51  -0.41  -1.16
199105  -0.89  -1.20  -3.01   1.64   2.30  -0.15
199106  -6.11  -5.50  -6.90  -6.76  -6.88  -7.64
199107   2.13   3.44   3.02   6.28   5.89   6.37
199108   0.67   1.62   0.60   2.23   1.87   1.89
199109   5.54   4.68   4.84   1.94   3.77   3.70
199110  -2.31  -2.52  -3.58  -2.38  -2.22  -1.52
199111  -1.65  -1.35  -1.66  -2.49  -1.84  -1.61
199112   1.30   4.42   3.30   6.56   7.38   7.18
199201  -0.40  -0.63  -1.11  -0.24   0.49  -0.44
199202   0.14  -0.55  -0.73  -1.03   0.27   0.16
199203  -3.51  -2.39  -3.29  -2.49  -3.64  -3.71
199204   5.51   3.23   3.82   6.51   5.57   4.40
199205   5.77   6.13   4.65   5.78   5.23   5.24
199206  -0.97   0.17  -1.25  -1.71  -0.45  -1.97
199207  -6.19  -3.59  -5.26  -3.87  -3.42  -3.87
199208  -3.02  -0.64  -1.58  -1.34  -0.41   0.23
199209  -6.15  -6.36  -5.71  -1.43  -2.06  -3.61
199210  -9.88  -9.01  -9.13  -8.27  -6.99  -6.69
199211  -2.00  -2.72  -4.07  -0.14   0.00  -0.40
199212   1.91  -0.29   1.34   2.00   1.34   1.19
199301   5.01   3.54   3.07   0.64   0.49   0.33
199302   0.70   1.23   0.06   1.20   1.77   1.23
199303   8.03   6.22   5.74   7.00   5.69   3.94
199304   6.34   5.38   5.05   2.42   1.50   1.61
199305   1.87   1.22   1.36   2.01   0.83   0.60
199306  -3.67  -4.61  -4.74  -2.03  -2.20  -4.83
199307   1.26   0.71   0.87   2.61   1.45   0.59
199308   9.91   9.90   9.69   8.00   9.27   8.81
199309   0.38   0.54   0.15  -0.21  -0.50  -0.90
199310   0.89   1.33   0.87   2.41   3.12   2.96
199311  -1.51  -1.13  -2.11  -1.62  -2.04  -2.69
199312   6.32   5.48   4.73   7.08   7.78   7.58
199401  14.02  10.98  11.27   7.20   5.45   4.49
199402   0.79   0.38   0.48  -2.45  -3.61  -4.76
199403  -2.04  -0.15  -1.00  -3.17  -1.80  -3.76
199404   4.19   3.75   3.63   4.69   4.39   3.76
199405  -1.91  -1.69  -2.63  -3.98  -3.52  -4.42
199406  -1.25  -1.03  -1.65  -0.98  -0.66  -1.20
199407   2.29   2.54   2.20   5.56   5.73   4.56
199408   0.93   1.75   1.40   1.88   2.47   2.56
199409  -0.94   0.03  -1.03  -3.11  -4.20  -2.77
199410   0.79   1.80   1.24   4.08   4.66   4.00
199411  -4.47  -4.72  -4.29  -4.57  -4.33  -3.91
199412   0.38   1.16   0.24  -0.25   0.66   0.61
199501   0.66   0.08   0.58  -0.70  -1.69  -1.16
199502   1.74   2.31   1.13   0.74   2.93   2.92
199503   0.76   3.21   2.49   4.68   4.04   3.40
199504   1.26   1.39   2.23   2.64   3.14   3.83
199505   1.70   1.93   2.59   1.66   2.41   2.70
199506   1.13   1.98   1.77   0.85   1.44   2.08
199507   2.25   2.29   3.85   3.90   4.28   5.81
199508  -2.91  -2.47  -2.92  -3.69  -3.92  -3.39
199509   1.87   1.66   2.59   2.09   3.06   3.21
199510  -2.36  -1.25  -0.92  -0.39  -0.11  -0.91
199511  -2.88  -3.04  -2.82   0.87   0.95  -0.74
199512   0.84   1.43   1.65   2.57   2.08   2.84
199601   0.74   0.59   1.36   0.78   1.52   0.21
199602   3.71   3.77   4.08   1.72   1.98   2.63
199603   1.69   1.22   1.98   2.93   0.02   1.53
199604   1.67   1.30   1.37   1.06   0.57   1.45
199605   2.93   3.27   3.70   0.77   2.62   1.33
199606   0.41   0.28   0.18   1.41   0.48   0.38
199607  -1.28  -0.95  -1.96  -2.30  -0.74  -1.74
199608   0.82   1.46   2.77   2.39   2.80   3.08
199609  -1.45  -0.70  -0.45   1.93   2.16   1.31
199610   1.91   2.84   3.08   0.99   2.31   2.26
199611   1.87   2.58   2.37   4.77   4.59   4.65
199612   2.42   2.40   2.66   2.70   2.42   1.61
199701   1.34   0.38   1.32   2.09  -1.43   0.06
199702   0.98   1.94   1.65  -0.47   1.73   1.49
199703   2.67   1.79   0.97   3.42   2.25   2.08
199704  -1.91  -1.64  -1.63  -0.47   0.31  -1.27
199705   3.78   4.15   3.27   4.10   4.91   5.20
199706   0.86   2.44   0.03   5.58   4.11   3.59
199707  -1.55  -0.98  -1.15   3.58   5.23   3.21
199708   0.56   0.10   0.63  -2.96  -6.79  -5.85
199709   6.54   5.98   6.24  10.03   8.89  10.45
199710  -0.67  -0.55  -0.64  -4.84  -5.07  -4.86
199711  -2.00  -1.49  -1.75  -0.56   1.57   3.05
199712  -0.34  -0.32   0.04   2.02   3.30   3.53
199801   3.23   1.71   2.31   3.88   3.54   3.38
199802   6.66   6.42   6.11   7.06   8.04   9.31
199803   9.35   7.83  10.71   8.05   5.97   8.02
199804   2.84   4.02   5.40   2.62   1.39   4.28
199805   4.38   4.61   5.24   0.80   2.21   3.85
199806  -4.29  -2.79  -3.59  -1.04   0.42   1.41
199807  -1.72  -0.26  -0.15  -1.08   1.32   5.80
199808  -8.73  -9.78 -12.87  -9.72 -10.93 -14.20
199809  -3.36  -3.82  -5.14  -0.33  -3.98  -8.23
199810   1.82   2.45   1.47   5.31   7.35   9.47
199811   1.36   2.03   2.51   3.14   3.67   7.21
199812   1.23   0.28   0.95   3.23   3.96   3.35
199901  -1.56  -1.22   2.20  -1.71  -0.94   1.67
199902   0.55  -0.67   0.73  -0.15  -1.55  -3.94
199903   1.10   0.16  -0.51   2.09  -1.07   0.53
199904   4.16   3.57   4.29   2.55   4.10   3.06
199905   0.58   0.83   0.09  -2.45  -3.20  -5.53
199906   1.81   2.21   2.59   0.66   2.67   2.84
199907   4.20   3.76   5.13   3.49  -0.14  -0.16
199908   3.69   3.27   6.20  -0.68   2.11   3.28
199909   0.71   0.99   1.78  -0.39  -1.14   2.32
199910   0.18  -0.67   2.56   1.66   2.70   2.28
199911   0.72  -0.35   5.72   2.15   1.12   8.11
199912   4.16   3.32   7.64   7.99   7.59  16.90
200001   0.27  -1.70   3.58  -9.47  -8.42  -4.21
200002   5.29   2.32  11.33   3.46   4.48  12.09
200003  -2.34  -0.56  -5.46   4.02   3.37  -2.79
200004  -7.36  -6.24 -11.39  -6.37  -3.00  -4.98
200005   2.05   3.36  -2.17   2.77   1.12  -2.89
200006   3.49   2.83  -0.23   0.18   1.20   1.45
200007  -1.49  -0.35  -2.46  -1.49  -1.39  -0.29
200008  -0.75  -0.42  -0.35   0.23  -1.88  -1.45
200009  -1.31  -1.31  -4.00  -3.87  -4.62  -5.50
200010  -5.27  -5.01 -11.64  -0.62  -1.38  -2.47
200011  -0.32  -1.38 -12.15  -1.53  -3.41  -7.20
200012   6.51   7.48   5.73   6.79   5.69   6.22
200101   2.29   2.86   2.37   1.21   1.22  -0.61
200102  -1.81  -2.05  -7.96  -4.47  -9.51 -12.04
200103  -7.56  -8.22 -12.70  -8.52  -9.05  -8.68
200104   4.64   4.70   4.54   6.61   7.78  10.53
200105  -1.11  -1.39  -4.37  -3.13  -5.29  -6.68
200106  -1.56  -2.82  -7.80  -1.67  -2.71  -5.98
200107   0.21  -0.14  -5.02   0.49   0.22  -1.17
200108   1.61   1.38  -1.92   0.70   0.32  -5.90
200109 -12.95 -14.55 -19.23  -9.71 -13.17  -9.95
200110   2.43   3.42   8.17   1.03   2.78   6.21
200111   4.69   5.62   8.71   1.70   4.11   6.34
200112   0.81   1.73  -0.75   2.43   1.88   2.24
200201  -1.60  -0.44  -2.78  -3.33  -3.45  -7.41
200202   2.39   1.56  -2.30   3.14   0.75  -1.55
200203   4.83   4.59   4.93   5.03   5.78   5.48
200204   4.22   4.92  -0.39   1.63   1.82  -4.48
200205   3.99   3.36  -0.05   0.54   1.83  -0.79
200206   1.78  -0.70  -3.61  -0.83  -2.21  -4.77
200207  -8.02  -6.48  -9.65 -10.33 -11.45  -9.82
200208  -1.98  -0.77  -1.27   0.06   0.95   0.06
200209  -9.81  -9.35 -11.86 -12.96 -14.66 -12.04
200210   2.06   2.60   2.21   8.75  10.72   8.71
200211   5.27   4.07   4.61   3.81   7.04   3.48
200212   1.29   1.93   0.71  -2.15  -4.54  -1.98
200301  -0.90   0.35  -2.23  -2.87  -4.04  -3.74
200302  -2.93  -1.67  -3.57  -3.78  -4.03  -1.82
200303  -0.33  -0.79  -0.91  -0.58  -2.56  -0.92
200304  12.20  10.69  11.07  11.21  15.84  12.56
200305  10.47   9.75  11.37   8.32   7.01   7.03
200306   3.03   2.77   3.17   1.17   0.53   1.83
200307   4.34   2.73   2.80   2.63   1.95  -0.34
200308   4.89   2.64   2.35  -0.67   0.84  -0.38
200309   5.26   6.32   5.05   2.49   2.43   2.93
200310   7.67   5.44   4.92   7.09   6.12   5.35
200311   4.60   5.10   4.52   5.53   3.95   3.87
200312   5.38   5.44   6.09   7.98   7.17   7.75
200401   8.81   5.35   5.21   3.54   2.33  -0.37
200402   4.88   4.01   4.19   1.77   3.45   4.29
200403  -4.15  -1.48  -2.19  -4.34  -3.17  -1.97
200404  -2.35  -0.91  -2.06  -0.87  -1.72  -0.33
200405  -0.25   0.67   1.08   0.79   2.22   1.95
200406   4.02   3.12   2.40   1.87   2.50   1.43
200407  -3.98  -2.23  -2.67  -3.20  -3.43  -2.28
200408  -0.22   0.64   0.12   0.04   0.79   0.59
200409   4.33   3.99   4.66   3.76   4.39   4.08
200410   4.23   4.56   4.34   4.23   4.82   3.39
200411   9.54   9.29   8.49   6.72   7.35   6.09
200412   5.00   4.94   5.07   4.78   4.47   3.81
200501   2.17   2.35   2.41  -1.82  -1.62  -0.90
200502   6.26   4.98   5.51   4.52   4.85   4.57
200503  -2.89  -1.84  -2.70  -2.41  -1.96  -2.84
200504  -1.98  -1.59  -2.04  -1.76  -2.66  -2.84
200505  -1.03  -0.80  -1.07   0.83   0.11   0.08
200506   3.13   2.28   2.65   1.57   1.34   2.25
200507   4.32   4.43   4.95   3.43   4.45   3.80
200508   4.70   3.19   4.84   2.73   2.09   1.44
200509   1.44   1.24   1.99   0.44   2.47   1.96
200510  -3.68  -3.72  -4.46  -1.69  -3.70  -3.17
200511   1.28   1.20   1.50  -0.06   2.02   2.72
200512   5.18   3.86   5.12   3.38   4.30   4.26
200601   7.81   8.58  10.06   5.10   6.85   7.19
200602   3.34   2.79   2.62  -0.47   0.35   2.33
200603   5.85   4.62   5.35   4.56   3.91   4.58
200604   7.15   6.93   7.88   5.75   5.62   4.68
200605  -4.29  -2.79  -5.14  -2.09  -3.51  -3.32
200606  -2.05  -1.05  -1.28   0.32   0.13   0.94
200607   0.31  -0.02  -0.79   0.70   2.04   1.48
200608   2.71   3.21   3.23   3.50   2.62   3.76
200609   1.81   1.44   0.59   1.68   0.68   1.34
200610   4.27   4.68   4.44   3.82   4.11   4.69
200611   6.39   6.39   6.31   4.41   3.66   4.07
200612   4.51   4.13   5.29   3.92   3.12   4.28
200701   3.28   3.01   2.50   1.04   0.93   0.59
200702   1.08   1.58   0.81   0.57  -0.56  -0.45
200703   4.91   4.79   4.49   3.94   4.23   3.93
200704   5.30   6.37   5.67   6.52   6.06   5.49
200705   1.56   1.68   0.86   3.12   1.74   1.63
200706  -0.36  -0.63  -0.15   0.39   0.80  -0.66
200707  -0.37  -0.11  -0.11  -2.26  -2.04  -1.50
200708  -4.58  -3.86  -4.50   0.21  -2.31  -1.94
200709   1.21   1.93   2.50   5.74   4.92   6.21
200710   4.02   4.81   5.53   4.40   4.30   5.73
200711  -7.86  -6.70  -8.55  -1.95  -3.79  -4.32
200712  -3.06  -2.34  -2.97  -1.15  -1.94  -2.34
200801  -8.61  -8.44 -10.49  -9.32  -9.91 -10.60
200802   4.04   4.70   4.65   1.07   1.89   3.07
200803   0.10   1.03  -1.28   0.05   0.15   1.83
200804   2.25   1.88   2.30   4.07   5.09   5.61
200805   1.10   1.13   1.99   1.26   0.15   2.14
200806  -6.57  -5.76  -7.51  -7.77  -9.03  -9.53
200807  -3.71  -4.80  -6.77  -4.14  -3.22  -3.27
200808  -2.85  -4.29  -4.92  -3.60  -4.55  -5.15
200809 -15.59 -15.43 -20.32 -12.05 -14.08 -18.19
200810 -24.45 -25.16 -29.51 -21.72 -18.81 -25.78
200811  -8.36  -7.31  -9.38  -3.45  -8.25  -8.80
200812   7.42   5.67   3.44   8.89   6.11   5.76
200901  -7.87  -7.18  -5.75 -13.10 -10.19 -11.56
200902  -6.89  -5.65  -6.28  -9.53 -11.30  -9.30
200903   4.21   4.46   5.85   5.46   7.07   9.38
200904  14.43  15.44  18.14  12.48  12.87  15.84
200905  13.72  12.90  14.62  10.88  12.48  15.36
200906  -1.22  -0.32  -0.08  -1.35  -1.64  -3.36
200907   7.18   7.28   7.71  10.38  10.79  10.34
200908  10.41   8.50   6.93   5.22   6.57   3.75
200909   7.37   7.38   6.94   5.78   5.82   3.81
200910  -1.52  -0.52  -0.37  -1.11  -2.90  -1.56
200911   1.07   1.62   0.16   3.09   3.96   2.31
200912  -1.37  -0.98  -0.21   2.09   0.51   0.98
201001  -0.81  -1.24  -1.38  -5.43  -6.60  -4.79
201002  -3.53  -2.23  -3.03  -1.86  -2.58  -1.31
201003   6.28   6.09   5.68   5.98   6.25   7.35
201004   0.83   0.24   1.08  -2.57  -1.85  -1.34
201005 -14.20 -11.56 -12.57 -11.91 -12.08 -11.85
201006  -2.01  -0.54  -0.65  -1.41  -0.83  -0.55
201007  10.09  10.80  11.16  13.44  12.22  10.43
201008  -5.05  -4.24  -4.13  -5.77  -4.39  -2.42
201009  13.16  12.28  11.53  11.77  12.13  10.31
201010   5.70   5.02   5.23   3.84   5.58   4.98
201011  -7.01  -7.88  -6.99  -7.90  -8.22  -8.15
201012  12.11  11.19   9.68   8.91   8.63   9.09
201101   4.64   3.17   3.68   4.50   3.74   2.71
201102   2.44   2.28   1.71   3.16   2.79   3.80
201103   1.46   1.67   1.32  -1.23   0.23  -0.36
201104   7.61   6.75   6.40   8.09   8.67   7.81
201105  -2.75  -2.93  -3.41  -4.25  -2.90  -2.24
201106  -3.54  -3.32  -2.95  -2.78  -1.26  -2.10
201107  -3.36  -3.16  -3.04  -2.64  -4.57  -2.01
201108 -10.15  -8.97  -9.25 -10.36 -10.95  -9.02
201109 -12.60 -12.59 -13.08 -10.13 -11.58 -12.53
201110   7.23   7.83   8.22   8.39  11.77  13.40
201111  -7.59  -6.93  -7.49  -4.92  -4.66  -4.18
201112  -3.49  -2.86  -2.92  -1.69  -1.90  -2.74
201201   7.71   8.19   8.95   4.12   5.14   7.06
201202   7.16   7.12   8.95   6.83   5.86   6.57
201203   0.91   0.98   0.14   1.43  -0.14  -1.08
201204  -1.48  -1.00  -1.26  -2.18  -3.27  -1.06
201205 -11.77 -12.21 -12.59 -11.43 -12.04 -13.43
201206   4.05   3.60   2.45   8.36   8.12   5.93
201207  -1.87  -0.82  -0.01  -0.66   0.89   1.88
201208   6.37   4.41   3.69   4.34   4.88   3.94
201209   5.91   5.37   4.61   3.30   3.53   2.97
201210   1.63   1.41   0.64   0.50   2.21   2.10
201211  -0.35   0.86  -0.52   1.65   2.42   3.56
201212   6.45   5.67   4.91   2.96   3.55   2.70
201301   8.16   7.36   5.99   6.77   6.25   5.31
201302  -2.45  -0.54   0.10  -2.81  -2.56  -2.64
201303  -2.57  -1.42  -0.89   0.31  -0.66  -0.70
201304   3.46   3.63   2.31   5.12   4.13   3.71
201305   2.29   2.59   1.98   0.74   0.77   1.36
201306  -3.56  -2.42  -2.87  -3.96  -4.98  -5.42
201307   6.55   6.34   6.10   7.65   7.58   7.51
201308   1.98   1.98   1.23   0.13  -1.60  -0.97
201309   8.25   6.53   7.18   8.24   6.88   6.26
201310   5.61   4.91   3.47   4.90   4.82   3.54
201311   1.80   1.89   2.16   2.08   1.29   0.46
201312   3.07   2.86   2.72   2.56   2.16   2.33
201401   1.20   0.17  -0.16  -2.15  -3.23  -4.91
201402   8.84   7.20   7.54   7.14   8.02   6.54
201403   0.57   0.18  -0.56  -1.39  -0.17  -0.58
201404  -0.25  -0.07   0.09   0.57   2.52   2.48
201405  -0.17   0.27   0.31   0.48   1.09   0.78
201406  -0.24  -0.12   0.09  -1.29   0.26   0.30
201407  -4.66  -4.46  -4.72  -3.40  -4.40  -4.14
201408  -1.35  -1.03  -0.28  -0.21   0.15   0.26
201409  -6.37  -5.20  -5.49  -2.42  -4.16  -4.07
201410  -4.36  -3.39  -3.98  -3.25  -2.11  -2.58
201411   1.47   0.78   0.43   1.98   2.27   2.53
201412  -2.70  -1.27  -1.31  -5.34  -3.47  -2.84
201501  -1.95  -1.70  -2.04  -1.95   0.95   0.25
201502   7.21   6.95   7.27   6.51   5.53   6.72
201503  -2.18  -2.32  -2.73  -1.47  -2.68  -2.49
201504   6.87   5.78   7.09   4.27   4.72   4.86
201505   0.85   0.88   1.76  -0.03  -0.84   0.38
201506  -1.17  -0.90  -1.03  -2.66  -3.64  -2.36
201507   0.86   1.74   1.75   1.73   3.27   2.35
201508  -2.82  -2.69  -2.84  -7.25  -6.28  -5.43
201509  -3.88  -3.47  -2.83  -4.50  -4.80  -3.60
201510   3.63   3.04   3.50   6.46   6.38   6.72
201511  -2.94  -1.33   0.11  -2.07  -1.44  -0.87
201512   1.07   1.34   2.11  -3.52  -1.82  -1.26
201601  -6.84  -6.41  -8.09  -4.79  -6.37  -8.11
201602  -0.16  -0.04  -0.95  -1.37  -1.88  -2.34
201603   8.52   7.87   8.73   5.42   6.82   7.47
201604   2.00   2.42   1.82   3.68   1.65   2.07
201605   0.70   0.71   0.64  -1.19  -0.10  -0.19
201606  -6.91  -6.02  -8.73  -2.18  -5.95  -6.00
201607   5.91   6.12   5.34   3.10   4.70   5.38
201608   2.05   1.85   3.47   1.42   0.29   0.04
201609   1.62   1.62   2.20   1.23   0.74   0.59
201610  -1.81  -3.04  -4.95  -1.79  -3.13  -4.56
201611  -0.57  -2.70  -1.39  -1.08  -2.99  -4.01
201612   3.95   4.77   3.21   5.44   4.80   4.09
201701   5.17   4.54   4.86   3.00   2.17   2.95
201702   0.08   0.97   1.04  -0.53   1.57   1.16
201703   2.47   4.01   2.77   3.82   5.19   4.08
201704   5.44   6.32   7.04   3.59   5.17   4.64
201705   4.72   4.89   5.62   4.72   5.28   5.21
201706   0.47   1.65   0.41  -0.24  -0.61  -1.77
201707   4.25   4.08   4.45   4.87   2.22   3.99
201708  -0.45   0.10   0.67   0.23   0.72  -0.81
201709   1.93   2.84   3.14   2.84   2.98   2.62
201710  -0.32  -0.49   0.11   0.78   0.71   0.99
201711  -0.19  -0.04  -0.22   0.60   0.34  -1.15
201712   3.39   2.62   2.99   1.91   0.89   1.63
201801   6.68   5.28   6.52   6.55   5.20   4.90
201802  -4.73  -3.94  -4.42  -5.37  -5.43  -5.18
201803  -1.22  -1.46  -0.61  -1.62  -0.23   0.50
201804   1.41   2.23   1.50   2.85   2.39   1.90
201805  -2.64  -2.39  -0.43  -3.87  -2.57  -1.25
201806  -1.38  -1.43  -1.95  -1.38  -0.72   0.33
201807   0.17   1.19   1.47   2.49   3.52   2.91
201808  -2.73  -1.41  -1.15  -3.27  -2.63  -1.37
201809  -1.20  -0.30  -0.85   0.96   0.47  -0.67
201810 -10.42  -8.36 -10.57  -8.43  -7.05 -10.59
201811  -3.18  -2.11  -1.94  -0.86  -0.34  -3.01
201812  -5.67  -3.96  -5.35  -4.76  -3.76  -5.08
201901   6.81   6.72   7.42   6.07   5.90   8.01
201902   2.13   2.22   1.23   2.34   3.76   3.57
201903  -1.17  -1.07  -0.67   0.29   1.15   1.52
201904   4.45   3.92   4.00   3.84   3.57   4.87
201905  -4.94  -3.53  -4.17  -5.29  -4.90  -6.09
201906   4.26   4.06   2.93   5.71   6.46   6.84
201907  -2.74  -4.23  -3.54  -2.48  -2.30  -1.78
201908  -1.76  -2.87  -3.98  -3.75  -1.39  -1.48
201909   2.15   1.83   1.44   3.55   1.94   1.75
201910   3.97   3.90   4.64   2.31   3.32   4.83
201911   2.84   2.99   4.42   0.79   1.99   2.51
201912   6.74   5.97   7.15   4.25   3.92   3.55
202001  -2.68  -2.45  -2.09  -3.94  -2.03  -1.21
202002  -9.41  -8.08  -8.57 -10.41  -8.08  -8.40
202003 -21.73 -20.52 -19.20 -17.76 -13.12 -14.32
202004   9.40   9.75  13.03   4.55   5.93   9.13
202005   4.66   5.17   7.76   3.40   4.73   9.02
202006   3.97   2.44   3.39   4.39   3.94   4.20



  Average Equal Weighted Returns -- Monthly
               Small                 Big
          Low     2    High    Low     2    High
199007   4.97   5.45   4.56   5.37   4.73   4.62
199008  -7.98  -9.07  -9.78 -11.77 -11.93 -12.05
199009  -8.35  -8.44 -10.90 -12.98 -12.63 -13.81
199010   3.00   4.88   3.41   6.35   5.80   6.81
199011  -2.05  -2.14  -3.12  -1.16  -2.42  -1.45
199012  -0.57  -0.05  -0.40  -1.01  -0.08  -1.35
199101  -0.50  -2.14  -2.71  -0.08   1.57   0.59
199102   7.87   9.21  10.35  10.90  10.55  11.83
199103  -3.87  -3.32  -1.61  -5.80  -5.05  -6.32
199104  -0.32   0.09  -1.67  -0.49  -1.92  -1.45
199105  -1.90  -1.35  -3.37   1.12   1.21  -0.48
199106  -5.34  -5.52  -7.66  -5.87  -6.36  -7.33
199107   2.08   3.57   2.89   4.14   4.23   4.33
199108  -0.08   0.46   1.47   3.53   1.48   1.16
199109   7.42   5.63   6.54   2.48   3.03   2.77
199110  -2.85  -2.74  -3.48  -3.42  -2.67  -4.08
199111  -0.73  -1.27  -1.89  -3.36  -1.99  -2.29
199112   2.98   4.46   3.14   4.62   5.15   4.94
199201  -0.90  -1.97  -3.74   1.16   1.44   1.03
199202  -0.28   1.37  -0.79  -0.66   0.16  -0.39
199203  -3.61  -2.68  -3.82  -2.37  -2.90  -3.36
199204   6.18   4.06   4.70   5.14   4.76   2.86
199205   7.26   7.11   6.04   4.90   4.60   4.26
199206  -0.09   0.18  -1.41  -2.24  -0.71  -2.68
199207  -5.58  -3.59  -4.98  -6.13  -4.94  -4.81
199208  -2.53   0.07  -1.40  -2.35  -1.83  -1.26
199209  -7.19  -6.85  -6.99  -5.47  -4.77  -5.43
199210 -10.46  -8.79  -8.90  -5.94  -5.55  -5.45
199211  -1.30  -3.31  -3.89  -0.56  -1.05  -1.02
199212   2.33  -0.82  -0.47   1.72   0.78   1.07
199301   7.35   3.65   5.77   2.28   3.95   3.57
199302   2.32   1.37  -0.13   1.03   1.76   1.90
199303   9.16   7.33   5.43   6.17   5.64   4.82
199304   6.76   6.35   5.22   5.20   4.24   3.67
199305   4.08   2.18   1.93   1.78   0.70   1.21
199306  -3.91  -4.91  -5.32  -3.42  -3.20  -5.31
199307   2.27   3.12   2.79   3.22   2.16   1.00
199308   9.88   9.77  10.54   9.69   9.86   9.30
199309   2.07   1.67   0.57  -0.70  -0.45  -1.46
199310   0.96   1.19   0.26   2.42   2.27   1.62
199311  -0.60  -0.32  -0.10  -1.56  -2.50  -3.03
199312   6.28   5.35   5.08   7.50   8.12   7.42
199401  17.16  12.54  12.33  10.95   8.00   7.87
199402   2.78   2.13   1.34  -1.62  -2.02  -2.34
199403  -0.69   0.28  -0.11  -1.76  -0.22  -0.58
199404   4.67   4.01   3.74   5.07   4.62   4.88
199405  -1.08  -0.76  -3.15  -3.81  -3.30  -4.22
199406  -1.09  -0.54  -1.02  -1.77  -0.83  -1.51
199407   1.41   1.82   1.95   4.54   4.58   4.46
199408   1.30   1.91   1.57   0.74   1.62   0.97
199409   0.37   0.58  -0.33  -2.71  -2.99  -2.14
199410   0.99   1.61   1.35   2.38   3.09   2.00
199411  -4.92  -4.23  -4.63  -4.44  -4.21  -4.71
199412   0.69   1.32   0.91   0.91   0.68   0.51
199501   0.91   1.08   0.20  -0.95  -1.24  -1.14
199502   1.50   2.23   1.31   2.04   2.44   1.46
199503   1.05   3.29   2.52   2.00   2.55   0.74
199504   1.08   0.33   1.59   3.21   3.60   3.31
199505   1.95   1.55   2.56   2.35   2.53   1.96
199506   0.84   2.07   1.92   1.38   1.72   0.99
199507   2.42   2.03   3.95   3.50   3.66   5.25
199508  -2.57  -2.22  -2.86  -4.17  -4.22  -3.36
199509   3.24   2.07   2.52   1.73   2.57   2.04
199510  -1.49  -0.69  -0.04  -2.13  -0.93  -2.58
199511  -2.76  -2.99  -2.33  -1.33  -0.16  -2.21
199512   0.43   1.27   1.61   1.60   2.57   2.76
199601  -0.19   1.00   0.53   1.17   1.30   1.60
199602   4.18   3.40   3.99   3.06   3.27   3.55
199603   1.07   1.82   1.81   0.79   1.27   1.16
199604   1.69   0.70   1.20   1.99   1.12   1.88
199605   3.53   3.44   4.41   2.08   2.25   3.17
199606   1.41   0.04  -0.37   0.30   0.36  -0.54
199607   0.71   0.61  -1.08  -1.90  -0.86  -2.85
199608   1.11   1.14   2.79   1.73   2.01   3.24
199609  -1.48  -0.70  -0.62   0.13   0.59   0.73
199610   1.07   2.02   2.06   1.27   1.76   1.84
199611   2.45   2.33   1.94   4.03   3.33   3.60
199612   2.15   2.08   2.71   2.91   3.22   1.88
199701   1.22   0.53   0.79   1.99   0.11   1.33
199702   2.76   2.31   2.59   0.11   0.71   0.79
199703   2.64   1.97   0.66   2.61   1.71   1.94
199704  -1.07  -1.56  -1.70  -1.71  -1.71  -1.56
199705   3.45   3.57   2.82   3.39   3.47   3.78
199706   0.34   2.20  -0.35   3.28   2.80   3.37
199707  -2.15  -1.59  -2.36   1.30   1.83   3.32
199708   0.95   0.68   1.61  -1.77  -2.83  -2.82
199709   5.63   5.64   6.12   9.21   8.00   7.07
199710   0.23  -0.36  -0.58  -3.48  -3.28  -3.51
199711  -1.62  -1.42  -1.27  -1.08   0.14   1.96
199712  -0.96  -0.85  -1.34   1.60   2.37   1.75
199801   2.46   2.16   2.42   2.58   3.45   2.88
199802   6.16   5.96   5.20   8.41   7.88   7.66
199803   7.60   6.32   8.40  11.54   7.72   8.47
199804   4.16   4.96   7.13   3.49   3.25   4.38
199805   4.09   4.60   5.68   2.82   3.74   2.20
199806  -2.97  -2.34  -2.86  -4.92  -2.46  -1.83
199807  -0.66   0.05  -0.04  -0.05   2.34   3.78
199808  -6.85  -7.20 -10.86 -10.53 -10.77 -13.77
199809  -2.31  -2.37  -4.61  -5.36  -4.06  -5.27
199810   0.57   0.33   0.46   6.81   6.82   6.74
199811   0.81   1.54   1.46   2.21   2.92   4.90
199812   1.02   0.35  -0.29   1.21   2.48   1.97
199901   0.71   0.31   2.84  -1.60  -1.79   1.93
199902  -0.02   0.11   0.10  -0.75  -1.81  -2.96
199903   0.94   0.34   1.11   1.79  -0.28   1.18
199904   4.87   4.23   4.53   5.91   4.24   3.68
199905   3.02   2.70   1.97  -1.40  -1.93  -2.92
199906   2.42   2.51   2.83   1.33   2.26   2.47
199907   5.58   5.08   5.72   3.17   1.74   1.60
199908   3.04   3.28   4.48   0.59   1.37   1.65
199909   2.09   1.70   1.28   0.07  -1.17   0.65
199910  -0.24   0.00   0.81  -0.78  -0.73   0.58
199911   3.05   0.86   5.85  -0.24  -0.96   5.49
199912   5.81   4.85   8.73   7.53   6.31  10.54
200001   4.71   0.25   7.34  -7.23  -8.45  -5.54
200002   3.40   1.86   9.29   2.22   1.38   8.00
200003   1.57  -0.24  -0.24   2.96   4.53   0.82
200004  -6.65  -5.83  -8.06  -4.50  -2.96  -5.06
200005   1.83   4.51  -0.10   4.61   3.73  -0.58
200006   2.79   2.25   0.69   1.61   1.82   1.81
200007  -1.32  -1.43  -3.48  -0.68   2.10   0.48
200008  -0.84  -0.95  -1.21  -0.15  -0.53   0.33
200009  -1.44  -0.72  -2.99  -2.78  -3.01  -5.23
200010  -5.72  -6.06 -11.69  -0.86  -2.34  -6.35
200011  -1.88  -1.19 -10.81  -0.32  -0.64 -11.13
200012   4.47   6.10   2.20   8.42   7.24   5.81
200101   4.81   3.63   5.87   1.11   2.94   4.62
200102  -2.48  -1.83  -7.62  -3.13  -3.72 -11.31
200103  -7.73  -7.24 -12.48  -9.69  -9.32 -15.06
200104   3.36   4.84   4.18   6.27   7.17  11.16
200105  -1.33  -2.14  -4.91  -2.98  -3.08  -5.73
200106  -1.97  -3.04 -10.40  -3.40  -3.06 -10.32
200107  -0.28   0.27  -5.50   1.59   1.03  -3.17
200108   1.53   2.06  -2.40   1.00   0.92  -4.08
200109 -10.87 -12.76 -18.71 -12.67 -14.61 -15.08
200110   3.64   3.82  10.12   3.42   4.86   9.90
200111   4.50   5.73   8.57   5.65   5.79   9.77
200112   0.22   0.92  -2.82   1.61   1.75   0.76
200201  -0.79  -1.14  -1.81  -2.24  -1.09  -5.12
200202   0.61   0.72  -3.97   2.03   0.82  -1.39
200203   3.78   3.55   3.53   5.80   6.89   5.59
200204   3.52   3.78  -2.74   3.63   1.72  -3.19
200205   3.37   2.81  -1.11   1.75   2.62  -1.05
200206   1.43   0.17  -4.91  -0.91  -2.25  -5.93
200207  -7.26  -5.68  -8.02 -10.16 -10.70  -9.81
200208  -1.23  -0.37  -1.79  -0.42   0.38   0.58
200209 -10.87  -8.47 -11.95 -13.46 -11.75 -13.03
200210   3.81   2.38   1.91   7.68   7.47  10.12
200211   6.81   4.58   6.80   6.83   8.11   6.59
200212   0.29   1.41  -0.42  -2.18  -2.22  -2.37
200301   0.49   0.65  -1.06  -1.70  -2.60  -1.78
200302  -3.76  -2.64  -5.27  -5.94  -4.48  -2.72
200303  -1.32  -0.43  -3.31  -0.54  -0.66  -0.48
200304  13.38  11.54  12.68  16.60  15.99  17.67
200305  12.99  10.55  13.46  10.07   8.61  10.41
200306   5.67   4.21   5.78   1.37   1.71   1.44
200307   4.64   3.11   4.03   4.64   3.32   1.40
200308   5.99   3.23   3.68   2.16   1.48   0.74
200309   9.45   6.78   6.18   3.78   4.52   4.35
200310   6.21   4.36   4.79   8.68   5.66   5.53
200311   4.70   4.74   4.64   4.61   4.65   4.21
200312   4.12   5.69   4.74   5.62   6.04   6.29
200401  12.15   5.75   7.52   4.39   3.59   2.74
200402   5.79   4.06   4.00   2.68   3.34   4.59
200403  -4.10  -1.75  -3.08  -3.54  -2.48  -1.12
200404  -2.93  -1.35  -1.72  -1.48  -0.46  -1.14
200405  -1.52   0.79   0.09   1.45   1.53   1.37
200406   1.52   1.59   0.36   2.79   3.06   2.20
200407  -4.28  -1.89  -2.61  -3.76  -2.83  -3.73
200408  -1.11   0.50  -0.44  -0.46   1.15   0.83
200409   3.40   3.30   3.30   4.29   4.38   4.73
200410   4.31   4.71   4.32   4.56   4.49   4.05
200411   8.05   8.11   8.76   8.51   7.83   6.83
200412   3.11   4.80   4.24   4.59   4.98   5.81
200501   4.18   2.40   2.89   0.46  -0.28   0.65
200502   7.92   5.56   7.12   4.68   4.95   5.14
200503  -2.42  -1.84  -3.39  -2.35  -2.24  -2.93
200504  -2.94  -1.57  -2.56  -2.84  -2.85  -3.40
200505  -2.79  -2.08  -3.16   1.02  -0.14   0.95
200506   2.13   1.43   1.48   1.36   1.35   2.43
200507   4.29   4.35   3.47   4.49   4.06   5.00
200508   5.16   3.95   4.76   3.67   3.17   3.20
200509   0.25   1.32   0.85   1.93   1.47   2.88
200510  -3.08  -2.45  -3.38  -3.21  -3.94  -4.19
200511  -0.38   0.23  -0.25   1.79   2.46   2.14
200512   3.42   4.30   4.13   5.05   5.34   4.53
200601   9.48   8.05  10.03   7.43   7.56   8.59
200602   2.98   2.24   2.15   0.73   1.80   2.24
200603   4.85   4.67   4.38   5.71   4.56   4.96
200604   7.21   7.43   8.00   5.61   6.05   6.63
200605  -2.90  -2.13  -4.11  -3.04  -3.66  -4.32
200606  -2.19  -0.93  -2.69   0.05   0.36   0.49
200607  -0.13  -0.33  -1.06   0.58   1.42  -0.01
200608   2.98   2.88   2.65   3.55   3.41   3.75
200609   0.53   0.73  -0.60   2.23   1.90   1.58
200610   2.87   3.57   1.99   4.52   4.82   4.63
200611   6.31   5.71   4.64   4.60   5.01   5.07
200612   2.47   3.86   4.02   4.04   4.38   5.04
200701   4.80   4.17   3.65   1.92   2.13   1.03
200702   1.69   1.43   1.18   0.86   0.01   0.48
200703   3.90   3.68   2.73   5.32   5.22   5.61
200704   5.63   5.85   5.19   5.71   5.75   4.74
200705   1.68   1.92   0.12   1.61   1.32   1.01
200706   1.72   0.94   0.30  -0.29  -1.03  -1.53
200707  -0.32   0.86   0.03  -1.24  -1.36  -0.74
200708  -4.59  -3.57  -5.33  -2.62  -2.02  -2.39
200709   1.76   2.51   2.33   2.96   3.23   4.56
200710   1.60   3.05   2.39   4.04   3.92   5.13
200711  -5.90  -6.29  -8.29  -5.74  -5.35  -5.87
200712  -3.79  -2.16  -3.68  -2.12  -1.83  -3.09
200801  -5.76  -6.90  -8.23  -8.89  -9.20  -9.87
200802   3.00   4.48   3.05   2.44   3.98   4.60
200803  -1.75   0.15  -2.60   0.66   2.77   1.16
200804   1.49   1.83   0.91   2.68   2.45   4.03
200805   0.72   0.49   1.45   0.69   0.42   1.55
200806  -5.05  -5.22  -6.85 -10.71  -9.77 -10.19
200807  -5.23  -5.13  -7.02  -4.04  -4.40  -5.16
200808  -4.76  -5.46  -6.20  -2.84  -3.30  -4.01
200809 -14.86 -14.50 -17.71 -13.15 -15.51 -20.76
200810 -24.05 -24.55 -27.64 -23.85 -23.26 -31.07
200811  -6.21  -7.37  -9.04  -5.50  -6.62 -10.25
200812   1.89   3.19  -0.05   8.44   7.42   6.51
200901  -2.35  -5.72  -1.55  -8.46  -9.88  -8.39
200902  -3.61  -4.74  -5.37  -8.91  -9.97  -8.52
200903   5.16   5.06   5.84   7.73   9.89  12.45
200904  18.54  17.39  20.95  19.06  19.70  24.47
200905  16.50  15.26  16.92  11.32  14.14  17.86
200906   0.55   0.78   0.27  -1.33  -2.02  -1.46
200907   4.87   5.56   4.07  10.30   9.47   9.60
200908   9.43   7.96   5.94   6.25   6.95   6.36
200909   6.46   5.92   5.84   6.88   6.49   5.76
200910  -0.04   1.54   1.85  -2.02  -3.17  -1.04
200911   0.44   0.49  -0.79   2.33   3.18   2.56
200912  -2.76  -2.50  -2.49   0.40   0.17   1.56
201001   0.55  -0.86  -0.29  -2.76  -3.85  -3.91
201002  -3.14  -2.32  -3.33  -2.33  -2.87  -1.76
201003   3.84   3.95   2.92   7.22   6.89   7.97
201004   1.06   0.60   1.47  -1.23  -1.22  -0.08
201005 -11.68 -10.20 -11.96 -12.68 -12.06 -13.09
201006  -0.66   0.05  -0.23  -1.05  -1.38  -1.07
201007   8.55   9.08   8.22  12.80  12.25  11.69
201008  -3.35  -2.88  -3.53  -5.62  -4.27  -3.23
201009  11.00   9.81  11.64  14.77  12.10  11.31
201010   4.72   4.54   4.11   4.90   5.36   4.91
201011  -6.55  -7.23  -6.17  -7.42  -7.84  -7.49
201012   9.77   8.37   7.96  12.08   9.78  10.32
201101   7.02   6.02   6.08   3.23   3.30   3.03
201102   3.14   2.22   2.33   3.14   3.03   2.42
201103   0.29   1.19   1.25   1.25   1.49   1.00
201104   6.67   6.98   6.77   7.68   8.30   7.45
201105  -2.40  -2.79  -3.38  -3.55  -3.29  -2.92
201106  -3.57  -2.53  -3.40  -3.55  -2.25  -3.04
201107  -1.06  -2.45  -1.98  -4.04  -5.12  -3.61
201108  -7.56  -7.77  -7.72 -10.49 -10.15  -7.76
201109 -11.34 -11.07 -11.47 -12.02 -13.28 -13.93
201110   3.93   5.70   6.51   9.19  10.50  11.68
201111  -7.23  -6.68  -7.54  -6.97  -6.04  -3.31
201112  -3.58  -2.48  -2.59  -2.27  -3.67  -3.50
201201   9.29   8.10   9.72   8.65  11.40   9.80
201202   6.87   7.33   8.39   7.63   6.15  10.20
201203   0.05   1.19  -0.10   0.85   0.08  -0.50
201204  -2.34  -2.25  -1.51  -3.14  -1.85  -0.84
201205 -11.13 -12.02 -12.09 -13.68 -13.24 -14.52
201206   2.00   2.85   1.84   7.66   6.70   6.18
201207  -2.20  -0.98  -1.72  -1.09   0.76   2.04
201208   5.03   5.42   3.96   5.95   5.15   3.39
201209   5.07   4.80   3.37   3.68   4.19   4.23
201210   0.67   0.60   0.24   1.25   2.05   0.96
201211  -0.88  -0.25  -0.89   0.23   2.33   1.36
201212   5.61   4.46   3.78   4.61   3.96   2.33
201301   9.97   8.09   7.79   7.33   5.72   5.85
201302  -3.76  -2.10  -1.94  -2.14  -1.89  -1.33
201303  -2.16  -1.52  -2.43  -1.33  -1.17  -1.10
201304   1.76   3.15   0.88   4.35   4.41   3.47
201305   1.10   0.78   0.62   1.22   0.98   1.69
201306  -1.66  -1.20  -2.41  -3.87  -4.76  -5.23
201307   4.14   4.85   4.37   7.75   8.65   8.10
201308   4.86   2.66   3.09  -0.26  -0.72  -0.53
201309   7.95   6.36   7.45   7.50   6.94   6.39
201310   4.44   4.53   3.51   5.51   4.79   3.55
201311   2.30   2.31   2.13   1.55   1.31   0.78
201312   1.29   2.96   1.98   3.04   2.59   2.93
201401   3.84   1.83   1.61  -1.55  -2.22  -3.38
201402   6.66   5.99   6.56   7.48   8.27   7.85
201403  -0.32   0.28  -1.10  -0.28  -0.34  -0.82
201404   0.33   1.70   0.86   0.77   1.44   1.38
201405  -0.35  -0.27  -0.43   0.99   0.58   0.29
201406   0.79   0.49   0.56  -0.75  -0.57  -0.20
201407  -2.81  -3.59  -3.64  -4.71  -4.67  -4.45
201408  -1.93  -1.59  -1.47  -1.38  -0.24   0.14
201409  -5.53  -3.96  -4.79  -4.56  -5.03  -4.84
201410  -6.21  -4.34  -5.29  -3.40  -1.74  -2.25
201411  -0.12  -0.11  -0.88   2.93   2.23   1.81
201412  -4.25  -2.52  -3.40  -5.00  -2.15  -2.27
201501  -3.40  -3.38  -3.66  -1.85   0.19  -0.69
201502   6.37   5.22   4.59   8.38   6.67   7.06
201503  -2.18  -2.48  -3.16  -1.36  -2.88  -3.11
201504   6.97   6.52   7.31   5.44   5.27   6.41
201505   0.79   0.90   0.60  -0.86  -0.73   1.30
201506   0.00   0.15  -0.02  -2.78  -3.12  -1.88
201507  -0.91   1.48   0.81   0.96   2.55   1.78
201508  -1.57  -1.65  -2.04  -5.84  -4.78  -4.97
201509  -2.59  -2.18  -2.72  -4.77  -4.11  -3.54
201510   2.05   2.18   2.20   6.12   5.98   5.61
201511  -4.17  -2.52  -1.37  -1.77  -1.08  -0.79
201512   0.77   1.18   2.27  -2.53  -0.75  -1.37
201601  -4.22  -4.99  -5.74  -7.65  -6.69  -8.02
201602  -0.82  -0.29  -1.31  -0.85  -0.75  -0.45
201603   8.76   8.21   7.33   8.45   7.42   9.45
201604   3.98   4.22   3.59   4.45   1.98   1.42
201605  -1.42  -0.64  -1.17  -2.12  -0.40   0.50
201606  -5.78  -5.50  -7.31  -6.06  -7.12  -6.70
201607   4.83   4.46   4.97   5.61   5.13   6.12
201608   2.81   2.19   4.25   1.57   1.28   1.22
201609   1.51   1.75   2.09   1.27   0.91   1.06
201610  -2.75  -2.60  -3.83  -2.25  -3.12  -5.12
201611  -1.42  -1.97  -1.86  -1.59  -2.80  -3.47
201612   2.99   3.78   2.46   5.01   4.34   3.73
201701   9.15   6.27   7.38   4.21   3.20   3.79
201702   0.52   0.75  -0.07   0.35   1.02   1.22
201703   3.13   2.75   1.69   4.31   4.65   3.68
201704   4.45   6.16   4.67   5.04   5.92   6.04
201705   4.50   5.67   4.29   4.26   5.31   5.21
201706   2.10   2.62   1.72   0.21  -0.21  -1.37
201707   4.47   5.24   3.80   4.65   3.37   4.50
201708  -0.48   0.10  -0.16   0.30   1.89  -0.24
201709   1.59   1.87   3.22   3.09   2.86   2.74
201710  -0.76  -0.50  -0.24   0.90   0.92   0.42
201711   0.09   0.30   0.21   0.40   0.32  -0.68
201712   2.09   2.32   1.84   2.07   2.12   2.00
201801   9.98   7.03   8.10   6.58   5.70   5.82
201802  -3.72  -3.73  -4.99  -4.49  -4.64  -3.15
201803  -1.69  -0.71  -2.01  -0.74  -1.02  -0.70
201804  -0.28   0.62   1.17   2.26   1.42   2.16
201805  -2.42  -1.16  -1.83  -3.08  -2.39  -0.24
201806  -1.54  -1.38  -1.65  -1.49  -0.95  -0.19
201807  -0.01   0.80   1.38   3.46   2.09   2.37
201808  -1.30  -1.41  -1.07  -2.35  -1.59  -0.48
201809  -1.00  -0.63   0.11   0.44  -0.49  -1.22
201810  -9.62  -7.97 -10.62  -8.97  -8.21 -10.52
201811  -3.07  -1.95  -2.72  -2.38  -1.56  -2.35
201812  -4.38  -3.20  -4.93  -4.35  -3.80  -5.49
201901   7.09   6.09   6.62   6.76   7.27   8.82
201902   1.50   1.04  -0.05   2.95   2.80   3.27
201903  -0.75  -0.63  -1.70  -0.56  -0.27   0.54
201904   3.81   4.12   2.86   4.33   4.60   6.04
201905  -3.51  -2.89  -3.52  -6.39  -5.88  -6.24
201906   3.62   3.46   3.18   5.92   6.54   6.04
201907  -1.50  -2.42  -2.04  -2.72  -2.83  -1.84
201908  -1.84  -2.72  -4.00  -3.38  -1.86  -2.20
201909   0.59   1.57   0.85   3.24   2.54   1.64
201910   2.91   2.54   3.45   4.24   4.18   4.71
201911   1.49   2.04   3.64   1.41   2.28   4.06
201912   5.76   5.76   5.83   4.40   4.18   4.74
202001   1.41   0.72   0.33  -3.63  -2.79  -0.89
202002  -8.36  -7.63  -8.99  -9.67  -8.06  -8.69
202003 -17.73 -18.30 -18.92 -20.99 -17.06 -17.06
202004  17.35  11.81  14.83   7.49   8.49  11.76
202005   5.38   5.14   6.92   3.82   5.33   9.72
202006   5.39   3.20   5.30   4.55   2.94   2.06



  Average Value Weighted Returns -- Annual
           Small                 Big
       Low    2      High   Low    2      High
1991  -1.79   6.24  -1.87   6.79  14.69  11.34
1992 -18.28 -16.20 -20.89  -6.86  -4.65  -9.67
1993  40.70  33.21  26.74  33.08  29.91  20.07
1994  12.30  14.98   9.43   4.05   4.46  -1.63
1995   3.93   9.69  12.64  16.00  19.91  22.17
1996  16.43  19.49  23.09  20.73  22.69  20.22
1997  10.37  12.14   9.05  22.74  19.50  21.52
1998  12.00  12.00  11.37  22.79  23.68  35.44
1999  22.07  16.06  45.46  15.86  12.42  34.08
2000  -2.10  -1.74 -27.79  -6.86  -8.79 -12.78
2001  -9.38 -10.82 -33.42 -13.63 -21.27 -25.14
2002   3.10   4.27 -19.03  -8.46  -9.95 -24.07
2003  67.40  60.10  53.33  44.36  39.21  38.41
2004  32.81  36.23  31.83  20.15  26.07  22.32
2005  19.92  16.28  19.64   9.21  11.82  11.44
2006  44.05  45.83  44.78  35.61  33.35  42.09
2007   4.33  10.18   5.19  22.07  12.42  12.34
2008 -46.01 -46.88 -58.35 -40.38 -44.78 -50.80
2009  43.33  48.71  55.14  30.41  35.02  36.95
2010  12.38  15.74  13.23   3.59   4.76   9.12
2011 -20.32 -19.27 -20.78 -14.86 -12.52  -9.67
2012  25.56  24.26  19.74  19.30  21.44  21.24
2013  36.75  38.72  33.20  35.66  25.84  21.88
2014  -8.50  -7.24  -8.30  -9.41  -3.85  -6.64
2015   4.90   6.93  12.04  -5.36  -1.61   4.52
2016   7.57   6.20  -0.23   7.58  -2.37  -6.59
2017  30.21  36.10  37.90  28.58  29.85  25.86
2018 -23.01 -15.99 -17.23 -16.29 -11.24 -16.24
2019  24.31  20.94  21.88  18.24  25.34  30.91



  Average Equal Weighted Returns -- Annual
           Small                 Big
       Low    2      High   Low    2      High
1991   3.92   6.27   0.67   6.68   8.31   2.17
1992 -16.28 -15.12 -23.65 -12.80 -10.14 -14.67
1993  56.64  42.54  36.01  38.25  36.77  26.56
1994  22.09  21.77  13.83   7.69   8.57   4.48
1995   6.59  10.28  13.51   9.28  15.80   9.22
1996  19.07  19.29  20.99  18.91  21.37  20.83
1997  11.71  11.40   6.87  15.93  13.60  18.31
1998  13.99  14.36  10.94  17.36  23.99  21.78
1999  35.88  29.03  48.09  16.30   7.10  25.84
2000   0.15  -2.15 -19.40   2.40   1.93 -16.86
2001  -7.66  -7.15 -33.81 -12.36 -11.07 -28.98
2002   2.07   2.92 -23.03  -3.94  -2.25 -19.50
2003  81.60  64.66  61.20  59.41  52.16  56.15
2004  25.61  31.96  26.75  25.91  31.95  30.12
2005  16.05  16.25  11.87  16.74  13.62  17.02
2006  39.47  41.45  32.49  41.94  44.14  45.41
2007   7.69  12.38  -0.26  10.21   9.80   8.52
2008 -48.38 -47.74 -58.52 -45.19 -45.85 -56.99
2009  63.95  54.51  60.77  48.13  48.92  73.11
2010  12.18  11.23   8.68  15.59   9.81  12.79
2011 -16.23 -14.44 -15.85 -18.98 -18.24 -14.03
2012  17.65  19.10  14.08  22.45  28.84  24.77
2013  33.64  34.93  27.34  34.21  29.32  26.56
2014 -10.15  -6.37 -11.35  -9.72  -4.97  -7.10
2015   1.47   5.00   4.30  -1.92   2.38   5.04
2016   7.80   7.97   2.37   4.66  -0.92  -1.72
2017  35.06  38.79  31.94  33.94  36.04  30.57
2018 -18.37 -13.44 -18.42 -14.90 -14.98 -13.97
2019  20.28  18.89  15.42  21.08  25.20  32.65



  Number of Firms in Portfolios
              Small                 Big
          Low    2      High   Low    2      High
199007    619    542    786    266    355    269
199008    619    542    785    266    355    269
199009    619    542    784    266    355    269
199010    619    542    784    266    353    269
199011    619    542    784    266    352    269
199012    619    542    783    266    352    269
199101    619    541    783    265    352    268
199102    619    541    782    264    352    268
199103    619    541    782    264    352    268
199104    619    540    782    264    351    268
199105    618    540    781    264    351    268
199106    618    540    781    264    351    267
199107    813    682    785    265    356    272
199108    813    682    785    265    355    272
199109    812    682    785    263    354    272
199110    812    682    785    263    354    272
199111    811    681    784    263    353    271
199112    810    680    782    263    353    271
199201    809    676    778    263    352    269
199202    806    676    778    263    352    269
199203    804    676    778    262    352    269
199204    804    676    777    261    352    269
199205    802    675    775    260    352    269
199206    802    674    774    259    352    269
199207   1368    694    686    280    374    286
199208   1367    694    686    279    372    286
199209   1365    692    685    279    371    286
199210   1359    691    684    278    371    286
199211   1359    691    682    278    371    286
199212   1355    690    681    278    371    286
199301   1347    690    679    278    370    284
199302   1344    690    678    278    370    284
199303   1340    690    677    278    370    284
199304   1337    690    676    278    369    284
199305   1333    687    676    278    369    283
199306   1331    684    676    277    367    283
199307   1437    856    724    288    383    288
199308   1436    852    721    288    383    288
199309   1431    851    720    288    383    288
199310   1430    851    720    287    383    288
199311   1425    851    720    286    383    287
199312   1423    851    720    286    383    287
199401   1422    851    720    285    383    287
199402   1419    850    719    285    383    286
199403   1414    849    719    285    382    286
199404   1410    849    718    284    381    286
199405   1404    848    713    284    380    286
199406   1403    845    713    284    378    285
199407   1415    919    855    330    439    330
199408   1414    918    854    330    439    330
199409   1411    917    854    330    437    330
199410   1410    915    852    329    437    330
199411   1401    912    851    328    437    330
199412   1401    910    850    328    437    329
199501   1397    906    849    325    435    327
199502   1386    906    849    325    435    327
199503   1382    905    849    325    435    327
199504   1377    903    845    324    434    326
199505   1373    903    845    324    433    326
199506   1366    900    844    324    433    326
199507   1247   1053   1165    330    439    330
199508   1240   1052   1161    329    438    329
199509   1237   1051   1160    329    437    328
199510   1235   1051   1158    329    436    328
199511   1229   1045   1155    328    435    326
199512   1222   1043   1150    327    433    325
199601   1213   1036   1144    325    432    322
199602   1211   1032   1140    323    429    320
199603   1207   1028   1138    323    428    318
199604   1198   1025   1136    323    427    318
199605   1189   1023   1131    319    427    316
199606   1185   1019   1129    318    426    315
199607   1465   1095   1137    317    428    318
199608   1462   1094   1136    315    426    317
199609   1452   1089   1128    313    422    316
199610   1443   1082   1126    311    420    315
199611   1439   1077   1122    310    418    315
199612   1434   1072   1118    310    418    313
199701   1423   1065   1113    308    416    312
199702   1417   1061   1110    307    416    310
199703   1408   1058   1108    307    415    310
199704   1403   1053   1104    307    414    310
199705   1395   1051   1100    304    412    308
199706   1386   1047   1096    304    411    307
199707   1693   1164   1123    290    389    292
199708   1685   1160   1116    289    389    292
199709   1680   1158   1115    289    388    292
199710   1671   1157   1109    289    388    292
199711   1657   1151   1104    289    386    292
199712   1648   1147   1099    289    386    292
199801   1633   1140   1089    287    384    292
199802   1626   1137   1088    286    383    291
199803   1619   1128   1082    285    380    289
199804   1607   1120   1075    285    379    288
199805   1599   1115   1071    284    378    288
199806   1593   1104   1067    283    377    287
199807   1861   1288   1430    274    365    274
199808   1845   1280   1426    274    365    273
199809   1826   1270   1420    273    361    273
199810   1813   1266   1415    271    358    273
199811   1799   1255   1410    269    357    272
199812   1779   1249   1400    265    354    272
199901   1753   1236   1394    260    348    270
199902   1748   1229   1386    258    347    270
199903   1737   1224   1380    256    345    269
199904   1721   1218   1373    255    344    268
199905   1709   1214   1366    253    342    267
199906   1700   1204   1362    253    341    264
199907   1788   1330   1763    249    333    249
199908   1763   1321   1751    247    330    246
199909   1750   1309   1747    245    328    246
199910   1730   1298   1736    244    326    246
199911   1714   1292   1726    244    326    246
199912   1693   1281   1717    241    326    245
200001   1676   1268   1707    239    323    243
200002   1664   1263   1698    238    322    241
200003   1655   1252   1681    237    322    239
200004   1641   1241   1673    235    320    239
200005   1631   1234   1666    232    318    237
200006   1619   1230   1650    232    315    236
200007   2335   1380   1393    250    334    250
200008   2316   1375   1387    246    330    248
200009   2298   1367   1382    245    326    248
200010   2282   1354   1375    239    324    247
200011   2266   1345   1368    237    320    246
200012   2255   1334   1362    235    318    246
200101   2238   1326   1358    232    317    243
200102   2223   1321   1352    232    315    242
200103   2208   1310   1350    232    314    241
200104   2191   1303   1343    231    311    241
200105   2184   1298   1339    229    309    240
200106   2175   1290   1336    229    307    240
200107   2221   1284   1874    223    296    222
200108   2212   1267   1865    222    295    222
200109   2200   1260   1862    222    295    222
200110   2184   1251   1852    221    293    222
200111   2173   1243   1844    218    293    220
200112   2155   1240   1836    217    293    220
200201   2132   1232   1829    217    291    219
200202   2120   1220   1826    217    291    218
200203   2109   1217   1814    214    291    217
200204   2102   1210   1805    214    291    217
200205   2095   1206   1800    214    291    216
200206   2084   1202   1790    213    291    216
200207   2349   1364   1598    219    293    219
200208   2320   1355   1586    218    291    218
200209   2298   1345   1575    214    288    218
200210   2282   1332   1565    214    286    218
200211   2258   1327   1554    211    286    218
200212   2250   1325   1552    208    285    218
200301   2230   1316   1543    206    283    216
200302   2215   1305   1535    205    282    215
200303   2201   1297   1528    205    281    215
200304   2191   1288   1518    204    277    215
200305   2178   1282   1508    204    276    214
200306   2161   1274   1499    200    276    211
200307   1969   1540   1568    214    284    213
200308   1955   1528   1558    213    284    212
200309   1943   1525   1545    211    284    210
200310   1933   1517   1539    210    284    209
200311   1914   1508   1527    210    283    209
200312   1902   1501   1522    210    283    207
200401   1889   1486   1510    210    279    206
200402   1879   1482   1498    208    278    205
200403   1868   1477   1495    208    277    203
200404   1857   1472   1488    208    274    203
200405   1853   1467   1479    206    273    202
200406   1849   1458   1473    205    271    201
200407   2097   1419   1419    224    297    223
200408   2078   1412   1413    222    295    222
200409   2067   1408   1407    221    294    219
200410   2055   1402   1402    221    294    219
200411   2047   1395   1398    220    292    219
200412   2021   1370   1383    219    291    218
200501   2022   1369   1385    219    291    218
200502   2014   1365   1381    218    291    216
200503   2004   1362   1373    216    291    216
200504   1997   1360   1371    215    290    216
200505   1987   1357   1367    214    289    216
200506   1967   1352   1362    212    286    215
200507   1874   1332   1737    236    314    236
200508   1858   1327   1731    233    312    236
200509   1849   1321   1728    233    312    236
200510   1841   1313   1721    232    312    235
200511   1832   1306   1715    232    312    235
200512   1820   1297   1705    231    311    235
200601   1805   1289   1698    230    306    234
200602   1797   1281   1694    229    304    234
200603   1785   1271   1692    228    302    234
200604   1772   1265   1686    226    301    234
200605   1765   1262   1682    225    300    234
200606   1761   1257   1676    224    300    234
200607   2164   1176   1783    253    339    254
200608   2149   1166   1772    251    334    254
200609   2139   1160   1761    248    333    254
200610   2123   1149   1752    245    332    253
200611   2095   1140   1744    245    330    253
200612   2077   1140   1739    243    330    252
200701   2061   1134   1730    239    328    252
200702   2050   1125   1724    238    328    250
200703   2038   1119   1714    237    328    250
200704   2025   1114   1704    236    327    249
200705   2020   1106   1699    234    326    247
200706   2004   1098   1690    233    326    247
200707   1839   1484   1997    265    353    266
200708   1830   1481   1987    262    351    266
200709   1818   1473   1980    261    351    264
200710   1805   1468   1972    259    351    263
200711   1794   1460   1957    258    351    263
200712   1779   1453   1949    257    350    261
200801   1764   1442   1943    257    348    259
200802   1754   1438   1936    256    347    259
200803   1744   1430   1927    255    344    257
200804   1729   1426   1922    255    344    256
200805   1719   1423   1911    254    341    255
200806   1702   1416   1905    252    340    252
200807   1975   1389   2067    239    319    239
200808   1960   1384   2059    238    318    238
200809   1952   1376   2045    237    318    237
200810   1937   1371   2036    235    316    237
200811   1925   1368   2020    234    315    236
200812   1917   1363   2012    234    315    236
200901   1896   1346   1988    233    314    236
200902   1890   1343   1979    233    312    236
200903   1880   1334   1963    228    310    236
200904   1865   1328   1945    228    309    236
200905   1856   1323   1929    227    309    236
200906   1844   1318   1917    226    309    236
200907   2249   1338   1485    214    286    214
200908   2235   1331   1479    214    286    214
200909   2226   1324   1471    213    286    214
200910   2214   1319   1467    211    284    213
200911   2199   1308   1456    211    282    212
200912   2190   1304   1451    209    282    212
201001   2170   1298   1436    208    281    212
201002   2157   1293   1428    208    281    212
201003   2148   1287   1422    208    281    212
201004   2136   1281   1414    207    280    212
201005   2125   1278   1408    207    278    211
201006   2119   1275   1400    207    276    211
201007   2400   1175   1280    214    286    214
201008   2388   1165   1271    214    285    213
201009   2376   1160   1269    214    284    213
201010   2365   1158   1259    213    283    213
201011   2351   1152   1256    213    283    212
201012   2337   1146   1248    213    283    211
201101   2322   1137   1242    213    282    211
201102   2308   1134   1236    211    281    210
201103   2300   1131   1232    211    281    210
201104   2282   1126   1224    211    281    209
201105   2266   1121   1214    211    281    209
201106   2258   1118   1209    211    279    209
201107   2252   1183   1403    212    281    212
201108   2238   1179   1396    211    281    211
201109   2231   1174   1391    211    280    210
201110   2218   1171   1382    211    280    209
201111   2205   1167   1374    210    280    207
201112   2194   1160   1365    210    280    207
201201   2182   1152   1360    209    280    207
201202   2164   1145   1356    209    280    207
201203   2144   1139   1349    209    280    207
201204   2128   1129   1342    208    279    207
201205   2118   1128   1338    207    279    207
201206   2108   1124   1332    207    278    207
201207   2132   1091   1406    195    261    194
201208   2123   1083   1402    194    261    194
201209   2112   1074   1396    193    260    194
201210   2103   1073   1389    193    259    194
201211   2093   1071   1381    193    259    194
201212   2076   1063   1375    193    259    194
201301   2058   1058   1366    193    259    193
201302   2045   1056   1361    193    259    193
201303   2035   1054   1359    193    259    193
201304   2025   1051   1348    191    259    192
201305   2021   1049   1341    191    258    192
201306   2005   1044   1336    190    257    192
201307   2037   1042   1376    195    261    195
201308   2026   1036   1369    194    260    195
201309   2020   1035   1363    193    260    195
201310   2011   1032   1362    193    259    195
201311   1998   1031   1359    192    259    195
201312   1994   1030   1349    192    258    195
201401   1988   1028   1343    190    258    194
201402   1976   1024   1337    189    258    194
201403   1972   1024   1332    189    258    194
201404   1960   1022   1320    189    258    194
201405   1955   1016   1315    189    258    194
201406   1949   1011   1310    189    258    193
201407   1793   1122   1596    212    283    212
201408   1779   1120   1587    211    283    212
201409   1768   1116   1585    211    282    212
201410   1760   1115   1582    211    281    212
201411   1753   1109   1576    211    280    212
201412   1747   1104   1570    211    280    212
201501   1734   1097   1566    211    279    211
201502   1722   1093   1562    211    279    211
201503   1709   1091   1552    211    279    211
201504   1698   1087   1541    211    279    211
201505   1684   1080   1536    210    276    210
201506   1673   1077   1532    210    276    210
201507   1958   1039   1526    214    286    214
201508   1951   1034   1522    214    285    214
201509   1945   1030   1516    214    285    212
201510   1935   1024   1511    214    284    210
201511   1917   1019   1505    213    284    210
201512   1907   1019   1498    213    283    210
201601   1893   1014   1494    211    283    209
201602   1882   1010   1487    211    282    209
201603   1866   1003   1480    210    280    208
201604   1850   1000   1475    210    280    207
201605   1842    996   1470    209    280    207
201606   1835    993   1466    207    280    207
201607   1686   1213   1582    220    292    220
201608   1676   1205   1578    219    291    220
201609   1670   1198   1575    219    291    220
201610   1659   1193   1567    219    291    219
201611   1650   1189   1562    217    291    219
201612   1639   1186   1559    217    290    219
201701   1626   1176   1553    217    289    219
201702   1617   1171   1546    217    288    219
201703   1611   1166   1539    217    288    219
201704   1606   1163   1536    216    288    219
201705   1598   1163   1533    216    288    219
201706   1591   1159   1530    216    288    219
201707   1875   1179   1444    235    314    236
201708   1864   1172   1439    235    312    235
201709   1851   1168   1435    234    311    235
201710   1840   1166   1432    234    311    234
201711   1833   1160   1427    234    310    234
201712   1828   1155   1424    234    309    234
201801   1821   1151   1420    234    308    233
201802   1807   1148   1416    232    308    232
201803   1799   1146   1410    231    308    232
201804   1797   1144   1408    231    306    231
201805   1790   1141   1402    231    306    231
201806   1777   1138   1398    231    306    230
201807   1476   1254   1845    236    316    236
201808   1467   1251   1842    236    316    235
201809   1462   1244   1840    235    316    235
201810   1455   1242   1835    234    315    235
201811   1444   1238   1831    234    315    235
201812   1437   1235   1825    232    314    234
201901   1424   1224   1819    232    314    234
201902   1419   1223   1817    232    311    234
201903   1412   1222   1810    232    311    234
201904   1406   1216   1806    230    310    234
201905   1395   1210   1801    229    309    234
201906   1388   1202   1792    228    309    234
201907   1857   1026   1718    220    294    221
201908   1843   1025   1712    219    294    221
201909   1837   1018   1709    219    294    220
201910   1828   1016   1702    219    294    219
201911   1817   1013   1698    219    293    219
201912   1812   1009   1696    219    292    219
202001   1803   1002   1688    218    292    219
202002   1785    998   1680    217    292    217
202003   1774    995   1674    217    291    216
202004   1764    992   1669    217    291    215
202005   1760    989   1663    217    291    213
202006   1753    985   1656    217    291    213



  Average Firm Size
                       Small                                Big
              Low         2           High        Low         2           High
199007       97.24      110.24      100.63     2303.09     2478.92     2216.05
199008      102.35      115.62      104.69     2431.84     2579.61     2315.91
199009       92.45      103.68       93.05     2209.39     2295.57     2058.14
199010       83.46       93.31       82.51     1959.34     2029.45     1784.07
199011       86.79       98.85       86.08     2097.48     2179.06     1922.77
199012       84.72       96.58       83.93     2101.49     2181.05     1938.49
199101       84.37       96.74       82.95     2074.17     2155.39     1908.64
199102       83.65       95.02       80.82     2086.22     2215.66     1966.45
199103       90.01      103.90       88.63     2220.66     2385.53     2142.59
199104       84.49       98.41       85.49     2058.64     2244.45     1990.56
199105       83.39       97.84       83.75     2062.74     2226.89     1953.53
199106       82.27       96.17       80.86     2079.26     2267.93     1946.99
199107       67.61       97.62       86.45     1997.34     2168.33     1956.22
199108       68.76      100.44       88.49     2116.47     2284.54     2066.97
199109       69.11      101.96       88.93     2161.15     2324.64     2104.03
199110       72.77      106.51       93.07     2195.36     2407.07     2176.91
199111       70.81      103.76       89.53     2137.66     2353.18     2147.34
199112       69.64      102.31       87.79     2081.25     2306.98     2110.00
199201       70.52      106.45       90.34     2212.53     2472.44     2267.26
199202       70.30      105.59       89.23     2205.15     2480.25     2258.89
199203       70.49      104.94       88.50     2182.32     2486.32     2260.08
199204       67.85      102.22       85.57     2121.42     2391.73     2173.73
199205       71.40      105.01       88.67     2250.42     2514.72     2264.96
199206       75.13      111.08       92.44     2354.15     2628.98     2372.89
199207       74.20      101.85      107.33     2229.58     2845.45     2273.87
199208       69.27       97.66      100.94     2133.94     2739.59     2177.12
199209       67.15       96.95       99.18     2100.73     2727.89     2179.38
199210       63.13       90.76       93.45     2047.30     2668.33     2095.58
199211       56.79       82.47       85.05     1861.50     2479.55     1953.12
199212       55.65       80.22       81.24     1854.06     2476.18     1942.98
199301       56.70       79.90       82.15     1879.00     2503.47     1968.56
199302       59.52       82.65       84.77     1890.39     2514.23     1972.85
199303       59.89       83.63       84.91     1911.48     2557.53     1996.75
199304       64.48       88.60       89.74     2037.27     2701.21     2069.27
199305       68.53       93.46       93.94     2080.01     2728.86     2102.26
199306       69.53       94.13       94.73     2112.19     2740.46     2108.33
199307       61.73       93.74       88.52     1709.79     2745.67     2505.86
199308       62.32       94.18       88.80     1745.89     2774.00     2516.63
199309       68.41      103.42       97.37     1884.68     3026.33     2732.43
199310       68.63      103.85       97.41     1875.08     3007.74     2701.24
199311       69.38      105.11       98.17     1923.99     3098.67     2785.33
199312       68.34      103.79       96.05     1891.09     3032.10     2708.59
199401       72.51      109.43      100.50     2014.62     3263.76     2905.18
199402       82.73      121.49      111.86     2158.38     3438.82     3042.56
199403       83.57      121.86      112.35     2103.49     3317.20     2893.70
199404       81.60      121.50      111.18     2038.22     3247.09     2773.02
199405       84.99      125.82      114.69     2128.88     3386.81     2870.36
199406       82.97      122.28      111.20     2033.29     3256.26     2731.83
199407       72.12       99.11      101.12     2104.82     2932.16     2456.92
199408       73.49      101.27      102.95     2212.95     3088.81     2561.65
199409       74.20      102.87      104.29     2251.17     3173.51     2622.73
199410       73.43      102.88      103.17     2182.17     3033.01     2545.14
199411       74.27      104.47      104.07     2274.74     3170.55     2642.37
199412       70.90       99.45       99.60     2168.72     3029.92     2543.44
199501       70.85       99.80       99.31     2145.34     3048.23     2564.20
199502       71.48       99.79       99.81     2129.71     2992.81     2532.70
199503       72.80      102.08      100.87     2143.03     3077.49     2601.99
199504       73.10      105.20      103.03     2240.96     3199.77     2688.04
199505       73.94      106.23      104.98     2294.08     3297.51     2784.78
199506       74.65      107.67      107.15     2317.75     3352.23     2845.39
199507       84.53      103.13      108.15     2849.61     3404.01     2780.30
199508       86.15      105.10      111.97     2942.49     3546.12     2933.86
199509       83.64      102.44      108.40     2829.45     3404.35     2837.82
199510       85.20      104.03      110.90     2878.93     3507.27     2925.66
199511       82.58      102.99      109.68     2869.16     3505.52     2911.95
199512       80.08       99.74      106.22     2872.56     3549.36     2891.46
199601       80.70      100.97      108.02     2951.03     3624.08     2987.74
199602       81.32      101.29      109.69     2981.07     3660.46     2990.24
199603       84.46      105.06      113.95     3029.74     3736.08     3081.99
199604       85.67      106.26      116.11     3098.48     3733.16     3124.65
199605       87.02      107.20      117.44     3134.13     3742.17     3176.07
199606       89.00      110.22      121.39     3145.93     3793.75     3207.99
199607       94.58      113.50      120.48     3698.80     4168.20     2891.01
199608       93.10      111.97      117.70     3610.10     4124.03     2838.80
199609       93.64      113.62      120.99     3706.75     4234.70     2930.93
199610       92.41      111.93      120.38     3774.10     4329.56     2972.73
199611       94.23      114.90      123.59     3815.31     4432.96     3037.32
199612       95.85      117.91      126.61     3993.87     4630.99     3184.95
199701       98.46      120.71      129.45     4001.56     4641.01     3234.69
199702       99.70      121.36      130.97     4093.26     4571.84     3244.87
199703      100.66      123.88      133.05     4072.27     4655.40     3292.53
199704      103.37      125.93      134.22     4207.76     4735.48     3354.05
199705      100.93      123.35      131.72     4195.81     4751.93     3304.39
199706      104.44      127.59      135.96     4345.54     4963.12     3466.82
199707      110.62      137.74      146.47     4641.35     5641.04     4814.40
199708      108.74      135.67      145.16     4724.09     5923.33     4958.92
199709      108.74      135.48      145.77     4575.14     5509.80     4664.59
199710      116.16      143.23      154.61     5021.50     5991.63     5145.01
199711      115.29      142.40      153.39     4774.28     5710.59     4893.06
199712      112.92      140.26      150.82     4734.44     5797.49     5040.49
199801      112.31      139.15      150.04     4781.41     5993.29     5214.52
199802      115.82      141.42      153.55     4950.31     6208.94     5370.76
199803      123.44      150.90      162.15     5280.79     6739.42     5899.73
199804      134.61      162.82      178.58     5678.51     7132.39     6366.77
199805      137.87      168.69      188.13     5821.35     7232.52     6608.43
199806      143.55      176.07      197.68     5853.60     7372.42     6831.89
199807      133.27      186.50      175.94     7108.67     6790.01     8902.54
199808      129.56      185.39      175.70     7024.64     6867.61     9422.53
199809      117.84      167.40      152.61     6335.03     6127.84     8070.27
199810      112.45      160.78      144.87     6320.18     5789.27     7402.01
199811      114.34      164.68      147.01     6659.44     6203.92     8126.72
199812      115.41      168.21      150.92     6938.97     6470.79     8708.58
199901      115.15      167.54      152.31     7142.79     6749.57     8822.22
199902      112.71      165.32      156.27     7043.76     6692.72     8967.35
199903      112.31      164.37      157.57     7052.58     6582.22     8633.15
199904      113.55      163.71      156.95     7186.62     6512.19     8663.38
199905      116.92      168.49      163.62     7339.20     6791.27     8711.13
199906      116.79      168.00      162.90     7081.64     6531.03     8236.15
199907      128.94      179.03      173.84     9137.96     9152.78     6731.54
199908      133.26      184.06      182.77     9512.11     9147.64     6779.45
199909      138.01      190.14      194.37     9477.39     9374.18     6996.97
199910      137.43      192.62      197.75     9409.07     9302.77     7155.85
199911      137.29      191.25      203.32     9556.08     9550.25     7316.00
199912      137.79      190.33      215.60     9754.50     9649.30     7770.80
200001      142.50      196.74      232.73    10586.30    10443.75     9134.82
200002      142.99      191.30      240.95     9573.19     9562.70     8736.79
200003      150.16      195.33      268.93     9922.95     9973.49     9667.01
200004      146.55      193.47      254.96    10360.62    10330.93     9387.16
200005      135.36      179.07      225.27     9637.88    10035.56     8872.77
200006      137.36      183.12      220.02     9854.94    10134.65     8619.06
200007      135.22      210.42      231.14     9587.76    11383.06     9771.37
200008      133.03      209.08      225.12     9483.61    11282.91     9762.18
200009      131.91      208.63      224.77     9506.97    11157.53     9616.93
200010      130.06      205.98      215.09     9275.99    10689.51     9049.77
200011      122.72      195.65      189.63     9173.28    10619.78     8849.21
200012      121.79      192.43      167.06     9056.42    10310.01     8208.66
200101      129.65      206.17      176.22     9421.60    10606.67     8739.75
200102      132.31      212.50      180.78     9533.10    10784.01     8709.52
200103      129.65      207.45      165.64     9085.91     9746.10     7680.15
200104      119.27      190.01      144.36     8311.41     8903.28     7000.67
200105      123.99      196.86      149.86     8870.94     9559.40     7742.31
200106      121.88      192.68      142.91     8542.79     9044.17     7195.24
200107      119.99      180.63      134.65     7111.25     8714.99    11308.73
200108      119.84      177.23      127.37     7156.16     8737.46    11173.84
200109      121.43      179.16      124.87     7198.98     8740.33    10490.22
200110      105.40      152.98      100.94     6494.53     7489.82     9434.84
200111      106.83      157.96      108.93     6616.97     7694.57    10094.76
200112      111.42      166.53      118.49     6725.46     8009.17    10720.31
200201      112.13      168.70      117.81     6885.97     8157.39    10999.69
200202      110.68      166.74      114.42     6652.94     7865.29    10214.38
200203      113.31      169.61      112.05     6932.37     7912.81     9989.98
200204      118.29      176.39      117.02     7243.04     8349.47    10518.73
200205      122.16      184.53      116.42     7337.54     8465.29    10038.38
200206      126.74      189.83      116.12     7359.89     8564.72     9907.92
200207      101.92      177.46      139.83     9680.22     9113.11     7557.85
200208       92.99      165.95      126.52     8691.68     8009.58     6820.66
200209       90.93      163.38      124.98     8268.27     8109.72     6815.39
200210       82.24      145.80      110.32     7192.19     6937.24     5991.22
200211       83.63      149.25      112.81     7891.65     7671.44     6507.08
200212       87.77      155.45      117.75     8256.77     8226.82     6730.52
200301       87.26      158.10      118.21     8137.33     7888.94     6639.05
200302       86.43      157.40      115.21     7920.38     7587.70     6407.36
200303       83.87      153.51      111.06     7608.89     7270.21     6288.82
200304       83.48      151.72      110.23     7554.22     7132.94     6200.78
200305       93.13      166.54      122.51     8355.02     8215.40     6948.08
200306      101.91      180.50      135.68     9076.72     8742.36     7434.71
200307       94.47      163.05      141.42    11040.71     6949.34     7867.98
200308       98.46      165.73      144.48    11368.03     7070.83     7858.23
200309      103.15      169.48      148.18    11108.83     7118.25     7743.71
200310      108.45      180.66      154.55    11416.35     7265.47     7965.20
200311      117.20      190.96      162.54    12215.97     7722.61     8388.59
200312      122.82      199.90      169.73    12881.30     8023.69     8766.69
200401      129.71      210.57      180.12    13904.72     8671.90     9466.27
200402      141.49      221.81      189.13    14476.64     8889.40     9460.81
200403      148.72      230.88      196.71    14717.91     9203.89     9922.76
200404      142.52      226.93      191.68    14056.51     8926.17     9675.35
200405      138.93      223.52      187.00    13701.68     8763.73     9586.88
200406      138.15      221.58      187.71    13785.49     8930.96     9734.37
200407      134.06      206.95      177.62    11085.15     9916.47     9529.42
200408      128.55      201.90      172.34    10779.96     9527.25     9327.85
200409      127.38      202.82      171.09    10807.94     9602.98     9420.05
200410      133.08      210.47      179.41    11202.14    10014.16     9796.58
200411      138.35      219.50      187.50    11698.40    10533.31    10124.41
200412      151.38      241.78      204.39    12433.32    11316.25    10756.63
200501      158.52      253.26      214.20    12891.72    11810.23    11158.01
200502      161.43      259.38      218.86    12819.85    11598.87    11124.36
200503      171.47      272.21      231.27    13461.64    12149.97    11606.83
200504      166.62      266.62      224.24    13153.12    11850.96    11223.64
200505      158.92      261.68      218.31    12865.82    11471.61    10864.57
200506      156.16      257.98      213.64    12975.85    11490.99    10827.61
200507      144.10      237.90      209.51    10004.65    13067.75     9074.78
200508      150.00      247.43      219.61    10212.37    13423.15     9403.76
200509      156.47      254.33      229.92    10456.60    13671.31     9507.62
200510      158.33      255.99      233.84    10208.02    14001.93     9718.88
200511      152.67      246.87      222.60    10029.88    13471.41     9404.42
200512      154.52      249.88      225.70    10006.30    13752.81     9646.05
200601      161.39      259.35      234.75    10380.85    14485.60    10067.98
200602      173.69      279.87      258.83    10921.69    15557.55    10788.46
200603      179.61      287.02      265.76    10859.66    15658.95    11036.66
200604      188.90      299.26      279.23    11247.94    16276.44    11482.46
200605      201.79      319.40      300.38    11815.65    17105.36    11986.11
200606      192.42      309.24      284.28    11486.76    16337.92    11492.85
200607      182.83      294.30      239.37    10012.30    15967.33    11635.21
200608      182.40      292.68      235.85    10020.71    16227.62    11798.72
200609      186.84      301.17      243.74    10431.42    16607.08    12201.24
200610      190.21      306.26      244.76    10592.50    16755.28    12385.58
200611      199.84      322.33      255.82    10990.22    17409.82    12959.05
200612      212.06      341.92      271.44    11455.18    18013.03    13498.59
200701      219.86      355.24      286.42    12018.78    18659.92    14068.83
200702      227.60      365.08      293.29    12167.28    18811.78    14089.18
200703      229.90      371.95      296.36    12266.52    18684.59    14018.90
200704      241.86      389.14      307.43    12753.83    19440.43    14567.30
200705      253.79      413.34      324.06    13548.65    20512.89    15395.35
200706      255.55      418.72      326.19    13899.17    20685.56    15482.86
200707      229.86      352.15      287.60    18844.25    17242.68    11999.96
200708      226.72      351.54      286.17    18291.51    16937.72    11792.84
200709      216.49      338.03      273.21    18287.58    16501.95    11579.61
200710      219.50      344.17      278.39    19365.42    17301.12    12326.18
200711      228.30      360.99      292.49    20247.29    18016.60    13025.50
200712      211.40      335.36      267.60    19872.16    17351.82    12272.59
200801      205.31      326.22      259.36    19619.95    17057.80    12029.13
200802      186.05      298.04      232.09    17759.69    15387.43    10748.61
200803      193.87      310.63      243.28    17932.78    15733.77    11136.19
200804      191.12      311.98      239.30    17904.62    15680.33    11335.54
200805      193.41      314.57      242.55    18457.70    16134.81    11871.19
200806      195.31      316.57      245.92    18399.05    16012.84    12019.85
200807      187.70      309.22      243.26    13885.18    17323.03    13787.86
200808      179.13      294.03      226.68    13290.49    16774.38    13349.78
200809      174.36      279.41      215.53    12829.68    15970.81    12676.83
200810      147.24      236.30      171.43    11151.87    13677.71    10361.27
200811      110.88      175.95      120.32     8743.75    11127.73     7705.54
200812      101.17      162.82      108.32     8402.34    10186.70     6985.02
200901      107.71      170.20      111.53     9130.48    10812.92     7384.37
200902       98.62      157.87      105.34     7932.12     9744.94     6519.97
200903       91.90      148.64       98.89     7254.35     8624.40     5892.11
200904       96.04      155.07      104.27     7634.36     9204.98     6428.98
200905      109.23      177.91      122.40     8503.74    10309.29     7401.12
200906      123.65      200.16      140.22     9356.73    11457.22     8458.81
200907      130.32      202.02      177.15    11815.79    10796.00     9953.16
200908      139.91      216.68      190.97    13030.61    11943.89    10960.79
200909      154.53      234.65      204.20    13700.34    12706.47    11350.28
200910      166.82      252.50      218.13    14563.91    13467.89    11820.99
200911      164.08      251.88      217.01    14400.18    13143.59    11673.55
200912      165.73      255.91      217.58    14894.83    13624.94    11930.96
201001      163.18      253.98      217.57    15240.31    13611.21    12015.27
201002      162.59      250.99      215.16    14408.96    12701.69    11433.34
201003      157.33      245.74      209.32    14108.12    12358.44    11271.46
201004      167.25      260.44      221.29    14901.14    13122.15    12065.30
201005      168.72      260.62      223.25    14427.50    12501.36    11864.43
201006      144.33      229.17      194.31    12550.99    10919.89    10391.10
201007      136.16      237.50      197.25     9910.49    12379.06    10533.44
201008      149.61      263.94      219.69    11233.96    13886.52    11651.59
201009      142.29      252.78      210.61    10550.97    13290.92    11356.08
201010      161.32      283.44      234.26    11821.31    14924.46    12515.68
201011      170.15      297.85      246.81    12273.13    15747.88    13170.00
201012      158.36      274.64      229.29    11292.77    14419.69    12095.37
201101      177.84      304.29      251.06    12292.06    15697.57    13176.36
201102      186.02      313.76      261.21    12935.64    16283.16    13563.36
201103      191.11      321.24      266.33    13333.78    16709.21    14024.89
201104      194.18      324.91      269.77    13132.35    16690.73    14011.33
201105      207.37      344.00      285.22    14112.87    17993.27    15024.57
201106      200.73      332.34      273.85    13340.32    17380.15    14525.97
201107      189.38      341.17      249.40    13479.23    16984.28    14933.02
201108      182.67      330.02      241.40    13079.35    16178.83    14603.83
201109      164.29      300.07      219.02    11704.65    14379.29    13296.02
201110      143.74      261.46      189.06    10513.40    12688.21    11636.82
201111      153.62      281.47      203.19    11424.18    14169.23    13246.85
201112      141.07      261.99      188.13    10841.61    13443.93    12660.17
201201      136.26      254.17      181.40    10607.39    13176.53    12304.42
201202      147.48      274.22      197.67    11029.37    13828.09    13167.94
201203      158.20      293.95      214.94    11762.34    14608.97    13956.88
201204      159.35      295.81      215.00    11919.81    14592.72    13770.07
201205      156.67      291.21      211.33    11549.09    14020.25    13550.19
201206      137.52      253.18      184.12    10119.46    12226.41    11592.62
201207      145.44      289.65      214.76    12071.24    14654.94    11925.95
201208      142.51      285.91      214.08    12022.85    14771.60    12140.60
201209      151.68      299.82      221.95    12549.13    15493.44    12602.34
201210      160.29      315.68      232.37    12937.65    16067.43    12941.90
201211      163.02      320.45      234.30    12995.49    16399.03    13208.18
201212      163.44      322.33      233.61    13178.15    16769.88    13632.08
201301      174.99      342.98      246.21    13550.34    17351.39    14025.76
201302      190.20      368.12      261.15    14458.78    18403.84    14763.97
201303      185.68      365.93      261.44    13994.35    17906.55    14354.16
201304      180.86      358.37      258.32    14038.58    17697.76    14250.90
201305      187.03      370.90      264.80    14637.54    18307.31    14709.36
201306      188.20      378.21      268.72    14737.24    18213.06    14764.14
201307      172.42      348.25      282.35    13085.66    17661.88    14683.61
201308      182.86      371.36      300.35    14111.58    19013.58    15775.30
201309      187.15      378.77      304.68    14171.12    18644.68    15592.38
201310      202.16      404.16      326.27    15317.35    19929.66    16547.60
201311      213.48      423.98      336.88    16090.37    20868.81    17123.60
201312      216.76      431.89      344.94    16386.38    21164.87    17183.58
201401      223.56      444.53      353.93    16903.23    21601.40    17630.14
201402      225.59      446.18      352.70    16585.37    20867.88    16761.78
201403      245.03      475.26      379.24    17493.48    22466.40    17842.49
201404      247.30      473.72      376.38    17187.74    22326.18    17712.13
201405      246.04      475.59      374.85    17252.90    22774.61    18022.64
201406      243.20      475.55      374.03    17182.69    22811.10    18040.69
201407      226.98      413.95      339.00    19480.71    20594.32    13732.54
201408      217.28      394.89      323.80    18856.40    19670.00    13159.43
201409      215.00      391.77      321.77    18794.84    19693.20    13173.56
201410      201.48      370.43      304.21    18332.40    18911.54    12606.10
201411      193.25      358.19      292.16    17643.84    18527.53    12273.30
201412      195.19      362.10      292.92    17977.59    18903.89    12560.67
201501      190.03      357.31      288.75    17002.43    18266.92    12204.28
201502      187.12      350.94      283.39    16641.92    18428.65    12233.77
201503      200.86      375.51      304.72    17719.58    19400.51    13049.98
201504      195.31      364.99      296.10    17384.73    18781.89    12665.40
201505      207.85      384.25      316.65    18076.06    19706.71    13267.13
201506      209.35      384.42      321.23    17918.89    19356.78    13235.98
201507      228.30      401.30      279.77    19106.34    15540.41    15124.17
201508      230.50      408.79      284.83    19423.79    16084.66    15467.85
201509      224.03      395.58      277.27    17924.67    15055.69    14583.10
201510      215.80      380.66      269.03    17102.90    14352.00    14125.96
201511      223.83      392.27      277.63    18183.44    15247.32    15067.76
201512      216.64      386.76      278.26    17736.70    15027.69    14932.06
201601      218.13      391.35      284.39    17211.34    14745.33    14764.84
201602      204.10      367.17      259.49    16365.77    13821.39    13561.78
201603      203.82      366.28      257.17    15877.28    13624.23    13273.31
201604      221.61      394.48      279.25    16680.75    14514.02    14219.26
201605      226.05      403.27      283.14    17237.76    14651.12    14412.88
201606      226.89      403.82      284.01    17052.54    14476.91    14218.26
201607      195.36      324.24      264.03    16308.34    14302.82    11985.90
201608      207.20      342.90      277.97    16850.32    14979.03    12613.59
201609      210.54      348.69      287.88    17029.05    14996.42    12589.98
201610      214.92      353.22      294.88    17213.80    15103.15    12571.22
201611      210.39      342.19      279.84    16605.60    14612.45    11984.60
201612      209.42      333.03      274.70    16372.31    14164.81    11484.63
201701      217.27      349.20      284.04    17241.87    14878.08    11947.55
201702      229.35      366.32      297.72    17752.82    15217.73    12291.28
201703      230.01      370.74      300.68    17602.47    15436.14    12404.03
201704      235.61      383.29      307.82    18251.19    16168.62    12862.31
201705      247.45      405.73      328.79    18774.06    16923.25    13420.02
201706      256.71      422.39      346.04    19479.16    17596.10    14046.92
201707      245.35      388.32      319.03    17432.13    17821.77    12398.03
201708      256.20      404.17      332.92    18268.86    18295.34    12932.66
201709      253.26      403.92      334.80    18315.36    18397.00    12785.11
201710      258.23      415.65      345.61    18811.02    18932.95    13156.61
201711      254.60      409.64      346.12    18930.01    19065.45    13265.97
201712      254.05      409.63      345.49    19015.13    19073.12    13067.26
201801      263.22      420.40      354.90    19376.93    19256.32    13310.03
201802      282.09      441.10      378.65    20574.38    20252.47    13965.10
201803      269.19      423.65      359.72    19495.81    19112.44    13220.70
201804      264.89      417.04      356.23    19075.61    19077.67    13298.06
201805      268.37      424.37      361.15    19479.49    19391.97    13461.81
201806      260.18      411.70      358.58    18578.76    18682.56    13208.99
201807      238.00      392.25      322.86    18368.47    19596.12    11098.44
201808      237.38      396.48      326.87    18822.40    20263.51    11454.03
201809      231.33      390.22      323.12    18150.12    19676.57    11271.05
201810      228.07      386.08      319.33    18286.90    19805.54    11192.03
201811      203.63      354.55      284.44    16546.69    18389.72     9988.06
201812      197.32      347.28      277.18    16462.57    18238.00     9700.17
201901      185.78      334.66      261.91    15665.67    17536.25     9188.02
201902      199.02      357.29      281.38    16603.49    18491.58     9922.54
201903      202.40      365.32      284.56    16951.78    19141.18    10271.79
201904      199.65      358.53      282.74    16935.37    19289.65    10409.80
201905      207.53      372.26      293.30    17555.89    19887.87    10830.77
201906      193.39      357.20      280.47    16415.93    18754.37    10087.48
201907      228.91      415.02      310.66    18219.67    19987.94    12561.00
201908      222.74      397.16      300.02    17799.67    19503.96    12334.55
201909      218.12      386.12      287.84    17031.50    19202.66    12176.82
201910      222.48      392.94      290.26    17618.07    19549.11    12412.70
201911      230.18      406.02      303.53    17968.37    20240.08    13005.02
201912      236.52      416.48      317.01    18053.19    20667.00    13322.59
202001      250.15      441.05      340.19    18873.40    21437.66    13793.29
202002      242.57      431.14      333.13    18184.10    20980.54    13681.31
202003      220.29      396.83      304.39    16221.81    19311.26    12552.53
202004      172.00      314.98      243.56    13308.00    16688.47    10761.54
202005      188.18      343.46      275.47    13850.26    17609.62    11783.81
202006      196.53      359.49      296.44    14231.67    18373.17    12794.86
