This file was created using the 202006 Bloomberg database. It contains
value- and equal-weighted returns for the intersections of 2 ME portfolios
and 3 BE/ME portfolios in Europe.

The portfolios are constructed at the end of June.  ME is market cap at the end
of June.  BE/ME is book equity at the last fiscal year end of the prior calendar
year divided by ME as of  6 months before formation.  Firms with negative
BE are not included in any portfolio.

The annual returns are from January to December.

The break points include utilities and include financials.

The portfolios include utilities and include financials.

Missing data are indicated by -99.99.



  Average Value Weighted Returns -- Monthly
               Small                 Big
          Low     2    High    Low     2    High
199007   6.24   5.23   4.87   6.23   4.68   4.55
199008  -9.80 -10.05 -10.65 -10.46 -10.37 -10.21
199009  -9.99  -9.70 -10.03 -12.35 -11.87 -11.43
199010   4.43   5.59   4.22   7.95   8.25   5.92
199011  -2.29  -2.21  -2.07  -0.27   0.85   0.65
199012  -0.44   0.01  -0.05  -1.28  -0.99  -1.16
199101  -1.61  -1.65  -1.82   2.50   2.17   2.66
199102   8.53   9.27   9.32   7.97   7.20   8.51
199103  -3.85  -4.23  -4.63  -6.50  -6.47  -6.27
199104  -0.05  -0.62  -1.20  -0.33  -0.23  -0.35
199105  -2.23  -1.71  -2.24   1.13   1.46   1.39
199106  -6.05  -6.60  -6.78  -6.76  -7.08  -7.41
199107   2.75   2.87   2.83   6.19   6.56   5.39
199108   1.31   1.68   0.26   1.62   1.90   2.52
199109   4.69   6.00   4.40   3.42   2.86   3.62
199110  -2.36  -2.67  -3.60  -1.22  -2.50  -2.59
199111  -0.87  -0.76  -2.46  -0.50  -2.70  -2.53
199112   3.85   2.81   2.97   8.93   6.69   5.61
199201  -1.60  -0.54  -0.89  -0.99   0.17   0.88
199202  -0.01  -0.52  -0.66  -0.42  -0.38   0.59
199203  -3.14  -3.44  -2.73  -3.71  -3.04  -3.53
199204   3.97   4.76   3.86   5.10   6.16   5.07
199205   4.85   4.97   6.83   4.81   5.64   5.63
199206  -0.22  -0.55  -0.94  -0.61  -1.01  -1.58
199207  -4.67  -4.87  -5.72  -3.17  -3.54  -4.86
199208  -1.89  -1.82  -2.07  -0.39   0.02  -1.23
199209  -4.52  -6.39  -6.92  -2.18  -1.70  -3.43
199210  -9.74 -10.40  -8.20  -6.54  -8.57  -5.68
199211  -2.82  -3.08  -2.69  -0.30   0.41  -0.70
199212   3.20   2.19  -0.67   0.65   1.82   2.19
199301   4.16   4.20   4.13  -1.56  -0.15   4.36
199302   0.29   0.06   1.37  -0.31   2.32   2.08
199303   7.12   6.26   7.45   4.43   6.29   5.83
199304   5.09   4.20   7.06   1.52   1.05   3.40
199305   0.68   0.92   2.47   0.41   1.18   1.61
199306  -4.39  -4.20  -4.18  -4.31  -2.28  -1.46
199307  -1.13   0.42   2.18   0.30   1.46   3.00
199308   8.68   8.52  11.27   8.20   8.44  10.24
199309   0.02   0.80   0.19  -1.16   0.38  -1.25
199310  -0.56   1.15   1.61   2.59   3.53   1.95
199311  -1.32  -1.22  -1.82  -0.99  -2.27  -3.67
199312   3.89   4.79   6.80   6.34   8.30   8.65
199401   9.82  10.39  14.28   4.47   4.70   8.71
199402  -0.25   0.67   0.82  -3.80  -4.11  -2.85
199403  -2.10  -1.49  -0.54  -2.68  -3.71  -0.65
199404   3.00   3.05   4.70   3.99   3.74   5.25
199405  -2.10  -2.32  -1.78  -4.44  -3.72  -3.71
199406  -1.10  -1.09  -1.36  -0.18  -0.78  -1.92
199407   1.55   2.70   2.26   4.10   6.06   5.51
199408   2.49   1.85   0.62   3.43   2.87   0.06
199409  -0.98  -0.94  -0.35  -3.02  -4.14  -3.03
199410   1.02   1.22   1.22   4.23   4.93   3.36
199411  -4.88  -4.57  -4.30  -4.35  -4.11  -4.05
199412   0.73   0.37   0.84   1.01   0.32  -0.27
199501  -0.57   0.78   0.69  -1.38  -1.54  -0.72
199502   1.32   1.57   1.82   3.65   2.13   1.63
199503   3.49   2.01   1.64   5.51   4.02   2.42
199504   1.73   1.68   1.44   2.94   2.90   4.02
199505   2.28   2.35   1.99   2.22   1.80   3.43
199506   1.10   1.79   1.67   2.93   0.70   1.10
199507   4.04   2.88   2.28   4.45   4.82   4.15
199508  -1.89  -2.88  -3.17  -2.33  -3.61  -5.63
199509   3.28   2.10   1.36   3.72   2.68   1.78
199510  -0.84  -1.35  -1.59  -0.51  -0.25  -0.34
199511  -3.09  -3.13  -2.57  -0.33   0.67   0.70
199512   0.92   1.12   1.82   1.85   2.54   3.02
199601   0.74   0.89   1.04   0.63   1.20   0.58
199602   3.66   3.08   3.98   2.11   2.16   2.22
199603   0.90   1.52   2.09   1.33   1.21   1.16
199604   1.65   1.92   1.47   0.17   1.52   1.09
199605   3.79   3.00   3.75   1.98   1.75   1.46
199606  -0.18  -0.08   0.33   0.61   0.60   0.75
199607  -2.96  -1.35  -0.98  -1.34  -1.41  -1.38
199608   2.40   2.24   0.99   3.33   2.62   1.75
199609  -1.40  -0.44  -0.73   1.23   2.65   1.54
199610   3.42   2.74   2.22   2.25   2.27   0.84
199611   2.53   1.91   2.64   4.29   4.74   6.18
199612   2.10   2.11   2.96   2.17   2.56   2.81
199701   0.07   0.92   1.78  -0.78  -0.06   1.54
199702   1.71   1.79   1.37   1.12   0.94   0.97
199703   0.56   1.62   2.19   2.49   2.39   3.04
199704  -2.04  -1.94  -1.08  -0.24   0.27  -0.82
199705   2.12   4.37   3.93   4.31   5.08   4.70
199706  -0.20   1.00   1.51   3.89   5.15   4.26
199707  -2.83  -1.72   0.12   4.25   3.97   4.91
199708   1.70   0.27  -0.01  -5.28  -5.81  -5.31
199709   5.04   5.29   7.65   8.84   9.60  11.57
199710  -0.27  -1.27  -0.18  -5.07  -5.43  -3.40
199711  -1.83  -1.48  -1.89   1.29   1.83   0.37
199712  -1.19  -0.57   0.62   2.73   2.62   4.81
199801   2.30   0.70   4.16   4.85   2.50   3.92
199802   5.85   6.02   7.17   8.00   7.83   8.69
199803   8.47   6.85  10.90   4.17   7.98  10.80
199804   5.03   3.94   3.34   2.17   2.77   2.74
199805   5.64   3.89   4.74   1.28   2.36   4.21
199806  -2.56  -3.66  -3.79   0.62   0.87  -1.92
199807  -0.81  -1.20  -0.73   1.93   1.51   4.85
199808 -11.17 -11.02  -9.68  -9.16 -12.21 -15.67
199809  -4.64  -4.17  -3.44  -2.68  -3.84  -9.29
199810   1.21   2.00   2.04   7.42   7.45   8.25
199811   2.44   1.67   1.75   3.98   4.98   6.11
199812   1.38   0.49   0.57   5.11   2.81   2.12
199901   1.07  -1.51  -1.42   0.35  -0.41  -1.31
199902   1.36  -0.59  -0.01  -2.58  -1.35  -3.41
199903  -0.05  -0.27   1.42  -0.04   0.69   1.25
199904   3.36   3.89   4.43   0.45   5.65   3.13
199905  -0.22   0.98   1.17  -3.22  -3.92  -4.38
199906   1.46   1.72   2.92   2.25   2.13   1.84
199907   4.42   5.58   3.94   0.90   0.87   1.96
199908   6.64   5.15   3.64   0.73   1.34   1.53
199909   2.94   1.90   0.29   0.09  -0.65  -0.87
199910   2.28   1.73  -0.72   4.73   1.89   0.08
199911   9.40   1.12  -1.20   5.38   2.68  -2.44
199912   9.32   3.66   2.62  11.88   8.13   9.84
200001   5.85  -0.78  -2.08  -6.01  -8.82 -10.25
200002  13.95   5.93   0.59   7.27   6.48   1.73
200003  -6.89  -3.75  -0.50   0.53   3.40   0.80
200004 -14.41  -8.94  -5.13  -4.78  -5.00  -2.19
200005  -3.06   2.15   4.21  -1.93   2.53   3.13
200006   0.43   1.56   2.67  -0.59   1.72   3.45
200007  -2.63  -1.16  -0.98  -3.24  -0.11   1.73
200008  -0.84  -1.49   0.12  -1.57   0.07  -3.54
200009  -3.35  -2.40  -1.31  -6.52  -3.32  -3.29
200010 -12.95  -6.45  -3.70  -3.76  -0.75   2.08
200011 -13.12  -3.43   1.33  -8.84  -1.17  -0.99
200012   5.36   6.64   7.56   2.95   7.93   7.45
200101   0.52   2.38   3.40   0.75   1.01  -0.96
200102  -8.79  -4.03  -0.33 -16.26  -5.22  -6.23
200103 -13.41  -8.87  -7.08 -11.71  -8.21  -6.26
200104   4.05   4.76   5.25  13.33   6.32   5.62
200105  -5.14  -1.91  -0.53  -7.98  -3.44  -4.23
200106  -9.40  -2.75  -1.44  -6.73  -1.63  -2.21
200107  -6.24  -1.35   0.69  -0.32  -0.33   0.55
200108  -2.72   0.30   2.28  -4.56  -0.43  -1.46
200109 -20.59 -16.13 -12.17  -8.85 -11.61 -12.61
200110   8.79   4.78   2.44   4.17   2.44   4.05
200111   8.56   6.74   4.37   4.81   2.55   6.67
200112  -0.12  -0.21   1.32   1.44   2.25   2.80
200201  -3.62  -2.62   0.03  -5.55  -3.95  -5.84
200202  -2.54   0.15   2.51   1.04   0.85  -0.87
200203   4.03   4.81   4.75   3.82   6.38   4.74
200204  -1.10   2.42   5.47  -3.08   1.19   0.00
200205  -0.63   3.18   3.90  -2.56   1.44   2.12
200206  -4.46  -0.66   1.35  -1.47  -3.22  -2.39
200207 -10.06  -8.44  -6.77 -10.81 -11.83  -7.85
200208  -2.96  -0.88  -1.08  -0.56   0.66   1.77
200209 -12.62 -11.36  -8.34  -8.67 -16.10 -16.74
200210   3.75   2.03   1.83   8.45  11.07   8.54
200211   5.72   4.92   3.91   2.18   6.41   8.36
200212  -2.91   0.77   3.64  -2.95  -3.48  -2.92
200301  -2.67  -1.06   0.08  -4.19  -3.77  -1.85
200302  -4.01  -2.95  -2.03  -4.36  -2.70  -2.99
200303  -0.86  -0.37  -0.83  -0.73  -1.94  -1.72
200304  12.21  11.66  10.58  12.44  14.05  14.43
200305  10.32  10.40  10.50   6.81   7.32   9.02
200306   3.36   3.14   2.72   0.00   1.80   1.37
200307   1.59   2.41   4.60  -1.09   3.15   3.72
200308   3.22   2.53   3.83   0.73  -0.75   0.18
200309   5.00   5.18   5.98   3.34   2.19   2.49
200310   4.39   5.47   6.75   4.24   6.77   9.22
200311   4.07   4.88   4.87   4.77   4.25   4.79
200312   5.21   5.64   5.91   7.32   7.90   7.61
200401   4.36   5.84   7.45   1.48   2.00   3.15
200402   3.62   3.99   4.65   2.92   3.46   2.65
200403  -3.02  -2.38  -2.35  -3.39  -2.55  -4.54
200404  -2.40  -1.36  -1.81  -1.28  -1.08  -0.13
200405   0.33   0.99   0.20   2.23   1.54   0.70
200406   3.02   2.78   3.53   1.35   1.92   2.80
200407  -3.35  -2.91  -2.85  -3.78  -2.22  -3.40
200408  -0.64   0.01   0.98  -0.18   1.03   0.83
200409   4.14   4.31   4.41   3.11   4.76   4.41
200410   4.37   4.55   4.05   3.51   4.30   5.22
200411   8.38   8.87   9.84   6.13   6.55   8.14
200412   4.10   5.40   4.96   4.20   4.41   4.63
200501   0.97   2.19   2.99  -2.37  -0.89  -1.20
200502   5.06   5.04   6.27   4.12   4.94   5.06
200503  -3.05  -2.42  -2.19  -2.01  -2.69  -2.35
200504  -2.95  -2.25  -0.69  -1.00  -3.05  -3.45
200505  -1.92  -0.83  -0.56   0.30  -0.01   1.27
200506   1.07   2.97   3.29   0.17   3.11   1.36
200507   3.91   4.81   4.85   3.47   3.87   5.21
200508   4.64   4.40   3.73   1.84   1.97   2.54
200509   1.27   1.66   1.80   2.31   1.42   2.04
200510  -4.12  -4.12  -3.61  -2.29  -4.00  -1.98
200511   1.40   0.92   1.60   0.83   2.15   1.77
200512   4.46   4.95   4.51   3.32   4.58   4.17
200601   8.56   8.38   9.48   5.15   6.85   7.72
200602   2.22   3.37   3.04  -0.17   0.60   1.91
200603   4.13   5.33   6.09   4.07   3.74   5.53
200604   7.47   7.18   7.23   5.97   4.86   5.56
200605  -3.81  -4.14  -4.29  -2.80  -3.19  -3.40
200606  -1.78  -1.15  -1.15   1.00   0.45  -0.66
200607  -1.00  -0.43   0.62   0.62   1.78   2.22
200608   3.03   2.34   3.41   3.22   2.76   3.60
200609   1.84   0.58   0.90   0.18   1.11   1.79
200610   3.40   4.47   5.27   3.89   3.94   5.02
200611   6.35   6.26   6.51   3.30   4.29   3.82
200612   5.12   4.12   4.44   2.75   3.51   4.50
200701   1.81   3.44   3.12   1.11   0.27   1.34
200702   0.71   1.67   0.84   0.16  -0.50  -0.16
200703   3.93   4.70   5.13   3.95   4.93   2.83
200704   5.20   5.99   5.91   5.00   6.09   6.80
200705   0.94   1.44   1.01   1.11   2.30   2.15
200706  -0.80  -0.26  -0.02   0.25   0.35   0.28
200707  -0.67   0.35  -0.15  -1.41  -1.87  -2.63
200708  -4.59  -5.18  -3.53  -0.50  -1.59  -1.69
200709   2.35   1.68   1.88   6.68   4.89   5.46
200710   5.58   5.52   4.03   4.65   5.01   4.28
200711  -8.40  -7.57  -7.27  -0.72  -2.87  -5.38
200712  -3.39  -2.36  -2.43  -2.97  -1.18  -1.47
200801 -10.46  -9.51  -8.10  -8.41  -9.99 -10.81
200802   4.21   4.80   4.64   2.23   2.57   0.74
200803  -0.52  -0.09   0.04  -1.54   0.05   2.65
200804   1.65   3.48   1.53   4.42   5.44   4.52
200805   1.42   1.71   1.37   1.75   1.81  -0.54
200806  -7.94  -6.78  -5.98  -6.84  -8.73 -10.18
200807  -5.30  -4.63  -5.67  -3.04  -5.33  -0.75
200808  -4.14  -4.16  -4.32  -3.98  -5.01  -3.97
200809 -17.97 -17.53 -16.85 -13.77 -16.21 -13.02
200810 -25.82 -26.46 -27.04 -19.10 -20.58 -24.93
200811  -8.11  -7.53  -9.20  -4.75  -6.16 -10.97
200812   3.38   5.19   6.87   6.43   8.03   5.31
200901  -5.20  -7.62  -7.28  -8.84 -11.16 -14.81
200902  -4.67  -6.18  -7.17  -7.71 -10.21 -13.79
200903   6.47   4.07   4.72   6.16   5.92  10.73
200904  16.67  15.15  16.37   8.41  12.23  22.20
200905  14.84  13.53  13.20  12.50  13.72  11.41
200906   0.59  -0.18  -1.18  -0.92  -2.99  -1.56
200907   6.40   6.36   8.16   8.30  10.27  14.11
200908   4.57   7.34  11.50   2.70   4.35  10.81
200909   6.32   6.97   7.68   4.92   5.19   5.84
200910   0.08  -0.50  -1.30  -0.03  -1.39  -5.22
200911   1.58   1.05   0.54   3.59   3.57   2.16
200912  -0.42  -0.77  -1.17   1.68   1.44  -0.03
201001  -0.83  -1.28  -1.15  -3.78  -6.41  -7.18
201002  -2.37  -2.43  -3.55  -0.78  -2.25  -3.18
201003   3.95   5.78   7.23   4.48   6.14   9.73
201004   1.49   0.87   0.78  -2.87  -0.81  -2.75
201005 -11.12 -11.92 -14.02 -10.07 -12.01 -14.37
201006  -0.65   0.31  -2.16   1.23  -2.38  -1.69
201007  10.18  10.27  11.31   9.18  11.43  17.29
201008  -4.24  -4.13  -4.86  -1.87  -4.39  -6.66
201009  13.06  12.97  11.37  10.64  12.04  11.76
201010   5.61   5.45   5.23   4.62   5.02   5.15
201011  -7.39  -6.09  -8.39  -5.95  -7.56 -11.88
201012  10.38  11.89  11.10   7.70   9.50   9.20
201101   2.43   3.55   4.93   0.18   3.48   8.72
201102   1.66   1.90   2.57   3.04   3.03   3.54
201103   1.97   2.16   1.00   0.98  -0.54  -1.70
201104   7.21   6.77   7.02   8.76   8.27   7.59
201105  -2.50  -2.66  -3.49  -1.00  -3.57  -4.58
201106  -3.17  -3.24  -3.23  -1.80  -2.13  -1.52
201107  -2.23  -2.62  -4.35  -0.76  -2.48  -6.75
201108  -8.82  -9.32 -10.03  -6.86 -10.35 -13.13
201109 -10.97 -13.00 -13.80 -11.02 -11.69 -11.78
201110   9.06   7.65   6.82  10.95  11.86  11.00
201111  -5.88  -7.15  -8.59  -3.06  -3.89  -6.87
201112  -3.12  -2.54  -3.79  -1.68  -1.81  -2.95
201201   8.55   8.46   7.81   4.46   4.90   7.09
201202   8.19   7.51   7.49   5.96   6.74   5.93
201203   0.84   0.90   0.15   1.37  -0.45  -1.07
201204  -0.52  -0.64  -2.68  -0.13  -1.32  -6.33
201205 -11.41 -12.09 -13.00 -10.40 -12.83 -13.76
201206   2.97   3.05   4.03   6.12   6.47  11.08
201207   0.12  -0.69  -1.50   2.02   1.06  -1.50
201208   4.06   3.95   6.00   2.95   3.80   7.75
201209   4.72   4.37   6.02   2.69   2.36   5.67
201210   1.03   1.00   1.66   0.73   1.01   4.18
201211   0.15   0.35  -0.08   3.49   1.58   2.75
201212   4.66   5.03   7.12   1.44   3.31   5.15
201301   4.16   6.82   8.99   4.44   6.17   8.08
201302   0.13  -0.22  -2.08  -0.56  -2.64  -5.24
201303  -0.25  -1.50  -2.00   2.16   0.32  -4.80
201304   1.93   2.47   4.45   2.74   3.66   7.33
201305   1.98   1.55   3.10  -1.10   0.94   3.55
201306  -1.92  -2.69  -3.60  -3.61  -4.63  -6.83
201307   5.37   6.36   6.76   5.95   7.28  10.10
201308   1.79   1.18   2.35  -0.98  -1.63  -0.40
201309   6.85   7.22   7.72   5.87   7.67   7.61
201310   2.06   4.25   6.51   2.41   4.13   6.74
201311   2.85   2.55   0.96   0.57   1.82   1.34
201312   3.08   2.67   2.79   2.28   2.51   2.14
201401  -1.20   0.29   1.29  -4.68  -3.46  -2.21
201402   7.39   7.25   8.68   7.46   7.16   7.44
201403  -1.85  -0.44   1.38  -0.80  -0.55  -0.46
201404  -0.70  -0.10   0.38   2.10   2.20   1.93
201405  -0.06   0.31   0.21   1.30   1.05   0.19
201406   0.09   0.65  -0.83   1.01  -0.02  -1.31
201407  -4.42  -4.89  -4.16  -3.91  -4.74  -3.63
201408  -0.32  -0.83  -1.44   0.59   0.01  -0.26
201409  -5.92  -5.07  -6.34  -3.14  -3.91  -3.42
201410  -2.73  -2.86  -5.78  -0.81  -2.64  -4.14
201411   1.41   0.63   0.53   3.12   3.46   0.13
201412  -0.60  -1.47  -3.23  -3.05  -3.63  -5.21
201501  -1.36  -1.82  -2.31   2.23   0.86  -3.78
201502   7.10   6.90   7.43   4.48   5.91   7.98
201503  -2.80  -2.38  -2.86  -1.57  -2.62  -2.36
201504   7.23   6.33   6.71   3.93   4.57   5.24
201505   2.48   1.79  -0.32   0.85  -0.31  -1.53
201506  -0.78  -1.04  -1.38  -3.73  -2.67  -2.86
201507   2.58   2.13   0.31   4.07   2.38   1.02
201508  -2.35  -2.76  -2.99  -6.07  -5.75  -7.41
201509  -2.35  -3.15  -4.35  -2.50  -2.94  -7.76
201510   4.14   4.01   2.53   6.29   6.92   6.37
201511   0.92  -1.22  -3.26  -0.81  -1.51  -2.24
201512   1.74   2.23   0.49  -1.87  -1.85  -3.13
201601  -8.28  -6.92  -6.52  -4.93  -4.84  -9.67
201602  -0.82  -0.27  -0.13  -2.20  -1.25  -2.13
201603   6.96   8.68   9.08   5.91   7.53   6.15
201604   1.32   1.20   3.38   0.87   1.42   5.53
201605   2.24   1.44  -0.74   0.74  -0.37  -2.02
201606  -8.84  -7.02  -6.02  -2.07  -4.50  -8.16
201607   6.29   5.38   5.95   3.73   4.78   4.50
201608   2.04   2.64   2.16  -1.15   0.59   2.57
201609   2.28   1.20   1.91   0.42   1.70   0.51
201610  -5.33  -4.45  -1.38  -6.72  -4.16   2.05
201611  -2.34  -1.27  -1.61  -4.11  -2.76  -1.01
201612   3.43   3.92   4.57   3.57   4.45   6.40
201701   4.43   4.71   4.95   2.46   2.66   2.88
201702   0.86   1.32   0.15   2.65   1.67  -1.85
201703   2.45   3.66   3.25   4.34   4.40   4.53
201704   6.79   7.28   5.25   4.33   6.00   3.27
201705   4.94   5.48   4.84   5.88   4.94   4.39
201706  -0.10   0.87   1.50  -1.98  -0.88   0.49
201707   3.66   3.92   5.02   1.52   3.33   5.36
201708   0.38  -0.28   0.43   0.87   0.43  -0.59
201709   3.43   2.87   2.05   1.73   2.93   4.04
201710   0.05  -0.38  -0.26   0.53   1.15   0.60
201711  -1.03  -0.17   0.72   0.06  -0.30   0.88
201712   2.90   2.68   3.26   1.16   1.23   1.81
201801   6.94   5.99   6.09   4.11   5.36   7.16
201802  -3.41  -4.23  -4.82  -5.28  -5.48  -5.37
201803  -1.45  -0.76  -0.92   0.38   0.17  -2.02
201804   1.17   1.82   1.98   1.48   2.06   3.67
201805   0.58  -1.42  -3.51  -0.32  -1.55  -6.18
201806  -1.03  -1.84  -1.74   0.64  -0.95  -1.77
201807   0.79   1.16   1.37   3.33   2.18   3.57
201808  -1.48  -1.49  -2.13   0.11  -3.29  -4.52
201809  -1.62  -1.44  -0.16  -0.86  -0.35   2.34
201810 -11.13  -9.87  -8.70  -8.40  -8.31  -7.87
201811  -1.79  -2.25  -2.56  -0.70  -1.29  -1.07
201812  -6.50  -4.79  -3.69  -3.66  -4.74  -4.56
201901   7.56   7.03   6.38   6.73   6.45   5.99
201902   2.20   1.28   1.91   4.43   3.09   2.28
201903  -0.28  -1.50  -0.77   2.90   1.11  -1.26
201904   4.86   4.69   2.73   4.03   3.88   4.05
201905  -3.33  -5.28  -3.20  -3.42  -5.72  -6.64
201906   3.89   3.88   3.29   7.05   6.91   5.01
201907  -4.55  -3.58  -2.59  -1.59  -1.81  -3.48
201908  -2.92  -3.47  -2.34  -0.31  -1.85  -4.73
201909   1.14   1.88   2.25   0.31   2.16   5.37
201910   4.89   4.01   4.03   4.00   2.23   3.84
201911   5.94   3.11   2.33   2.10   2.01   1.13
201912   6.77   6.52   6.97   3.72   3.84   4.32
202001  -1.44  -2.29  -2.95  -0.59  -2.18  -4.99
202002  -8.44  -8.97  -8.63  -8.23  -9.10  -9.43
202003 -15.36 -20.08 -23.32  -8.59 -14.65 -22.56
202004  14.11  11.11   8.29   6.96   6.43   5.05
202005   8.79   5.73   4.28   6.71   5.48   2.98
202006   3.34   3.56   2.97   2.51   4.68   6.30



  Average Equal Weighted Returns -- Monthly
               Small                 Big
          Low     2    High    Low     2    High
199007   5.72   4.31   4.74   5.61   4.84   4.04
199008  -8.29  -9.75  -9.18 -11.05 -12.01 -12.57
199009  -9.58  -9.63  -9.24 -12.96 -13.18 -13.23
199010   3.62   4.21   2.95   7.05   6.66   5.48
199011  -3.55  -3.06  -2.51  -1.67  -1.28  -1.77
199012  -0.84  -0.54  -0.04  -1.25  -0.53  -0.15
199101  -2.80  -2.42  -2.21   1.06   0.43   0.94
199102  10.12   9.87   8.83   9.87  10.40  12.50
199103  -1.44  -2.12  -2.19  -5.72  -6.06  -5.46
199104  -0.22  -0.30  -1.29  -0.77  -1.11  -2.28
199105  -2.03  -2.86  -3.00   0.29   0.70   0.77
199106  -6.77  -7.40  -6.65  -5.93  -6.63  -6.86
199107   2.31   2.98   2.65   3.80   4.48   4.45
199108   0.19   1.50   0.52   1.63   1.19   3.15
199109   5.21   7.22   7.13   2.83   2.80   2.89
199110  -3.39  -2.21  -3.21  -2.89  -3.60  -3.54
199111  -0.55  -0.96  -1.19  -1.48  -3.00  -2.87
199112   3.65   3.61   3.31   5.35   5.16   4.38
199201  -2.13  -2.54  -2.35  -0.81   1.75   1.88
199202   0.30  -0.69  -0.22   0.03  -0.23  -0.59
199203  -3.78  -3.58  -3.07  -2.73  -3.01  -2.98
199204   3.24   5.25   6.40   3.62   4.79   4.83
199205   6.52   6.67   7.55   3.43   4.95   4.86
199206  -0.46  -0.28  -0.37  -0.55  -1.76  -2.19
199207  -4.64  -4.86  -5.78  -3.51  -5.43  -6.86
199208  -2.08  -1.59  -1.99  -2.24  -1.41  -2.25
199209  -6.10  -7.24  -7.82  -3.49  -4.58  -7.11
199210 -10.15 -10.89  -8.71  -6.50  -6.84  -3.18
199211  -3.17  -2.88  -2.12  -0.95  -0.57  -1.12
199212   3.12   2.28   0.05   0.77   1.81   0.88
199301   7.15   5.40   6.10   1.75   2.85   5.51
199302   1.82   1.17   1.65   0.93   2.17   1.25
199303   7.59   6.90   8.72   5.72   5.45   5.62
199304   5.95   5.65   7.07   2.28   4.10   6.87
199305   0.89   2.64   4.10   0.81   0.58   2.14
199306  -4.77  -4.85  -3.63  -3.91  -3.99  -3.35
199307  -0.91   0.24   4.67   1.06   1.84   3.33
199308   8.88   8.07  11.19   8.06   8.92  11.43
199309   1.31   1.21   1.69  -1.07   0.12  -1.88
199310  -1.04   0.91   1.13   1.93   2.20   1.81
199311  -1.08  -0.01  -0.30  -1.46  -2.28  -3.29
199312   3.57   5.37   5.92   6.10   7.70  10.17
199401  11.44  11.27  16.20   6.28   8.06  11.66
199402   0.68   1.22   2.87  -1.76  -2.33  -1.69
199403  -1.99  -0.32   0.23  -1.60  -1.41   0.83
199404   3.76   3.04   4.72   3.43   4.60   6.26
199405  -2.04  -2.04  -0.85  -3.61  -3.84  -3.97
199406  -1.63  -0.62  -0.63  -0.21  -1.42  -1.98
199407   0.87   2.13   1.76   4.21   5.34   3.93
199408   2.44   1.20   1.29   1.92   1.86  -0.39
199409  -0.74  -0.56   0.93  -2.48  -3.46  -1.87
199410   0.78   0.89   1.39   3.10   2.89   1.76
199411  -5.41  -4.32  -4.44  -4.60  -4.17  -4.38
199412   0.70   0.54   1.52   0.87   0.79   0.34
199501   1.17   0.28   1.02  -1.87  -1.07  -0.37
199502   0.68   1.33   1.90   2.81   2.08   1.39
199503   1.90   2.27   2.15   3.95   2.12  -0.34
199504   1.29   0.71   1.08   2.30   3.66   3.88
199505   2.49   1.74   1.95   2.35   1.95   2.82
199506   0.36   1.21   2.03   2.50   1.00   0.94
199507   3.59   3.35   2.26   3.91   4.28   3.80
199508  -1.58  -2.84  -2.61  -2.67  -4.00  -5.13
199509   2.90   2.65   2.78   2.54   2.09   1.60
199510  -0.32  -0.25  -0.87  -1.51  -1.52  -2.35
199511  -2.81  -3.10  -2.32  -2.25  -0.20  -1.46
199512   1.34   1.04   1.15   2.35   2.29   2.46
199601   0.43   0.24   0.57   1.21   1.10   1.63
199602   4.30   3.19   3.59   3.34   3.29   3.34
199603   0.30   1.24   2.12   1.76   1.24   0.28
199604   0.89   1.45   1.56   0.53   2.18   2.05
199605   4.18   3.64   3.86   2.90   1.95   2.71
199606  -0.49  -0.24   0.75   0.43  -0.13  -0.36
199607  -1.87  -0.53   1.00  -2.13  -1.51  -1.61
199608   2.08   2.13   1.37   3.11   2.02   1.94
199609  -1.49  -1.29  -0.67   0.12   1.02   0.03
199610   1.42   1.66   2.02   2.41   1.67   0.73
199611   2.18   1.94   2.77   2.64   3.30   4.93
199612   1.42   1.71   2.43   1.62   2.42   4.03
199701   0.04   0.57   1.17  -0.81   0.50   3.42
199702   3.74   2.83   2.36   0.65   0.32   1.31
199703   0.62   1.33   2.21   1.18   2.17   2.76
199704  -1.94  -1.66  -0.92  -2.28  -1.71  -0.96
199705   1.49   3.60   3.56   3.50   3.57   3.45
199706  -0.50   0.40   1.18   2.08   3.68   3.45
199707  -3.37  -2.33  -1.71   1.44   1.77   3.18
199708   1.28   1.18   0.76  -2.31  -2.57  -2.62
199709   4.51   4.94   5.85   7.27   7.70   9.54
199710  -0.25  -0.34   0.33  -3.67  -3.90  -2.60
199711  -1.95  -1.62  -1.18   0.96   0.71  -0.77
199712  -1.09  -1.96  -0.57   0.95   0.84   3.84
199801   2.03   0.91   2.83   2.34   2.14   4.69
199802   5.35   4.92   6.30   7.35   7.37   8.90
199803   6.75   6.38   7.69   7.14   8.24  11.93
199804   4.82   4.51   5.58   2.89   4.76   2.93
199805   4.84   4.43   4.28   2.36   3.14   3.45
199806  -2.91  -2.35  -2.49  -2.68  -2.33  -4.34
199807  -1.15  -0.97  -0.03   2.75   1.95   1.67
199808 -10.17  -9.24  -6.76 -11.26 -10.94 -12.93
199809  -3.81  -3.68  -2.14  -3.26  -4.57  -6.15
199810  -0.47   0.12   0.70   6.38   7.57   6.50
199811   2.10   1.22   1.31   3.03   2.25   5.36
199812   1.12  -0.43   0.52   2.29   2.50   1.04
199901   2.48   0.43   0.69   1.51  -1.80  -1.76
199902   0.67  -0.89   0.46  -1.94  -2.03  -1.82
199903   1.14   0.20   1.45  -0.15   0.39   2.58
199904   3.94   5.25   4.78   3.11   5.55   5.11
199905   0.79   2.06   3.75  -1.25  -2.34  -2.46
199906   1.67   2.33   3.04   1.94   1.97   2.16
199907   4.55   7.07   5.26   2.28   1.51   2.92
199908   3.95   4.71   2.95   0.89   1.20   1.11
199909   1.79   1.81   1.76  -0.29  -0.33  -0.21
199910   0.14   0.42  -0.20   1.50  -0.71  -2.03
199911  10.30   4.09   0.84   5.56  -0.77  -1.34
199912  11.01   6.43   4.29   9.61   6.87   6.97
200001   8.66   4.64   2.16  -5.93  -7.07  -8.91
200002  10.71   6.17   1.59   6.50   2.82   0.99
200003  -1.43   0.16   0.69   1.10   3.33   4.18
200004 -10.64  -7.50  -5.34  -6.17  -2.92  -3.23
200005  -2.33   2.46   3.84   0.33   4.03   4.04
200006   0.92   1.14   2.71   1.13   1.76   2.38
200007  -4.04  -2.07  -1.03   3.44   0.04  -0.28
200008  -2.28  -1.00  -0.53   0.42  -0.43  -0.68
200009  -2.62  -1.75  -1.06  -5.98  -2.15  -2.51
200010 -14.33  -7.53  -4.43  -7.41  -1.86   0.31
200011 -12.37  -4.39   0.09 -12.93  -0.61   2.90
200012   2.36   3.43   5.86   5.89   8.11   8.04
200101   3.94   5.86   3.90   5.75   1.86   1.02
200102  -6.70  -5.37  -1.21 -13.95  -3.12   0.26
200103 -12.27  -9.38  -7.03 -16.10  -8.61  -8.14
200104   3.73   3.95   4.26  13.48   5.90   4.71
200105  -6.64  -2.70  -0.88  -6.01  -3.11  -1.69
200106 -11.50  -4.97  -1.05 -10.37  -2.52  -2.39
200107  -5.99  -2.66  -0.28  -1.35  -0.03   1.19
200108  -2.90  -0.12   1.46  -3.42   0.61   0.52
200109 -19.32 -15.77 -11.47 -15.02 -13.03 -14.93
200110  11.57   6.71   3.64  10.26   3.65   4.66
200111   8.55   7.68   4.62   9.04   5.37   6.80
200112  -1.36  -1.46   0.28   0.41   1.67   1.91
200201  -3.20  -2.16  -0.50  -5.42  -1.81  -0.96
200202  -3.94  -2.45   0.59  -1.49   0.97   1.86
200203   2.92   3.32   3.88   6.07   6.97   5.24
200204  -2.00   0.24   3.44  -4.08   2.75   2.79
200205  -1.30   0.93   3.17  -1.02   2.06   2.46
200206  -5.67  -2.31   1.54  -4.76  -3.07  -1.31
200207  -7.53  -8.21  -6.25 -11.73 -10.73  -8.36
200208  -3.06  -1.78  -0.33  -0.10   0.64   0.03
200209 -13.15 -12.30  -8.67 -12.37 -12.28 -13.38
200210   3.27   3.43   2.50   9.26   8.96   6.49
200211   7.34   6.82   5.39   7.74   6.99   7.30
200212  -2.49  -2.04   2.44  -4.82  -1.60  -0.84
200301  -0.90  -1.40   1.13  -2.60  -2.05  -1.74
200302  -5.54  -4.18  -3.20  -5.66  -4.16  -3.61
200303  -2.05  -2.18  -1.15  -0.41  -0.30  -0.71
200304  13.21  13.92  11.71  16.40  15.60  18.55
200305  12.06  12.25  12.29  10.65   8.71   9.80
200306   4.30   5.56   5.42   0.31   1.48   2.71
200307   1.69   3.14   5.16   2.28   2.33   5.27
200308   3.98   3.92   4.97   1.72   1.03   1.87
200309   7.15   6.65   8.11   4.35   4.28   4.24
200310   4.59   5.42   5.25   5.93   6.14   7.66
200311   5.16   4.49   4.84   4.17   4.43   5.03
200312   4.14   5.06   5.09   6.02   6.36   5.49
200401   7.94   7.42   9.30   3.43   3.43   3.77
200402   4.65   4.47   4.78   3.81   3.29   3.45
200403  -3.69  -2.88  -2.75  -2.79  -1.48  -3.28
200404  -2.93  -1.77  -1.87  -1.50  -0.66  -0.91
200405  -0.52  -0.43  -0.21   2.26   1.50   0.68
200406  -0.04   1.11   1.71   2.10   2.38   3.75
200407  -3.97  -2.60  -2.62  -3.90  -3.75  -2.38
200408  -1.28  -0.24  -0.02   0.14   1.07   0.59
200409   2.95   3.21   3.52   4.30   4.77   4.09
200410   3.47   4.55   4.93   4.27   4.31   4.46
200411   7.04   8.06   8.74   7.04   7.49   8.54
200412   3.05   3.97   4.65   4.44   5.33   5.50
200501   1.86   2.68   3.73  -0.95   1.05   0.21
200502   6.64   6.12   7.46   3.70   5.15   5.92
200503  -3.21  -2.80  -1.93  -2.75  -2.19  -2.64
200504  -3.39  -2.25  -2.05  -2.80  -2.92  -3.07
200505  -3.64  -2.44  -2.31   0.20   0.39   1.17
200506   1.06   1.69   2.35   0.92   2.09   1.80
200507   2.27   3.69   4.84   3.68   4.97   4.46
200508   4.87   4.65   4.57   2.75   3.79   3.13
200509  -0.21   1.27   0.40   2.03   2.58   1.63
200510  -4.58  -3.44  -2.10  -3.74  -3.34  -4.24
200511  -0.14   0.24  -0.36   1.85   1.97   2.57
200512   3.66   3.72   4.04   4.32   5.71   5.06
200601   9.85   8.83   9.01   6.67   7.54   9.38
200602   2.02   2.19   2.89   0.52   1.26   3.10
200603   4.66   5.10   4.67   4.17   4.62   6.42
200604   7.51   6.53   7.82   6.63   5.81   5.80
200605  -3.84  -3.90  -2.21  -3.56  -3.58  -3.86
200606  -2.72  -2.02  -1.53   0.19   0.43   0.19
200607  -1.17  -0.59   0.08  -0.24   0.46   2.13
200608   2.77   2.36   3.45   3.16   4.20   3.09
200609   0.44  -0.20  -0.12   1.16   2.33   2.08
200610   1.87   2.51   3.29   4.53   4.41   5.15
200611   5.36   5.14   5.63   4.85   4.80   4.84
200612   3.68   3.93   2.77   3.43   4.65   5.15
200701   3.95   3.78   4.39   1.03   2.02   1.68
200702   0.76   1.10   2.10   0.66   0.24   0.35
200703   2.86   3.37   4.04   5.01   5.84   5.16
200704   5.04   6.07   5.66   4.71   5.51   6.19
200705  -0.23   0.65   1.93   1.51   1.58   0.52
200706  -0.13   1.00   2.00  -0.46  -1.03  -0.96
200707  -0.24   0.23   0.29  -0.78  -1.03  -1.70
200708  -5.29  -5.20  -3.94  -1.88  -2.16  -2.90
200709   2.43   1.98   2.24   4.73   3.12   2.95
200710   2.99   2.78   2.18   5.09   4.38   3.46
200711  -7.32  -7.72  -6.06  -5.08  -4.97  -6.62
200712  -3.87  -2.60  -3.14  -2.56  -2.20  -2.08
200801  -7.88  -7.97  -6.14  -9.13  -9.00  -9.72
200802   3.17   3.79   3.15   3.91   3.93   3.19
200803  -2.00  -1.87  -1.36   0.79   2.05   2.31
200804   1.23   2.11   1.27   3.23   2.56   3.07
200805   0.80   1.36   0.74   1.63   0.98  -0.10
200806  -7.38  -6.40  -4.79  -9.18 -10.35 -10.98
200807  -5.35  -5.83  -6.16  -3.83  -5.32  -3.98
200808  -6.08  -5.61  -5.48  -4.10  -3.37  -2.47
200809 -15.19 -16.40 -15.65 -16.43 -16.23 -16.15
200810 -25.39 -26.17 -25.49 -25.40 -24.81 -26.82
200811  -7.85  -8.10  -7.21  -6.11  -7.54  -8.53
200812   0.00   1.42   2.05   7.41   7.51   7.50
200901  -2.32  -3.89  -2.72  -7.38  -8.44 -11.42
200902  -4.16  -4.26  -5.01  -5.83  -9.95 -11.55
200903   8.01   4.45   4.71   6.98   9.31  13.52
200904  16.72  19.30  19.70  17.64  19.41  25.89
200905  16.98  16.54  15.89  13.81  14.43  14.75
200906   0.29   1.38  -0.30  -0.54  -1.88  -2.37
200907   4.17   4.13   5.24   6.79   9.83  12.35
200908   4.26   6.49   9.62   3.74   6.05   9.92
200909   7.07   5.34   6.38   6.13   6.10   7.10
200910  -0.02   0.60   1.32  -1.61  -1.25  -3.72
200911   0.45   0.60  -0.34   3.70   2.98   1.42
200912  -2.69  -1.99  -2.96   2.07   0.30  -0.16
201001  -0.07  -0.43   0.06  -2.89  -3.61  -4.21
201002  -3.17  -2.16  -3.45  -1.30  -2.53  -3.12
201003   1.37   3.24   4.00   5.51   7.25   9.00
201004   1.57   0.88   1.33  -1.71  -0.03  -1.30
201005 -10.94 -10.75 -11.72 -10.77 -12.28 -14.56
201006  -0.83   1.07  -0.40   0.64  -0.67  -3.49
201007   7.61   8.75   9.60  10.96  11.65  14.73
201008  -4.35  -3.29  -2.88  -2.81  -4.29  -6.03
201009  12.09  11.98  10.08  11.98  13.45  12.45
201010   3.59   4.84   4.78   5.30   5.02   5.02
201011  -5.93  -6.25  -6.39  -5.78  -6.87 -10.40
201012   8.50   9.87   8.06   9.08  11.89  10.75
201101   6.20   6.08   6.72   1.03   2.33   6.49
201102   1.89   2.05   3.21   2.67   3.02   2.95
201103   1.22   1.19   0.47   1.94   1.94   0.10
201104   6.09   6.77   6.77   7.47   7.84   8.02
201105  -2.16  -1.74  -3.03  -2.32  -2.97  -4.50
201106  -4.13  -3.24  -2.90  -1.88  -3.07  -3.48
201107  -2.20  -1.08  -1.46  -2.62  -3.71  -7.37
201108  -8.28  -7.63  -7.46  -6.75  -9.59 -11.98
201109 -11.11 -11.39 -11.17 -12.57 -13.36 -13.13
201110   6.21   5.34   4.07  11.20  11.22   8.16
201111  -7.40  -7.04  -6.50  -2.46  -5.46  -8.77
201112  -1.97  -2.67  -3.61  -3.13  -3.25  -3.27
201201   8.30   9.67   9.01   8.82   8.72  12.77
201202   7.35   7.75   7.81   9.96   6.63   6.85
201203  -0.05   0.36   0.38   1.06   0.52  -1.27
201204  -2.14  -1.05  -2.78   0.85  -1.61  -5.60
201205 -12.01 -11.38 -11.59 -12.01 -13.60 -15.57
201206   1.03   2.14   2.77   5.40   5.71   9.86
201207  -1.75  -1.61  -1.79   1.82   1.19  -1.16
201208   3.68   5.23   4.56   3.70   3.78   6.93
201209   3.31   3.95   5.22   3.06   3.72   5.67
201210   0.33   0.39   0.74   0.93   1.26   2.41
201211  -0.71  -0.69  -0.53   2.57   1.30   0.40
201212   4.88   3.81   5.66   2.31   3.41   5.40
201301   7.17   7.30  10.04   3.59   6.13   8.66
201302  -2.43  -2.30  -3.18  -0.60  -0.95  -4.27
201303  -1.88  -1.99  -2.06   0.78  -0.85  -3.86
201304   0.84   1.40   2.18   2.19   3.35   7.11
201305   0.21   0.35   1.50   0.36   1.26   2.31
201306  -0.92  -1.87  -2.11  -3.33  -4.26  -6.78
201307   4.35   4.13   4.77   7.48   8.35   9.35
201308   3.81   3.07   4.24  -0.08  -1.36  -0.21
201309   7.66   7.01   7.14   5.65   7.36   7.83
201310   3.11   3.09   4.82   2.39   3.86   7.27
201311   2.82   2.21   2.13   0.89   1.31   1.50
201312   2.40   1.99   2.04   3.13   2.68   2.74
201401   2.44   2.08   3.05  -3.71  -2.50  -1.07
201402   6.43   6.80   6.33   7.69   7.69   8.46
201403  -2.18  -0.52   0.08  -1.01  -0.56   0.47
201404  -1.05   1.18   1.28   1.39   1.53   1.05
201405   0.01   0.13  -0.35   1.13   0.69   0.00
201406   0.83   1.40   0.05   0.42  -0.50  -1.26
201407  -3.15  -4.03  -3.03  -4.24  -5.15  -4.43
201408  -2.03  -1.67  -1.47   0.03  -0.64  -0.72
201409  -4.51  -4.68  -4.87  -4.89  -4.95  -4.40
201410  -5.55  -4.31  -6.11  -0.43  -2.80  -3.77
201411   0.04  -0.26  -0.83   2.76   2.51   1.73
201412  -3.44  -2.72  -4.12  -0.85  -3.12  -5.16
201501  -3.47  -2.74  -4.26   0.98  -0.58  -2.59
201502   5.24   5.83   5.34   5.64   7.02   9.30
201503  -1.87  -3.46  -2.59  -2.47  -2.52  -2.42
201504   6.43   7.01   7.69   5.28   5.99   5.49
201505   0.72   1.45   0.40   1.22  -0.30  -1.43
201506   1.27  -0.21  -0.36  -2.88  -2.64  -2.60
201507   1.63   0.71  -0.43   2.71   1.81   1.06
201508  -1.64  -1.90  -1.85  -4.61  -4.94  -5.94
201509  -1.65  -2.48  -2.37  -2.38  -3.68  -6.19
201510   2.99   3.10   1.52   5.33   6.24   6.31
201511  -1.23  -1.74  -3.82   0.37  -0.69  -3.40
201512   2.33   2.11   0.69  -1.24  -0.55  -2.92
201601  -5.95  -5.79  -3.98  -6.65  -5.95  -9.93
201602  -1.51  -1.03  -0.64  -0.55   0.13  -1.85
201603   7.73   7.51   8.47   7.80   8.07   9.45
201604   2.58   2.57   5.71   0.78   2.03   4.97
201605  -0.73  -0.99  -1.57   0.83  -0.22  -2.71
201606  -6.70  -6.71  -5.33  -5.08  -6.23  -9.08
201607   4.98   4.59   4.48   5.11   5.80   5.74
201608   3.35   2.76   3.03   0.21   1.58   2.06
201609   2.92   1.43   1.47   0.36   1.80   0.74
201610  -4.55  -3.69  -2.14  -5.76  -4.41   0.12
201611  -2.32  -2.15  -1.05  -3.39  -2.86  -1.83
201612   2.91   2.56   3.38   3.41   4.11   5.71
201701   7.29   6.28   8.26   3.70   3.38   4.15
201702  -0.59   0.40   0.33   1.67   1.41  -0.71
201703   2.53   2.37   2.85   4.25   4.25   4.29
201704   3.72   5.30   5.21   5.68   6.81   4.28
201705   3.46   5.46   5.04   4.97   5.02   4.90
201706   1.28   2.22   2.64  -1.40  -0.45   0.52
201707   4.44   3.73   5.04   3.03   3.86   4.82
201708  -0.50  -0.18   0.33   2.59   0.18  -0.08
201709   2.74   2.43   1.79   2.56   3.12   3.31
201710   0.14  -1.09  -0.42   0.50   1.12   0.28
201711  -0.74   0.19   0.99  -0.09  -0.20   0.96
201712   0.79   1.98   3.00   1.58   2.04   2.58
201801   9.04   7.88   8.46   6.06   5.53   6.72
201802  -4.75  -3.57  -4.17  -3.86  -4.29  -4.41
201803  -2.62  -1.59  -0.83  -1.27  -0.02  -1.37
201804  -0.19   0.46   0.93   1.82   1.45   2.39
201805  -1.56  -1.86  -2.00  -0.25  -1.25  -5.19
201806  -1.44  -1.27  -1.70   0.24  -1.47  -1.49
201807   0.66   0.96   0.86   2.70   1.56   3.90
201808  -1.02  -1.69  -0.90   0.20  -1.65  -2.94
201809  -0.29  -0.25  -0.59  -1.78  -0.67   1.26
201810 -11.14 -10.13  -8.07 -10.01  -8.81  -8.52
201811  -2.88  -2.51  -2.56  -2.70  -1.66  -1.48
201812  -5.77  -4.67  -2.92  -4.20  -4.33  -5.13
201901   7.40   6.44   6.13   8.93   7.35   6.70
201902   1.10  -0.36   1.05   3.76   2.56   2.58
201903  -1.52  -0.29  -1.05   1.40  -0.51  -1.42
201904   2.94   3.68   3.36   5.63   5.05   4.45
201905  -3.40  -4.05  -2.33  -5.06  -6.77  -6.54
201906   3.10   3.54   3.47   6.48   7.09   5.01
201907  -2.23  -2.64  -1.20  -1.65  -2.86  -2.79
201908  -3.65  -3.28  -2.18  -2.28  -1.93  -3.37
201909   1.27   1.10   0.64   0.56   2.65   4.16
201910   2.85   3.08   3.57   4.49   3.70   4.99
201911   3.69   2.47   1.76   3.75   2.48   1.75
201912   6.47   6.10   5.54   4.44   3.96   4.90
202001   1.21   1.03  -0.01  -0.94  -2.73  -3.67
202002  -9.30  -9.06  -7.26  -8.77  -8.76  -8.54
202003 -15.92 -18.11 -19.46 -12.90 -18.54 -22.80
202004  18.03  14.55  13.69  10.78   9.04   7.97
202005   8.01   6.33   4.70   9.11   6.14   3.55
202006   5.88   4.90   4.46   1.61   3.12   5.04



  Average Value Weighted Returns -- Annual
           Small                 Big
       Low    2      High   Low    2      High
1991   3.25   3.37  -3.97  16.19   8.91   9.66
1992 -16.22 -18.93 -19.73  -8.01  -4.79  -7.13
1993  24.02  28.37  44.70  15.84  31.32  39.66
1994   6.69   9.50  16.43   2.01   1.15   5.62
1995  12.12   9.04   7.41  24.83  17.87  16.23
1996  17.69  18.91  21.47  20.31  24.08  20.55
1997   2.61   8.27  16.84  18.01  21.37  28.81
1998  12.16   4.17  16.55  29.92  25.86  23.62
1999  50.22  25.69  18.22  22.04  17.82   6.68
2000 -30.41 -12.52   2.17 -24.33   1.77  -1.03
2001 -39.34 -17.13  -3.17 -30.42 -16.37 -14.93
2002 -25.47  -6.88  10.61 -19.69 -13.04 -13.12
2003  49.16  56.97  66.56  31.84  43.76  55.22
2004  24.61  33.67  37.44  17.00  26.41  26.54
2005  10.64  18.10  23.72   8.74  11.45  14.91
2006  40.88  41.99  49.27  30.40  34.93  44.14
2007   1.73   8.80   8.00  18.20  16.40  11.68
2008 -53.77 -49.88 -50.55 -39.92 -45.11 -49.76
2009  55.30  43.42  49.41  32.62  31.17  41.18
2010  16.14  20.15   9.49  10.80   4.98  -0.03
2011 -15.17 -18.87 -24.29  -4.14 -11.69 -19.79
2012  24.19  21.46  23.13  21.53  16.20  27.13
2013  31.51  34.62  41.25  21.59  27.79  31.62
2014  -9.06  -6.87  -9.73  -1.44  -5.60 -10.96
2015  17.08  10.85  -0.80   4.61   2.17 -11.24
2016  -2.54   3.33   9.91  -6.53   1.76   3.17
2017  32.48  36.63  35.72  25.95  30.99  28.74
2018 -18.28 -18.21 -17.92  -9.42 -15.72 -16.44
2019  28.34  19.15  22.39  33.68  23.87  15.92



  Average Equal Weighted Returns -- Annual
           Small                 Big
       Low    2      High   Low    2      High
1991   3.24   5.84   1.61   7.13   3.49   6.75
1992 -18.67 -19.69 -18.07 -12.61 -10.74 -13.71
1993  32.43  37.09  59.19  23.84  33.05  45.90
1994   8.24  12.33  26.46   5.04   6.21   9.81
1995  11.38   8.46  10.83  15.02  13.10   7.08
1996  13.97  16.11  23.49  19.34  20.10  21.32
1997   2.31   6.85  13.56   8.83  13.31  26.04
1998   7.45   4.85  18.23  19.30  22.36  22.42
1999  50.74  39.20  33.03  24.67   9.46  11.26
2000 -26.71  -7.09   4.04 -19.60   4.29   6.37
2001 -35.83 -19.10  -4.96 -28.67 -12.38  -7.85
2002 -26.50 -16.60   6.40 -22.63  -2.56  -0.73
2003  57.42  65.01  77.09  50.16  51.68  67.64
2004  16.96  26.99  33.50  25.58  30.80  31.40
2005   4.55  13.32  19.61   9.15  20.42  16.54
2006  33.91  33.36  41.34  35.78  43.19  52.40
2007   0.13   4.68  11.57  11.98  11.23   5.43
2008 -54.37 -53.57 -51.04 -47.41 -48.67 -50.63
2009  57.36  56.94  60.92  52.14  52.31  61.73
2010   7.35  16.41  11.16  16.67  16.43   4.00
2011 -16.22 -14.19 -15.47  -9.16 -16.37 -26.12
2012  11.13  18.31  19.21  30.33  21.00  26.07
2013  30.04  26.62  35.39  24.38  29.46  34.47
2014 -12.04  -6.94 -10.16  -2.31  -8.15  -9.41
2015  10.75   7.28  -0.70   7.54   4.37  -6.45
2016   1.59   0.06  11.47  -3.92   2.75   1.48
2017  27.15  32.89  40.81  32.93  34.86  33.28
2018 -20.87 -17.59 -13.40 -13.09 -15.16 -15.99
2019  18.76  16.24  19.92  33.90  24.15  21.26



  Number of Firms in Portfolios
              Small                 Big
          Low    2      High   Low    2      High
199007    481    779    958    286    380    284
199008    481    776    955    286    380    284
199009    480    776    955    286    380    284
199010    479    776    955    285    379    284
199011    478    776    954    285    378    283
199012    477    772    951    285    378    283
199101    475    769    947    284    378    281
199102    473    767    942    284    378    280
199103    472    764    942    284    378    280
199104    470    763    938    284    377    279
199105    469    760    931    284    377    279
199106    469    757    927    283    377    279
199107    446    835   1278    288    385    290
199108    445    834   1276    288    381    289
199109    440    834   1271    288    379    288
199110    439    832   1262    288    379    288
199111    437    831   1254    287    379    287
199112    436    827   1249    287    379    287
199201    434    822   1248    286    378    286
199202    433    820   1241    286    378    286
199203    433    818   1233    286    378    285
199204    433    817   1230    285    377    285
199205    432    814   1224    284    377    285
199206    431    813   1219    283    377    285
199207    496    828   1440    293    388    293
199208    495    828   1439    293    387    291
199209    495    825   1435    293    386    291
199210    492    822   1431    293    386    290
199211    492    822   1429    293    386    290
199212    491    822   1424    293    386    290
199301    486    818   1422    292    385    288
199302    486    817   1418    292    385    288
199303    485    816   1416    292    385    288
199304    485    815   1413    292    385    287
199305    481    813   1404    291    385    286
199306    481    812   1402    289    385    284
199307    450    868   1807    290    388    290
199308    450    864   1803    290    388    290
199309    447    861   1801    290    388    290
199310    447    861   1800    290    388    289
199311    446    861   1796    288    388    288
199312    446    861   1792    288    388    288
199401    446    861   1790    287    388    288
199402    445    861   1786    287    388    287
199403    445    859   1784    287    388    286
199404    445    857   1781    285    387    285
199405    444    857   1770    284    387    284
199406    443    857   1765    282    387    283
199407    577    824   1761    329    439    329
199408    577    823   1759    329    439    329
199409    575    823   1755    329    437    329
199410    573    822   1754    329    436    329
199411    570    822   1746    329    435    329
199412    570    820   1745    329    435    328
199501    567    818   1743    328    432    325
199502    565    815   1739    328    432    325
199503    565    814   1736    328    432    325
199504    565    813   1726    327    430    325
199505    563    810   1725    326    430    325
199506    562    806   1718    326    430    325
199507    758   1108   1703    329    440    328
199508    756   1106   1692    327    439    328
199509    755   1105   1687    325    439    328
199510    755   1103   1684    324    439    328
199511    753   1101   1673    324    437    326
199512    751   1096   1667    323    435    325
199601    746   1092   1652    320    433    324
199602    742   1091   1643    319    428    323
199603    742   1091   1635    318    427    322
199604    737   1091   1628    318    426    321
199605    735   1088   1620    317    423    319
199606    733   1085   1617    316    422    318
199607    736   1141   1876    314    424    318
199608    735   1139   1873    312    421    318
199609    732   1133   1860    310    418    317
199610    727   1131   1851    309    416    315
199611    723   1129   1843    308    415    314
199612    721   1122   1837    308    413    314
199701    719   1117   1825    307    410    314
199702    716   1112   1819    307    409    312
199703    714   1111   1808    307    409    312
199704    712   1106   1801    307    408    312
199705    707   1104   1794    303    405    312
199706    705   1100   1784    301    405    312
199707    875   1162   2075    291    387    291
199708    873   1157   2064    291    387    290
199709    871   1154   2057    290    387    290
199710    867   1151   2046    290    387    290
199711    866   1141   2028    289    387    289
199712    863   1136   2018    289    387    289
199801    860   1128   2000    288    384    289
199802    859   1125   1994    286    384    288
199803    855   1121   1979    285    381    286
199804    847   1115   1965    283    381    286
199805    845   1107   1957    282    380    286
199806    841   1100   1947    282    378    285
199807   1012   1095   2342    270    360    270
199808   1008   1091   2322    270    360    269
199809   1003   1084   2306    269    359    266
199810   1001   1080   2291    268    357    264
199811    996   1076   2274    268    354    263
199812    988   1071   2252    266    352    260
199901    982   1064   2220    264    346    255
199902    978   1055   2214    263    345    254
199903    976   1047   2204    261    343    253
199904    972   1043   2185    261    341    252
199905    967   1040   2171    260    340    249
199906    961   1035   2159    258    340    247
199907    784   1162   2731    242    323    242
199908    780   1153   2703    241    321    237
199909    777   1147   2684    240    320    235
199910    771   1142   2651    240    319    233
199911    768   1134   2629    240    319    233
199912    764   1125   2601    240    316    233
200001    763   1116   2571    238    313    231
200002    758   1111   2555    237    311    230
200003    757   1104   2528    237    310    229
200004    752   1094   2511    237    307    228
200005    747   1089   2497    236    304    226
200006    743   1085   2477    234    303    224
200007    937   1262   2639    239    319    240
200008    932   1257   2622    237    316    236
200009    928   1251   2603    236    315    233
200010    922   1244   2579    234    310    232
200011    921   1237   2556    233    308    228
200012    919   1231   2535    233    306    227
200101    915   1224   2517    231    303    225
200102    913   1216   2506    231    303    223
200103    912   1213   2483    231    303    221
200104    910   1202   2465    229    303    219
200105    908   1200   2453    229    301    216
200106    906   1199   2435    227    301    216
200107   1051   1462   2785    220    294    221
200108   1047   1452   2763    220    292    221
200109   1046   1448   2748    220    292    221
200110   1041   1441   2726    220    290    220
200111   1040   1434   2708    218    288    219
200112   1039   1428   2686    218    287    219
200201   1033   1411   2670    216    286    219
200202   1029   1406   2651    216    286    218
200203   1024   1401   2634    216    282    218
200204   1021   1393   2622    216    282    218
200205   1017   1391   2612    216    281    218
200206   1014   1386   2597    216    281    217
200207    970   1421   2847    217    288    217
200208    963   1410   2819    215    287    216
200209    956   1395   2798    213    285    213
200210    951   1385   2774    212    285    212
200211    948   1370   2756    210    285    211
200212    945   1368   2749    208    284    210
200301    939   1361   2725    206    282    208
200302    925   1357   2709    205    281    207
200303    921   1354   2688    205    280    207
200304    916   1348   2670    205    280    202
200305    910   1338   2659    204    280    201
200306    903   1333   2638    198    280    200
200307    829   1382   2697    209    278    209
200308    823   1372   2677    208    277    209
200309    817   1365   2662    206    276    208
200310    815   1363   2645    206    274    208
200311    805   1359   2623    206    274    207
200312    799   1357   2609    205    273    207
200401    789   1345   2590    203    271    206
200402    785   1335   2580    201    269    206
200403    783   1330   2570    199    269    205
200404    780   1327   2556    199    268    203
200405    777   1321   2548    198    266    203
200406    774   1316   2538    198    263    202
200407   1057   1348   2269    218    289    218
200408   1048   1341   2255    215    287    218
200409   1042   1335   2247    215    283    217
200410   1040   1329   2234    215    283    217
200411   1038   1325   2222    215    280    217
200412   1032   1313   2177    215    278    216
200501   1032   1314   2178    215    278    216
200502   1031   1309   2167    215    277    214
200503   1027   1304   2156    215    276    213
200504   1026   1303   2148    215    276    211
200505   1021   1301   2140    215    275    210
200506   1013   1294   2126    214    271    209
200507   1115   1428   2181    230    306    230
200508   1105   1426   2168    228    304    229
200509   1101   1420   2160    228    304    229
200510   1097   1412   2150    227    304    228
200511   1094   1408   2137    227    304    228
200512   1090   1396   2125    226    304    227
200601   1080   1391   2111    222    303    225
200602   1076   1385   2101    222    300    225
200603   1074   1378   2089    220    300    224
200604   1071   1374   2072    220    298    223
200605   1070   1367   2068    220    297    223
200606   1063   1364   2062    220    297    222
200607   1226   1355   2376    245    327    246
200608   1217   1343   2366    244    325    242
200609   1212   1333   2357    244    323    241
200610   1208   1323   2338    244    321    238
200611   1189   1316   2315    243    320    238
200612   1185   1308   2305    243    317    238
200701   1178   1299   2290    241    314    237
200702   1177   1292   2275    239    313    237
200703   1166   1286   2266    238    313    237
200704   1156   1281   2256    237    313    236
200705   1150   1279   2245    235    313    233
200706   1141   1271   2228    234    313    233
200707   1286   1279   2668    260    346    258
200708   1282   1277   2654    260    343    256
200709   1278   1272   2637    258    343    255
200710   1273   1269   2623    257    343    254
200711   1265   1257   2606    257    343    253
200712   1256   1251   2594    256    342    251
200801   1252   1242   2580    253    341    251
200802   1248   1236   2568    253    341    250
200803   1239   1229   2556    252    337    249
200804   1234   1221   2546    251    337    249
200805   1229   1217   2533    251    335    246
200806   1224   1212   2510    249    334    243
200807   1033   1600   2792    236    316    236
200808   1030   1591   2776    235    315    235
200809   1021   1585   2763    235    314    234
200810   1018   1578   2746    235    311    233
200811   1016   1572   2722    235    309    232
200812   1009   1570   2709    235    309    232
200901    998   1551   2680    235    307    232
200902    994   1544   2671    235    307    230
200903    990   1535   2650    231    307    227
200904    985   1524   2623    230    307    227
200905    980   1517   2608    230    306    227
200906    976   1512   2590    230    305    227
200907    887   1384   2854    212    281    212
200908    881   1379   2836    212    281    212
200909    874   1375   2823    211    281    212
200910    872   1371   2809    208    279    212
200911    864   1364   2790    208    277    212
200912    861   1357   2779    207    277    211
201001    853   1348   2755    206    276    211
201002    850   1344   2738    206    276    211
201003    846   1341   2726    206    276    211
201004    842   1335   2711    205    275    211
201005    841   1330   2699    204    274    210
201006    838   1324   2689    204    273    209
201007    916   1340   2545    210    281    210
201008    910   1334   2523    209    280    210
201009    908   1327   2512    209    279    210
201010    903   1323   2501    209    277    210
201011    898   1319   2487    209    276    210
201012    892   1313   2471    208    276    210
201101    887   1306   2456    208    275    210
201102    880   1303   2446    207    273    209
201103    879   1299   2436    207    273    209
201104    875   1293   2419    206    273    209
201105    871   1282   2404    206    273    209
201106    868   1274   2399    206    272    208
201107    934   1479   2314    207    276    207
201108    928   1472   2304    207    276    206
201109    925   1468   2295    207    275    205
201110    921   1464   2279    207    275    205
201111    917   1455   2270    206    273    205
201112    914   1445   2256    206    273    205
201201    911   1434   2245    206    273    204
201202    906   1425   2231    206    273    204
201203    900   1413   2214    206    273    204
201204    897   1403   2195    205    273    203
201205    896   1400   2187    205    272    203
201206    894   1396   2176    205    272    203
201207    860   1425   2246    193    257    192
201208    855   1420   2236    193    256    192
201209    850   1412   2225    193    255    191
201210    847   1409   2213    192    255    191
201211    843   1402   2205    192    255    191
201212    843   1395   2184    192    255    191
201301    837   1384   2165    191    255    191
201302    836   1382   2153    191    255    191
201303    834   1378   2148    191    255    191
201304    828   1370   2138    189    255    190
201305    826   1366   2130    189    255    189
201306    823   1359   2114    189    255    187
201307    812   1334   2173    190    254    191
201308    811   1328   2161    190    253    190
201309    808   1325   2152    190    253    189
201310    806   1323   2144    190    252    189
201311    803   1320   2135    189    252    189
201312    801   1317   2126    189    252    188
201401    797   1315   2117    187    252    187
201402    795   1310   2101    186    252    187
201403    792   1306   2100    186    252    187
201404    785   1297   2092    186    252    187
201405    781   1291   2085    186    252    187
201406    779   1285   2077    186    252    186
201407    834   1342   2065    207    276    207
201408    829   1333   2057    207    276    206
201409    827   1328   2046    206    276    206
201410    826   1325   2037    206    275    206
201411    821   1320   2029    206    275    205
201412    820   1315   2019    206    275    205
201501    816   1310   2006    205    274    205
201502    809   1308   1995    205    274    205
201503    805   1298   1987    205    274    205
201504    800   1290   1976    205    274    205
201505    796   1279   1965    205    272    202
201506    793   1275   1957    205    272    202
201507    826   1306   2162    211    280    211
201508    823   1302   2153    211    280    210
201509    823   1296   2143    209    280    210
201510    819   1293   2134    208    280    208
201511    815   1289   2116    208    280    207
201512    810   1284   2110    207    280    207
201601    807   1276   2097    206    279    206
201602    806   1273   2079    205    279    206
201603    804   1266   2061    204    277    205
201604    801   1260   2047    204    277    204
201605    799   1257   2036    204    276    204
201606    797   1253   2031    203    275    204
201607    884   1207   2190    217    287    217
201608    880   1198   2182    217    286    216
201609    877   1194   2175    217    286    216
201610    874   1190   2161    216    286    216
201611    867   1185   2155    215    286    215
201612    864   1180   2150    215    285    215
201701    857   1173   2134    215    284    215
201702    855   1168   2121    215    284    214
201703    852   1163   2114    215    284    214
201704    849   1161   2109    215    283    214
201705    848   1159   2104    215    283    214
201706    847   1154   2096    215    283    214
201707   1040   1218   2030    230    307    230
201708   1037   1213   2016    229    307    228
201709   1034   1210   2002    229    306    227
201710   1033   1206   1994    229    305    227
201711   1032   1199   1984    229    304    227
201712   1031   1197   1972    228    304    227
201801   1029   1195   1965    228    302    227
201802   1024   1192   1953    226    302    226
201803   1021   1187   1947    226    301    226
201804   1019   1187   1943    225    300    225
201805   1015   1183   1936    225    300    225
201806   1012   1180   1928    225    299    225
201807   1051   1434   1914    230    308    230
201808   1050   1429   1908    229    308    230
201809   1046   1425   1903    228    308    230
201810   1044   1423   1896    226    308    230
201811   1040   1417   1886    226    308    230
201812   1036   1413   1879    224    307    229
201901   1036   1409   1861    224    307    229
201902   1034   1406   1859    224    305    228
201903   1030   1400   1854    224    305    228
201904   1028   1395   1849    223    303    228
201905   1023   1388   1838    222    302    228
201906   1016   1383   1826    222    301    228
201907    972   1579   1878    216    288    216
201908    966   1578   1867    216    287    216
201909    963   1572   1859    216    286    216
201910    959   1568   1851    215    286    216
201911    958   1560   1843    215    286    215
201912    957   1556   1836    215    285    215
202001    952   1548   1823    215    284    215
202002    950   1534   1810    214    283    214
202003    945   1529   1801    212    283    214
202004    942   1524   1790    211    283    214
202005    939   1521   1783    210    283    213
202006    935   1519   1772    210    283    213



  Average Firm Size
                       Small                                Big
              Low         2           High        Low         2           High
199007      106.35      105.46       72.38     2169.23     2383.85     2332.58
199008      112.62      110.70       75.37     2297.99     2483.50     2421.53
199009      101.10       99.34       67.19     2052.83     2220.89     2168.64
199010       90.94       89.40       60.24     1789.22     1958.51     1913.26
199011       94.57       94.16       62.70     1928.97     2121.94     2022.66
199012       92.44       91.39       61.08     1921.10     2135.65     2034.10
199101       92.11       91.36       60.98     1895.93     2106.80     2014.38
199102       90.24       89.89       59.81     1943.06     2143.17     2070.22
199103       97.90       98.29       65.29     2097.42     2294.06     2241.65
199104       93.73       93.55       62.38     1958.39     2139.37     2094.51
199105       92.85       92.68       61.56     1942.45     2125.75     2077.69
199106       90.49       90.88       60.02     1962.30     2146.56     2088.69
199107      103.30       89.87       58.42     2006.66     2175.96     1768.43
199108      105.87       92.02       59.80     2125.89     2316.63     1848.08
199109      107.90       93.46       60.04     2158.78     2360.06     1888.84
199110      112.93       98.95       62.95     2225.68     2420.37     1955.09
199111      110.11       96.29       60.55     2195.12     2357.96     1906.89
199112      108.98       95.67       59.00     2180.62     2291.10     1856.80
199201      113.15       97.83       60.69     2375.30     2438.84     1961.61
199202      111.39       97.28       60.39     2350.65     2438.39     1979.10
199203      111.29       96.78       60.18     2339.11     2424.22     1994.57
199204      107.60       93.38       58.53     2253.12     2347.08     1920.36
199205      111.68       97.74       60.62     2364.66     2483.10     2007.08
199206      116.60      102.30       64.53     2478.37     2595.56     2100.59
199207      120.07       99.07       69.78     2639.26     2675.13     2009.43
199208      114.06       93.74       65.42     2549.57     2569.68     1898.24
199209      111.72       92.05       64.13     2535.54     2570.22     1870.90
199210      107.06       86.24       59.60     2473.82     2519.87     1788.90
199211       96.40       77.15       54.72     2309.87     2291.21     1683.82
199212       93.26       74.65       53.27     2296.92     2297.50     1670.72
199301       96.59       76.51       52.70     2307.90     2333.54     1704.06
199302      100.51       79.72       54.90     2269.81     2328.04     1778.19
199303      100.60       79.77       55.69     2262.22     2380.46     1813.80
199304      107.41       84.49       59.75     2352.60     2522.15     1920.96
199305      113.53       87.88       64.10     2389.56     2542.65     1972.48
199306      113.86       88.23       65.26     2403.33     2553.02     1995.64
199307      103.06       93.49       60.36     2763.23     2595.17     1746.53
199308      101.65       93.44       61.43     2763.36     2624.90     1789.65
199309      110.46      101.46       68.34     2985.14     2840.35     1972.19
199310      110.33      102.13       68.43     2943.18     2844.11     1948.05
199311      109.75      103.17       69.63     3015.65     2941.35     1990.42
199312      108.14      101.81       68.43     2982.48     2871.72     1916.27
199401      112.24      106.59       73.03     3168.48     3102.21     2075.34
199402      123.40      117.53       83.54     3308.29     3246.19     2259.39
199403      123.02      118.39       84.24     3177.86     3110.81     2195.22
199404      120.28      116.62       83.53     3083.10     2988.94     2170.39
199405      123.85      119.82       86.96     3207.24     3095.60     2279.41
199406      118.93      116.37       85.13     3064.51     2961.16     2179.89
199407      115.57      102.08       72.72     2565.55     2915.49     2130.80
199408      116.99      104.30       74.12     2662.75     3081.12     2239.93
199409      120.15      106.11       74.38     2750.03     3176.57     2238.75
199410      118.96      104.96       74.07     2659.00     3043.71     2169.62
199411      119.71      106.11       74.99     2767.12     3196.36     2240.29
199412      113.80      101.14       71.73     2644.83     3060.89     2153.60
199501      113.70      101.04       72.06     2669.58     3057.52     2156.62
199502      113.11      101.90       72.64     2632.03     3006.63     2139.08
199503      114.51      103.53       73.95     2724.37     3065.60     2172.94
199504      118.22      105.46       74.78     2871.26     3189.54     2223.62
199505      120.35      107.21       75.59     2957.02     3274.19     2305.09
199506      122.75      109.08       76.54     3014.03     3308.31     2363.93
199507      119.24      109.79       77.48     3016.71     3579.30     2444.68
199508      123.85      112.46       78.95     3139.39     3744.20     2537.54
199509      121.40      109.20       76.34     3077.13     3599.36     2391.61
199510      125.11      111.24       77.40     3189.07     3686.84     2433.03
199511      123.64      109.68       75.88     3169.61     3686.97     2432.33
199512      119.50      106.20       73.64     3164.96     3699.78     2453.00
199601      120.75      107.16       74.94     3237.32     3799.32     2530.01
199602      121.20      108.07       75.75     3257.62     3832.84     2545.60
199603      125.56      111.33       78.62     3331.00     3917.99     2607.98
199604      126.94      112.77       80.07     3354.83     3963.77     2638.72
199605      128.54      114.67       81.11     3358.30     4024.17     2668.94
199606      133.20      117.53       83.54     3425.68     4070.10     2654.64
199607      136.65      117.84       89.02     4310.02     4088.79     2429.18
199608      132.36      115.89       87.75     4256.20     4022.46     2387.78
199609      135.17      118.15       88.70     4403.12     4127.64     2423.50
199610      133.14      117.44       87.81     4456.41     4238.85     2459.20
199611      136.96      120.47       89.80     4557.01     4338.57     2476.63
199612      140.22      122.97       92.11     4748.06     4552.33     2628.13
199701      142.84      125.36       94.74     4855.49     4585.73     2699.58
199702      143.21      126.82       96.15     4815.08     4589.93     2745.77
199703      145.48      128.94       97.63     4864.92     4627.85     2772.03
199704      146.03      131.12       99.57     4968.17     4722.75     2851.32
199705      142.87      128.15       98.01     4985.31     4742.33     2811.53
199706      145.59      133.03      101.53     5208.72     4954.50     2919.20
199707      156.98      146.55       99.76     6102.18     5920.96     2906.96
199708      152.50      143.82       99.45     6352.09     6146.62     2958.54
199709      154.61      143.59       99.25     6021.84     5767.29     2798.81
199710      161.57      151.00      107.07     6546.62     6310.11     3114.66
199711      161.09      148.92      106.78     6229.94     5964.35     3014.46
199712      158.41      146.73      104.73     6305.58     6064.44     3023.89
199801      156.23      144.91      104.79     6424.13     6238.06     3167.37
199802      159.72      145.38      109.31     6734.83     6390.25     3265.35
199803      168.58      154.02      116.94     7277.50     6919.40     3551.10
199804      183.03      164.43      128.99     7574.17     7454.81     3923.76
199805      192.12      170.02      132.98     7742.19     7648.45     4017.94
199806      202.56      176.32      138.91     7815.49     7807.53     4168.57
199807      204.01      186.28      128.83     8531.14     9021.38     4614.40
199808      202.48      184.11      126.34     8688.96     9148.56     4822.26
199809      179.43      162.89      113.82     7899.54     8033.98     4039.69
199810      169.95      155.86      109.18     7596.89     7701.40     3664.53
199811      172.16      158.35      111.26     8155.92     8310.50     3942.14
199812      176.00      161.00      113.30     8528.47     8758.95     4208.97
199901      176.12      161.17      112.87     8948.25     8900.24     4276.23
199902      178.48      158.22      111.33     9004.01     8870.85     4220.50
199903      181.01      157.14      110.88     8788.50     8773.57     4073.81
199904      181.06      156.78      111.96     8756.23     8834.18     4119.96
199905      186.35      162.32      115.66     8571.07     9294.26     4262.70
199906      185.13      162.39      115.90     8263.02     8854.11     4056.17
199907      209.79      190.02      128.79    10840.74     9843.39     4473.71
199908      218.71      198.80      133.10    10971.04     9932.93     4597.51
199909      233.67      209.09      137.79    11072.17    10068.59     4685.48
199910      239.80      212.43      137.86    11074.73     9980.42     4659.42
199911      245.42      216.94      136.52    11593.71    10166.73     4653.76
199912      269.64      219.31      134.52    12190.33    10327.93     4538.22
200001      294.82      226.71      137.82    13716.56    11240.36     5002.37
200002      312.24      223.97      134.35    12906.63    10265.10     4432.27
200003      355.71      237.26      134.32    13830.08    10944.02     4519.69
200004      332.58      228.40      133.28    13880.39    11375.06     4551.96
200005      285.56      207.35      124.62    13242.67    10748.45     4448.65
200006      276.73      210.81      128.20    12972.95    10984.78     4527.02
200007      249.00      211.50      143.33    12689.67    12544.44     5801.35
200008      242.04      208.83      141.47    12288.38    12584.42     5928.22
200009      239.66      205.95      141.90    12129.57    12585.85     5762.89
200010      231.40      201.14      139.45    11339.49    12321.78     5556.17
200011      201.28      187.16      134.06    10946.84    12240.38     5659.61
200012      174.53      180.94      135.29     9975.14    12160.37     5592.84
200101      184.09      192.42      145.13     9622.82    13186.42     5974.36
200102      185.13      197.12      150.02     9694.47    13314.95     5943.20
200103      168.96      188.78      148.54     8113.96    12596.66     5561.67
200104      146.48      171.95      137.30     7194.75    11533.26     5216.58
200105      151.74      179.19      142.77     8131.79    12279.24     5457.34
200106      143.25      175.00      140.95     7498.98    11795.52     5179.59
200107      180.91      159.05      114.90    10199.19    11477.00     5368.50
200108      169.21      154.58      114.70    10162.11    11481.45     5390.72
200109      164.63      154.28      117.00     9689.53    11390.73     5306.97
200110      130.80      128.77      102.75     8814.73     9981.80     4634.11
200111      142.20      133.69      104.62     9250.30    10271.11     4834.13
200112      154.10      142.37      109.04     9693.07    10540.00     5147.61
200201      153.78      142.53      110.09     9904.46    10762.20     5288.70
200202      147.12      139.00      109.96     9347.43    10327.36     4988.15
200203      143.73      139.02      113.08     9435.43    10450.07     4943.58
200204      149.05      145.04      117.73     9776.41    11087.49     5154.01
200205      146.94      147.43      123.71     9438.84    11207.65     5130.95
200206      145.92      151.20      128.19     9165.05    11297.67     5212.32
200207      163.65      157.45      110.28    10748.89     9797.65     5719.53
200208      145.93      143.85      102.86     9634.50     8648.29     5154.92
200209      140.21      142.55      101.57     9636.98     8695.48     4763.49
200210      121.28      125.74       92.92     8812.79     7291.06     3969.40
200211      124.81      127.68       94.90     9620.57     8094.36     4301.38
200212      131.28      134.00       98.54     9889.67     8626.57     4666.20
200301      125.91      135.02      100.91     9661.86     8372.17     4552.08
200302      121.41      132.73      100.92     9293.36     8061.26     4485.09
200303      115.95      128.64       98.42     8867.09     7842.01     4346.95
200304      114.34      128.04       97.51     8768.92     7658.18     4304.46
200305      127.74      142.79      107.01     9832.85     8684.85     4874.25
200306      138.91      156.60      117.08    10632.57     9249.11     5294.02
200307      155.40      176.92      102.38    11010.29     8540.45     5666.27
200308      158.19      179.95      106.05    10913.44     8825.15     5873.57
200309      162.54      184.01      110.39    10791.63     8676.33     5900.66
200310      169.65      193.54      116.60    11142.01     8875.31     6028.82
200311      177.62      204.06      125.01    11600.88     9472.33     6601.89
200312      183.75      214.19      130.88    12201.49     9890.85     6910.50
200401      194.18      226.15      138.82    13194.62    10719.47     7451.54
200402      203.30      238.98      149.27    13492.15    10967.26     7682.80
200403      209.99      248.85      156.40    13979.62    11330.68     7899.97
200404      202.76      241.82      152.64    13455.68    11027.89     7552.27
200405      195.56      238.16      149.36    13230.28    10712.29     7497.43
200406      192.62      238.68      148.50    13435.45    10889.80     7519.65
200407      184.52      218.76      137.31    12719.58    10869.53     7159.79
200408      178.21      211.35      133.37    12246.26    10664.96     6897.86
200409      175.39      210.64      134.74    12202.49    10832.11     6970.56
200410      181.45      219.96      141.10    12565.62    11337.30     7275.81
200411      188.63      228.94      147.20    12991.24    11902.24     7652.55
200412      204.44      250.23      162.13    13762.08    12669.61     8290.37
200501      212.53      263.16      169.66    14328.64    13219.39     8528.88
200502      214.84      268.64      174.20    13982.96    13117.54     8595.67
200503      226.11      282.42      184.89    14542.91    13764.27     9052.05
200504      218.65      274.99      180.66    14210.49    13338.59     8794.82
200505      210.54      267.74      175.68    13981.02    12894.29     8435.06
200506      204.08      264.05      173.48    14004.82    12930.37     8496.97
200507      225.45      238.99      149.50    12474.21    12570.68     7790.59
200508      234.11      250.18      155.96    12755.38    12815.31     8213.89
200509      244.52      260.60      161.13    12951.13    13020.99     8411.77
200510      247.50      264.38      162.61    12962.68    13196.72     8605.98
200511      237.24      252.49      156.90    12659.58    12654.53     8433.62
200512      239.86      253.92      159.92    12769.03    12896.99     8589.11
200601      245.34      265.99      166.94    13329.56    13519.09     8975.48
200602      266.37      287.74      182.16    14009.46    14543.98     9664.92
200603      272.52      296.91      187.61    14045.99    14613.38     9846.81
200604      283.62      310.05      198.62    14566.88    15167.48    10257.48
200605      304.55      330.95      212.39    15367.87    15829.38    10739.41
200606      293.61      315.43      202.26    14827.88    15180.52    10264.46
200607      259.91      279.07      181.35    10891.19    15493.89    12193.36
200608      255.58      276.23      181.81    10738.75    15787.65    12459.17
200609      262.82      281.49      188.15    11062.33    16248.15    12860.14
200610      267.30      282.74      190.13    11065.79    16438.53    13199.97
200611      279.49      296.24      201.05    11470.04    17047.23    13854.03
200612      295.56      315.15      214.45    11810.15    17838.57    14359.50
200701      309.79      327.86      223.98    12188.35    18598.72    15046.64
200702      315.32      339.33      230.08    12373.54    18571.98    15241.09
200703      318.71      344.99      232.24    12414.08    18462.62    15211.24
200704      328.91      360.16      244.33    12892.33    19299.78    15636.14
200705      345.85      379.87      258.03    13528.12    20362.27    16702.38
200706      345.81      383.95      260.06    13619.57    20661.57    16847.19
200707      348.57      346.02      221.00    13302.92    16191.46    19591.87
200708      343.38      345.45      220.67    13102.50    15768.60    19145.15
200709      327.34      327.74      212.78    13054.33    15474.64    18786.71
200710      334.80      333.15      215.59    13953.19    16224.56    19783.76
200711      353.10      349.80      223.77    14585.81    17005.08    20677.07
200712      323.73      324.32      206.69    14489.54    16520.29    19430.19
200801      310.22      317.21      201.46    14127.02    16349.49    19137.92
200802      277.39      286.69      184.22    12924.22    14688.16    17110.14
200803      289.92      298.59      193.14    13146.04    15183.40    17275.63
200804      286.03      295.53      192.14    12938.99    15147.99    17653.08
200805      287.89      303.82      192.39    13410.70    15893.24    17928.67
200806      291.01      307.80      194.13    13548.63    16044.16    17534.79
200807      289.71      295.74      190.06    14326.69    17017.24    14141.75
200808      272.96      281.19      178.81    13910.74    16114.13    14017.48
200809      260.66      269.74      170.40    13327.15    15318.56    13466.77
200810      213.90      222.24      141.65    11477.88    12811.89    11556.78
200811      158.55      162.58      102.79     9263.86    10221.53     8703.41
200812      143.64      150.44       93.08     8802.45     9546.89     7715.87
200901      147.19      156.34       98.98     9350.13    10321.83     8120.05
200902      139.69      144.07       91.73     8519.05     9150.68     6955.79
200903      132.96      135.43       84.99     7919.54     8183.31     5995.86
200904      139.78      141.31       89.24     8396.25     8639.91     6612.14
200905      162.52      162.32      102.76     9008.02     9642.29     8012.95
200906      186.32      183.37      115.88    10058.68    10858.47     8812.41
200907      193.49      196.10      135.65    12180.68    11740.22     8586.27
200908      206.44      208.09      147.14    13168.58    12930.07     9785.48
200909      215.98      223.77      163.45    13526.68    13450.66    10832.88
200910      230.30      239.69      176.39    14299.18    14189.42    11460.83
200911      229.63      237.42      174.60    14288.79    14072.71    10855.05
200912      233.76      239.93      175.63    14824.59    14515.71    11110.67
201001      233.23      239.02      173.05    14971.44    14725.49    11101.94
201002      230.68      236.38      171.83    14397.16    13769.44    10302.67
201003      225.48      230.79      166.27    14254.00    13437.88     9966.66
201004      233.58      243.96      178.47    14795.75    14282.78    10916.05
201005      236.48      245.24      179.94    14319.03    13729.15    10614.06
201006      209.79      214.41      154.30    12798.78    11943.27     9022.21
201007      212.71      219.71      139.80    11788.77    12340.85     9086.97
201008      233.83      242.38      155.94    12894.06    13751.40    10644.82
201009      223.65      232.90      148.56    12622.58    13149.77     9932.24
201010      251.58      263.04      165.51    13948.01    14795.87    11094.12
201011      266.46      277.58      173.68    14581.93    15572.47    11663.49
201012      247.61      260.41      159.01    13735.34    14366.00    10246.59
201101      272.76      290.53      176.62    14777.96    15760.86    11185.93
201102      280.15      300.60      185.32    14859.72    16352.46    12191.44
201103      284.95      306.96      190.63    15279.89    16805.65    12607.21
201104      290.92      310.63      193.07    15424.88    16676.48    12378.88
201105      310.74      327.13      205.97    16620.25    17968.15    13222.88
201106      301.33      316.99      197.85    16335.54    17161.68    12465.46
201107      310.89      296.71      187.32    14804.73    14490.37    17227.15
201108      304.04      287.72      179.18    14670.35    14113.96    16033.93
201109      277.82      260.18      161.17    13635.88    12643.33    13921.11
201110      247.24      224.58      138.96    12115.98    11153.95    12245.51
201111      269.12      239.99      148.19    13482.20    12503.02    13583.79
201112      253.07      222.42      135.60    13026.84    11990.37    12583.33
201201      243.37      216.30      130.73    12803.46    11760.04    12165.04
201202      264.96      233.63      141.58    13352.28    12325.74    13008.64
201203      285.53      251.76      152.68    14093.48    13100.25    13772.94
201204      287.58      254.16      151.71    14279.15    13010.61    13637.15
201205      284.25      251.20      147.37    14144.80    12776.95    12666.39
201206      250.34      219.28      127.22    12576.31    11006.77    10758.92
201207      233.70      250.62      162.14    14927.84    13394.55    11039.51
201208      233.37      248.51      158.75    15217.42    13572.30    10849.84
201209      243.38      258.45      168.42    15621.49    14086.42    11718.35
201210      255.02      269.87      178.14    16090.40    14398.18    12338.42
201211      257.03      272.75      181.31    16197.01    14534.95    12832.28
201212      256.96      273.03      182.08    16713.88    14720.26    13180.50
201301      269.92      289.61      196.29    16994.83    15190.04    13845.97
201302      280.73      309.56      214.48    17734.88    16107.69    14946.37
201303      281.01      308.54      210.18    17587.56    15637.90    14158.45
201304      280.73      303.18      205.08    18018.61    15634.49    13411.43
201305      285.73      309.71      214.80    18379.96    16081.23    14319.61
201306      290.36      311.48      219.00    18088.07    16065.24    14650.12
201307      302.45      307.18      197.09    17360.72    14172.31    15748.31
201308      318.69      325.40      210.72    18375.71    15217.41    17367.54
201309      324.94      329.59      216.47    18150.22    14931.62    17333.67
201310      344.98      353.30      233.79    19191.54    16072.07    18623.00
201311      352.66      367.16      249.14    19696.35    16725.01    19854.79
201312      362.54      376.32      251.37    19773.13    17002.35    20165.13
201401      374.18      386.27      258.24    20362.78    17414.06    20648.56
201402      367.70      387.24      261.93    19469.01    16793.91    20166.03
201403      393.16      416.10      283.44    20882.22    17936.60    21387.72
201404      384.50      413.68      287.16    20619.27    17788.71    21221.17
201405      381.25      411.68      288.33    20906.74    18072.94    21594.96
201406      379.74      411.99      285.79    21071.71    18063.86    21460.63
201407      364.68      400.38      237.60    19022.35    16310.59    20465.33
201408      348.70      382.26      227.93    18258.41    15530.26    19770.54
201409      345.70      379.49      225.55    18398.96    15506.59    19666.48
201410      324.89      360.46      211.14    17809.37    14930.72    18962.85
201411      316.43      349.85      199.56    17657.49    14528.06    18114.16
201412      320.65      352.80      199.65    18177.04    15004.41    18105.83
201501      318.70      345.37      194.06    17656.53    14472.02    17132.18
201502      316.16      338.89      190.01    18035.01    14581.38    16473.23
201503      338.50      362.87      204.79    18820.63    15426.65    17757.03
201504      329.02      353.06      197.45    18441.23    14959.49    17240.31
201505      352.56      373.05      210.61    19057.10    15623.38    18244.94
201506      359.51      378.18      208.96    19114.44    15450.08    17744.88
201507      329.42      357.37      229.21    18443.33    14018.65    18409.54
201508      338.76      364.68      230.32    19180.53    14341.26    18660.92
201509      330.57      353.10      223.66    17972.63    13492.07    17223.84
201510      323.23      340.88      214.01    17564.30    13091.61    15965.57
201511      335.87      354.55      219.23    18650.20    13989.47    16945.75
201512      337.79      350.37      212.31    18538.57    13737.55    16523.16
201601      344.61      356.18      213.61    18266.26    13489.51    16028.48
201602      316.27      330.47      199.82    17422.11    12806.58    14472.13
201603      312.20      328.78      200.02    17016.25    12544.14    14168.30
201604      334.41      357.68      217.65    17943.27    13463.30    14997.38
201605      338.26      360.93      224.41    18015.23    13559.02    15723.50
201606      344.65      364.89      221.28    18131.84    13416.93    15175.72
201607      286.25      308.64      214.73    17188.55    11429.22    15316.57
201608      304.19      323.67      227.86    17812.73    11990.04    16010.69
201609      310.65      332.69      231.85    17555.31    12048.84    16361.87
201610      318.18      336.45      236.43    17560.03    12246.58    16421.92
201611      300.51      320.16      233.45    16018.11    11728.63    16788.17
201612      291.40      315.56      229.91    15328.54    11382.78    16578.50
201701      303.10      328.65      239.66    15863.54    11912.70    17623.68
201702      317.00      344.93      251.97    16248.16    12225.90    18160.15
201703      319.77      349.64      252.63    16641.13    12414.43    17767.92
201704      327.85      359.86      259.85    17289.99    12935.17    18492.23
201705      347.66      384.35      273.06    17945.60    13626.39    19020.59
201706      361.99      404.15      283.86    18889.78    14175.58    19578.92
201707      329.39      386.63      255.15    17011.73    14313.83    18038.24
201708      341.63      401.98      267.69    17325.32    14785.48    19117.39
201709      343.30      399.30      268.21    17419.56    14861.15    18951.11
201710      354.02      411.46      274.18    17712.80    15324.10    19693.15
201711      353.02      407.58      270.65    17788.73    15483.74    19783.68
201712      348.65      407.16      273.03    17719.91    15408.55    19917.47
201801      359.03      418.01      280.99    17907.33    15656.18    20259.84
201802      384.42      443.76      298.27    18546.03    16491.76    21753.49
201803      367.92      425.14      284.19    17524.68    15604.28    20541.94
201804      361.60      420.72      280.62    17577.00    15580.45    20135.80
201805      365.23      427.31      285.46    17714.84    15776.96    20739.60
201806      366.14      418.24      274.10    17578.55    15414.38    19184.75
201807      355.04      375.80      253.98    17584.17    14147.35    19373.81
201808      357.15      379.11      256.95    18232.38    14448.94    20039.36
201809      350.49      373.71      251.76    18208.91    13944.47    19061.07
201810      342.96      367.16      251.06    18099.07    13880.06    19480.45
201811      304.72      330.42      228.79    16563.65    12575.56    17918.78
201812      297.24      323.04      222.55    16396.93    12414.02    17741.03
201901      277.65      306.84      213.78    15781.15    11812.03    16909.94
201902      299.03      328.87      227.47    16832.73    12588.97    17738.64
201903      306.18      331.74      231.97    17546.40    12965.77    18094.97
201904      305.38      324.74      229.02    17962.52    13059.30    17803.07
201905      319.24      339.04      235.14    18626.42    13495.92    18413.01
201906      305.04      318.18      226.89    17904.89    12645.75    16853.65
201907      314.16      355.72      262.36    20392.75    15088.46    17371.30
201908      299.78      342.61      256.02    20062.31    14817.23    16756.15
201909      290.13      330.48      249.95    19960.26    14548.95    15889.35
201910      294.13      336.94      253.15    20085.33    14840.83    16714.74
201911      306.75      350.33      262.02    20865.02    15159.51    17392.73
201912      324.13      360.24      268.32    21283.98    15466.16    17547.47
202001      345.79      381.61      287.03    22030.15    16092.78    18292.48
202002      341.17      375.26      276.49    21960.80    15767.86    17409.98
202003      311.78      342.31      253.10    20252.54    14313.79    15719.21
202004      260.59      272.91      193.69    18511.67    12515.49    11669.11
202005      297.90      302.60      208.81    19811.41    13264.58    12243.63
202006      324.26      319.25      216.11    21093.82    13924.84    12507.86
