This file was created by CMPT_ME_PRIOR_RETS using the 202006 CRSP database.  It
contains a momentum factor, constructed from six value-weight portfolios formed
using independent sorts on size and prior return of NYSE, AMEX, and NASDAQ stocks.
Mom    is the average of the returns on two (big and small) high prior return portfolios
minus the average of the returns on two low prior return portfolios.  The portfolios
are constructed monthly.  Big means a firm is above the median market cap on the NYSE
at the end of the previous month; small firms are below the median NYSE market cap.
Prior return is measured from month -12 to - 2.  Firms in the low prior return
portfolio are below the 30th NYSE percentile.  Those in the high portfolio are above
the 70th NYSE percentile.

Missing data are indicated by -99.99 or -999.

          Mom   
192701   0.44
192702  -1.32
192703   3.59
192704   4.17
192705   2.96
192706   0.53
192707   4.29
192708   1.14
192709   1.89
192710  -1.08
192711  -0.67
192712   3.15
192801  -0.60
192802  -1.09
192803   4.87
192804  -5.65
192805   2.85
192806   2.05
192807   2.82
192808   3.69
192809   3.64
192810   5.05
192811   2.12
192812   1.78
192901   2.43
192902   3.08
192903  -0.70
192904   1.89
192905  -2.04
192906   8.79
192907   2.95
192908   4.67
192909   3.04
192910   4.09
192911  -2.02
192912   5.15
193001  -5.04
193002   0.62
193003  -4.27
193004   3.98
193005  -0.01
193006   6.61
193007  -2.11
193008   3.92
193009  11.51
193010   6.89
193011  -1.18
193012  13.27
193101 -10.82
193102 -14.37
193103   9.46
193104  11.59
193105   9.10
193106 -17.81
193107   8.08
193108  -3.52
193109  10.23
193110   3.20
193111   7.69
193112  14.22
193201 -10.37
193202   1.62
193203  10.33
193204   6.95
193205  12.20
193206   2.10
193207 -43.94
193208 -52.27
193209   2.44
193210   4.29
193211  -2.07
193212   5.26
193301  -1.50
193302   4.17
193303   2.21
193304 -15.95
193305  -3.91
193306   3.38
193307   0.39
193308   7.55
193309   1.65
193310  -2.40
193311   6.43
193312   4.06
193401  -3.37
193402  -0.35
193403  -0.69
193404  -5.12
193405  -2.70
193406  -0.90
193407   8.63
193408   2.41
193409   0.03
193410   7.04
193411   4.14
193412   4.66
193501   3.61
193502  13.85
193503   2.86
193504  -4.72
193505  -3.62
193506   2.06
193507  -4.21
193508  -7.69
193509   8.93
193510   2.09
193511  -5.91
193512   3.75
193601  -3.36
193602   2.51
193603   1.79
193604  -7.88
193605   2.44
193606   0.46
193607   3.00
193608   0.56
193609   1.26
193610   1.04
193611   2.18
193612   2.11
193701  -1.85
193702   2.98
193703   2.81
193704  -3.71
193705   0.51
193706   0.68
193707  -0.40
193708  -1.79
193709  -7.14
193710  -1.56
193711  -0.97
193712   4.70
193801  -1.44
193802  -3.08
193803  15.75
193804  -8.88
193805   7.13
193806 -24.86
193807  -6.44
193808   3.95
193809   2.53
193810  -7.70
193811   3.13
193812   2.05
193901  -3.05
193902   3.25
193903  -1.48
193904   2.70
193905   3.56
193906   1.96
193907  -0.58
193908   5.84
193909 -30.35
193910   6.46
193911  -0.22
193912   5.40
194001   1.74
194002   1.81
194003  -0.36
194004   3.33
194005   2.86
194006  -2.14
194007   0.85
194008  -1.61
194009  -0.26
194010  -6.53
194011   1.33
194012   3.46
194101  -4.72
194102   0.91
194103   2.43
194104   3.03
194105   2.46
194106  -0.64
194107  -1.75
194108   0.17
194109  -1.57
194110   4.74
194111   4.04
194112   0.28
194201  -3.58
194202  -0.71
194203  -0.21
194204  -0.79
194205  -4.71
194206  -1.32
194207   0.77
194208  -0.13
194209  -0.64
194210  -4.01
194211  -0.97
194212   3.06
194301  -0.36
194302  -1.46
194303   4.74
194304   6.18
194305   5.61
194306  -1.30
194307  -4.59
194308   0.71
194309   1.78
194310  -0.53
194311  -4.72
194312   5.99
194401   0.97
194402   0.34
194403   2.61
194404   0.52
194405   2.07
194406  -5.22
194407   0.19
194408   4.68
194409  -1.08
194410  -1.24
194411   1.28
194412   3.36
194501   0.04
194502   3.03
194503  -3.28
194504   4.79
194505   0.11
194506   4.11
194507  -2.62
194508  -1.40
194509   1.40
194510   0.25
194511   4.25
194512   1.23
194601   3.76
194602  -1.45
194603   2.69
194604   3.03
194605  -0.61
194606  -2.52
194607  -0.10
194608  -0.03
194609   0.74
194610   0.97
194611   0.20
194612  -0.10
194701  -6.44
194702  -0.49
194703   4.06
194704   5.05
194705   3.33
194706  -1.85
194707  -3.42
194708   3.38
194709  -0.02
194710   1.34
194711   4.23
194712   3.60
194801  -4.29
194802   1.47
194803  -0.19
194804   4.06
194805   2.38
194806   3.99
194807  -1.58
194808   0.23
194809  -1.26
194810   2.79
194811   0.60
194812   4.66
194901  -2.92
194902  -0.41
194903  -0.87
194904   3.06
194905   3.04
194906  -1.28
194907  -1.54
194908   1.70
194909  -1.42
194910   0.00
194911   1.27
194912  -0.78
195001  -2.32
195002   1.36
195003   1.54
195004   0.33
195005   0.38
195006  -1.66
195007  -0.47
195008   3.21
195009  -0.13
195010   1.42
195011   3.59
195012   4.97
195101   2.00
195102  -1.58
195103  -2.95
195104   6.02
195105  -0.93
195106  -2.39
195107   7.24
195108   1.00
195109   0.56
195110  -0.31
195111   0.63
195112   1.70
195201   1.37
195202  -0.75
195203   1.65
195204  -2.04
195205   0.49
195206   1.50
195207  -0.52
195208   0.31
195209   1.76
195210   2.75
195211   0.44
195212   1.51
195301   0.72
195302   0.86
195303   0.08
195304   1.85
195305   0.94
195306  -0.01
195307  -0.31
195308   2.21
195309   2.88
195310   0.27
195311   1.95
195312   5.19
195401  -5.74
195402   1.03
195403   2.20
195404   4.98
195405  -1.99
195406   3.52
195407   0.44
195408  -0.64
195409   1.54
195410   0.96
195411   1.93
195412  -1.41
195501   1.36
195502   1.09
195503   1.03
195504   0.09
195505   0.56
195506   4.66
195507  -1.23
195508   1.79
195509   1.77
195510  -0.50
195511   2.67
195512  -1.33
195601  -1.48
195602   1.97
195603   3.59
195604   2.57
195605  -1.62
195606   2.71
195607   2.52
195608  -0.69
195609  -0.76
195610   2.46
195611   3.41
195612   3.81
195701  -3.05
195702   0.31
195703  -0.18
195704   0.96
195705   0.44
195706   0.77
195707  -0.07
195708   0.49
195709   0.62
195710   1.94
195711   1.24
195712   7.79
195801  -7.63
195802   3.75
195803  -1.85
195804   1.85
195805  -1.82
195806  -0.87
195807  -3.62
195808   0.28
195809  -1.13
195810   3.12
195811   1.57
195812  -0.65
195901  -0.24
195902   3.40
195903   0.13
195904   3.15
195905   1.50
195906   2.91
195907  -0.32
195908  -0.95
195909   0.85
195910   3.48
195911   2.26
195912   0.99
196001  -3.49
196002   3.86
196003   1.43
196004   2.81
196005   4.81
196006   0.86
196007  -0.78
196008   1.92
196009   0.31
196010   1.25
196011   3.74
196012   1.39
196101  -3.99
196102   0.98
196103   4.51
196104   3.52
196105  -1.56
196106   0.37
196107   0.24
196108   1.65
196109   0.83
196110   3.13
196111   1.34
196112  -2.24
196201  -2.07
196202  -1.02
196203   1.83
196204   2.89
196205   0.38
196206   6.45
196207   0.55
196208  -0.58
196209   3.95
196210   0.75
196211  -7.17
196212   5.88
196301  -2.10
196302   2.52
196303   1.56
196304  -0.08
196305   0.37
196306   1.17
196307   1.00
196308   1.03
196309   0.16
196310   3.14
196311  -0.75
196312   1.70
196401   1.06
196402   0.24
196403   0.71
196404  -0.60
196405   2.54
196406   0.45
196407  -0.38
196408  -0.19
196409  -0.39
196410   0.08
196411   1.08
196412  -0.69
196501  -1.28
196502   0.30
196503   0.10
196504   2.54
196505   0.54
196506  -3.12
196507   4.10
196508   2.58
196509   3.37
196510   3.45
196511   4.42
196512   0.09
196601   5.41
196602   4.58
196603   1.34
196604   6.18
196605  -4.69
196606   3.28
196607  -1.39
196608  -2.11
196609  -1.73
196610  -5.13
196611   5.73
196612   1.07
196701  -6.75
196702   3.56
196703   1.42
196704   0.64
196705   0.67
196706   6.03
196707  -1.07
196708  -1.41
196709   2.55
196710   3.67
196711   1.29
196712   3.23
196801  -4.64
196802  -3.41
196803   3.18
196804   5.15
196805   3.73
196806  -1.92
196807  -0.84
196808   1.88
196809  -0.67
196810  -1.52
196811   1.73
196812   0.11
196901  -0.15
196902  -2.46
196903   3.95
196904   1.17
196905   1.68
196906  -2.23
196907   1.64
196908   2.14
196909   2.53
196910  -4.32
196911   3.60
196912   5.05
197001   0.62
197002   0.12
197003  -0.29
197004  -0.73
197005  -2.73
197006   5.78
197007  -2.94
197008  -6.50
197009  -8.92
197010   9.61
197011   2.89
197012  -2.19
197101  -6.71
197102   0.81
197103  -1.21
197104   1.32
197105   0.89
197106   2.72
197107  -2.37
197108   3.51
197109   2.09
197110   0.46
197111   1.48
197112  -0.68
197201   0.24
197202   2.70
197203   2.91
197204   2.90
197205   3.19
197206   1.93
197207   2.75
197208  -5.34
197209   1.75
197210   0.75
197211  -5.14
197212   4.98
197301   3.71
197302   2.12
197303   3.62
197304   6.40
197305   7.09
197306   4.32
197307 -11.69
197308   3.42
197309  -7.03
197310   6.75
197311   8.63
197312  10.39
197401  -8.82
197402   0.14
197403  -0.99
197404   2.00
197405  -0.26
197406   2.37
197407   3.01
197408   3.00
197409   4.32
197410  -0.50
197411   2.17
197412   2.95
197501 -13.89
197502  -0.55
197503  -1.99
197504   1.34
197505  -0.47
197506   0.06
197507   0.42
197508  -0.13
197509   0.32
197510  -0.14
197511  -0.45
197512  -0.12
197601   4.46
197602   0.36
197603   0.19
197604   0.50
197605  -1.10
197606  -0.42
197607  -0.12
197608  -0.85
197609   0.24
197610  -0.48
197611   2.90
197612   0.77
197701   3.98
197702   0.34
197703   0.49
197704   4.22
197705   2.01
197706   1.77
197707   0.31
197708  -1.78
197709   2.06
197710  -0.13
197711   2.19
197712   1.56
197801  -0.72
197802   1.90
197803   1.37
197804   0.85
197805   2.85
197806   2.78
197807   4.22
197808   2.82
197809  -3.11
197810  -8.39
197811   5.52
197812   3.05
197901  -1.24
197902  -1.06
197903   2.88
197904   0.81
197905  -0.57
197906   0.82
197907  -1.09
197908  -0.23
197909   5.34
197910   2.12
197911   7.96
197912   4.78
198001   7.51
198002   7.88
198003  -9.59
198004  -0.42
198005  -1.11
198006   1.59
198007   0.37
198008   3.19
198009   5.44
198010   7.32
198011  15.24
198012  -6.65
198101  -7.94
198102  -1.39
198103   0.74
198104  -0.96
198105   3.75
198106  -5.90
198107  -2.52
198108  -1.12
198109   1.98
198110   4.07
198111  -0.27
198112   1.32
198201   1.73
198202   5.00
198203   2.93
198204  -0.41
198205   2.55
198206   5.00
198207   4.47
198208  -3.52
198209   4.17
198210   0.03
198211   5.89
198212   0.02
198301  -1.70
198302   3.83
198303   0.93
198304   1.80
198305  -1.59
198306   1.78
198307  -3.13
198308  -5.44
198309  -0.10
198310  -4.56
198311  -0.09
198312   0.74
198401  -2.49
198402   0.19
198403   1.09
198404   2.05
198405   1.52
198406  -0.70
198407   2.93
198408  -5.69
198409   3.67
198410   3.21
198411   1.70
198412   1.54
198501  -6.90
198502   1.82
198503   1.68
198504   3.06
198505   4.00
198506   3.63
198507  -3.94
198508   1.82
198509   1.48
198510   4.88
198511  -0.40
198512  -0.13
198601   2.96
198602   2.78
198603   2.45
198604  -0.50
198605   2.02
198606   5.16
198607   1.80
198608  -5.01
198609  -5.86
198610   2.69
198611  -0.32
198612   0.40
198701   2.10
198702  -2.17
198703   1.60
198704   0.26
198705  -0.68
198706  -0.20
198707   2.67
198708  -0.87
198709   0.71
198710  -7.86
198711  -1.15
198712   5.83
198801  -7.58
198802  -1.54
198803   0.63
198804   2.25
198805   0.64
198806  -2.91
198807   0.63
198808   0.33
198809   0.24
198810   1.31
198811   0.42
198812   0.42
198901  -0.14
198902   0.94
198903   3.55
198904   1.69
198905   1.56
198906   0.63
198907   5.44
198908  -0.14
198909   3.40
198910   1.37
198911   2.58
198912   2.81
199001  -3.28
199002  -0.53
199003   1.65
199004   2.40
199005   3.05
199006   2.43
199007   5.94
199008   1.78
199009   5.53
199010   6.73
199011  -5.62
199012   0.16
199101  -6.53
199102  -4.73
199103   2.83
199104  -2.40
199105  -0.10
199106   0.46
199107   4.31
199108   1.63
199109   1.73
199110   3.23
199111   1.26
199112   8.30
199201  -2.51
199202  -0.58
199203  -0.36
199204  -2.60
199205   0.13
199206  -0.61
199207   1.44
199208  -0.51
199209   1.43
199210   2.71
199211  -0.34
199212   4.44
199301   4.83
199302   3.10
199303   3.74
199304   0.33
199305   0.30
199306   4.57
199307   3.25
199308   2.58
199309   3.41
199310  -2.67
199311  -4.71
199312   2.28
199401   0.02
199402  -0.29
199403  -1.33
199404   0.41
199405  -2.15
199406  -0.82
199407   0.19
199408   1.56
199409   1.33
199410   1.43
199411  -0.20
199412   3.50
199501  -1.82
199502  -0.36
199503   0.39
199504   1.80
199505  -0.44
199506   2.90
199507   2.53
199508   0.09
199509   2.71
199510   4.11
199511  -0.65
199512   2.54
199601   0.57
199602   0.57
199603  -1.88
199604  -0.91
199605   1.55
199606   1.01
199607  -0.11
199608  -0.05
199609   2.70
199610   3.91
199611  -2.23
199612   0.61
199701   1.95
199702  -2.06
199703   0.97
199704   4.92
199705  -5.16
199706   2.62
199707   3.81
199708  -2.55
199709   1.45
199710  -0.39
199711   0.29
199712   3.95
199801   0.11
199802  -1.14
199803   2.15
199804   0.78
199805   1.88
199806   7.26
199807   3.68
199808   1.88
199809  -0.71
199810  -5.36
199811   1.16
199812   8.99
199901   3.05
199902  -0.15
199903  -1.29
199904  -9.06
199905  -5.28
199906   4.88
199907   1.50
199908   2.92
199909   6.45
199910   5.48
199911   5.61
199912  13.19
200001   1.86
200002  18.36
200003  -6.39
200004  -8.58
200005  -9.08
200006  16.59
200007  -0.11
200008   5.70
200009   2.19
200010  -4.63
200011  -2.40
200012   6.70
200101 -25.05
200102  12.51
200103   8.35
200104  -7.97
200105   2.12
200106   0.34
200107   5.47
200108   5.54
200109  11.54
200110  -8.41
200111  -8.58
200112  -0.02
200201   3.68
200202   6.76
200203  -1.67
200204   7.96
200205   2.97
200206   6.15
200207   3.34
200208   1.76
200209   9.09
200210  -5.29
200211 -16.17
200212   9.64
200301   1.61
200302   1.25
200303   1.62
200304  -9.46
200305 -10.77
200306  -1.06
200307  -0.31
200308  -0.56
200309  -0.19
200310   3.73
200311   1.62
200312  -5.71
200401   2.60
200402  -1.10
200403   0.21
200404  -5.39
200405   1.60
200406   2.10
200407  -2.29
200408  -1.55
200409   5.24
200410  -1.52
200411   3.23
200412  -2.84
200501   3.20
200502   3.17
200503   0.55
200504  -0.86
200505   0.44
200506   2.05
200507   0.00
200508   2.27
200509   3.45
200510  -1.29
200511   0.25
200512   0.77
200601   2.68
200602  -1.84
200603   1.26
200604   0.61
200605  -3.65
200606   1.48
200607  -2.22
200608  -3.46
200609  -0.95
200610  -0.23
200611  -1.01
200612   0.84
200701   0.21
200702  -1.35
200703   2.49
200704  -0.16
200705  -0.27
200706   0.38
200707   2.80
200708   0.11
200709   4.59
200710   4.96
200711   0.93
200712   6.52
200801  -7.89
200802   6.11
200803   4.10
200804  -0.20
200805   3.21
200806  12.53
200807  -5.14
200808  -4.04
200809   0.35
200810   7.79
200811   7.10
200812  -5.08
200901  -1.84
200902   4.16
200903 -11.38
200904 -34.39
200905 -12.44
200906   5.29
200907  -5.36
200908  -8.84
200909  -4.93
200910   2.66
200911   0.29
200912   2.91
201001  -5.38
201002   3.60
201003   3.66
201004   3.22
201005  -0.13
201006  -3.00
201007   1.88
201008  -0.19
201009   1.35
201010   1.64
201011   2.54
201012  -3.19
201101  -0.32
201102   2.03
201103   3.51
201104   0.06
201105  -0.58
201106   1.77
201107   0.02
201108  -0.33
201109  -2.57
201110  -1.42
201111   3.98
201112   1.95
201201  -7.96
201202  -0.28
201203   1.49
201204   3.84
201205   6.59
201206  -0.72
201207   3.16
201208  -2.48
201209  -1.04
201210   0.10
201211   0.34
201212  -2.97
201301  -1.86
201302   1.32
201303   1.97
201304   0.27
201305  -1.78
201306   0.59
201307   1.75
201308   0.05
201309   2.96
201310   0.15
201311   0.40
201312   0.04
201401   1.70
201402   2.07
201403  -3.34
201404  -3.86
201405   1.15
201406   0.67
201407  -0.25
201408   0.80
201409   0.52
201410   0.00
201411   1.06
201412   1.09
201501   3.84
201502  -2.83
201503   3.02
201504  -7.39
201505   6.01
201506   3.03
201507  10.33
201508  -2.12
201509   5.33
201510  -4.04
201511   2.32
201512   3.45
201601   1.33
201602  -4.11
201603  -5.13
201604  -6.27
201605   1.92
201606   4.22
201607  -2.99
201608  -3.12
201609  -0.58
201610   0.64
201611  -4.15
201612  -0.42
201701  -0.94
201702  -1.65
201703  -0.92
201704   0.55
201705   1.45
201706  -0.26
201707   1.63
201708   3.52
201709  -1.17
201710   4.30
201711  -0.73
201712  -1.65
201801   3.93
201802   3.96
201803  -1.24
201804   0.20
201805   3.81
201806  -2.39
201807  -1.60
201808   5.31
201809  -0.07
201810  -1.82
201811  -1.42
201812   1.83
201901  -8.68
201902   0.79
201903   2.18
201904  -2.61
201905   7.61
201906  -2.23
201907   2.68
201908   7.60
201909  -6.85
201910   0.24
201911  -2.62
201912  -2.13
202001   5.56
202002  -0.25
202003   8.47
202004  -5.29
202005   0.85
202006  -0.98

Annual Factors:
January-December 
           Mom   
  1927  23.87
  1928  28.62
  1929  21.40
  1930  25.90
  1931  24.15
  1932 -21.04
  1933  19.67
  1934  17.53
  1935  22.73
  1936   6.12
  1937  -4.36
  1938  -1.69
  1939   0.79
  1940   5.80
  1941   9.14
  1942 -15.52
  1943  14.24
  1944  10.92
  1945  15.52
  1946   5.31
  1947  13.84
  1948  11.86
  1949   0.36
  1950  15.39
  1951  11.62
  1952   9.01
  1953  16.32
  1954  10.34
  1955  14.05
  1956  19.04
  1957   9.90
  1958  -9.56
  1959  19.23
  1960  17.31
  1961  11.33
  1962  11.87
  1963  11.64
  1964   4.50
  1965  20.69
  1966  10.49
  1967  22.68
  1968   2.22
  1969   9.91
  1970  -3.27
  1971   3.45
  1972  15.56
  1973  29.26
  1974   8.30
  1975 -18.87
  1976   7.43
  1977  17.76
  1978  12.04
  1979  26.52
  1980  37.14
  1981  -8.32
  1982  34.69
  1983  -9.96
  1984   9.10
  1985  14.83
  1986   8.39
  1987  -3.68
  1988  -5.44
  1989  28.07
  1990  17.62
  1991  14.80
  1992   3.14
  1993  23.73
  1994   3.24
  1995  17.58
  1996   6.65
  1997  11.92
  1998  23.29
  1999  34.31
  2000  15.41
  2001   4.33
  2002  25.62
  2003 -24.50
  2004  -0.46
  2005  14.88
  2006  -7.80
  2007  21.64
  2008  13.17
  2009 -82.28
  2010   6.02
  2011   7.24
  2012   1.93
  2013   7.97
  2014   1.56
  2015  20.71
  2016 -20.44
  2017   5.04
  2018   9.41
  2019  -1.74

Copyright 2020 Kenneth R. French
