This file was created by CMPT_ME_PRIOR_RETS using the 202006 CRSP database.  It
contains a momentum factor, constructed from six value-weight portfolios formed
using independent sorts on size and prior return of NYSE, AMEX, and NASDAQ stocks.
LT_Rev is the average of the returns on two (big and small) low prior return portfolios
minus the average of the returns on two high prior return portfolios.  The portfolios
are constructed monthly.  Big means a firm is above the median market cap on the NYSE
at the end of the previous month; small firms are below the median NYSE market cap.
Prior return is measured from month -60 to -13.  Firms in the low prior return
portfolio are below the 30th NYSE percentile.  Those in the high portfolio are above
the 70th NYSE percentile.

Missing data are indicated by -99.99 or -999.

          LT_Rev
193101   1.27
193102   2.25
193103   4.28
193104  -1.64
193105  -2.84
193106   3.37
193107   4.20
193108  -3.45
193109  -7.13
193110   8.39
193111   0.96
193112  -6.12
193201   6.77
193202  -0.12
193203   1.28
193204   0.36
193205   9.85
193206  -1.36
193207  17.47
193208  22.08
193209  -8.10
193210  -8.24
193211  -6.27
193212  -8.73
193301   2.32
193302  -3.42
193303   6.41
193304  36.45
193305  32.99
193306  10.29
193307   0.50
193308   2.79
193309 -14.07
193310  -6.11
193311   2.29
193312  -0.38
193401  26.95
193402   1.86
193403  -1.55
193404  -4.04
193405  -7.54
193406  -4.54
193407 -13.43
193408   5.41
193409   0.02
193410  -4.10
193411   2.89
193412  -2.07
193501  -2.10
193502  -8.58
193503  -0.46
193504   5.49
193505   2.09
193506   0.09
193507   9.72
193508   9.84
193509   0.05
193510   5.71
193511   7.61
193512   1.38
193601  12.34
193602   1.80
193603  -1.58
193604  -6.97
193605   3.24
193606  -2.35
193607   4.67
193608   2.34
193609  -0.89
193610   1.65
193611  -2.12
193612   3.44
193701   1.16
193702  -0.33
193703  -1.82
193704  -0.08
193705  -2.75
193706   0.69
193707  -1.20
193708  -2.12
193709  -3.53
193710   2.32
193711   2.82
193712   1.05
193801  -0.21
193802  -3.68
193803   7.94
193804  -3.31
193805   3.82
193806 -12.35
193807  -2.97
193808  -3.15
193809  -0.56
193810   5.56
193811  -2.95
193812  -1.35
193901  -1.03
193902   2.35
193903  -7.29
193904   1.15
193905  -0.12
193906  -5.01
193907   1.50
193908  -0.33
193909  13.98
193910  -3.84
193911  -3.53
193912  -1.60
194001   3.69
194002  -1.20
194003  -1.23
194004   1.26
194005  -3.04
194006   1.66
194007  -1.36
194008  -1.82
194009  -1.63
194010   0.87
194011  -5.09
194012  -2.90
194101   2.85
194102  -1.45
194103   0.57
194104  -0.74
194105  -0.26
194106  -1.05
194107   8.62
194108  -1.64
194109  -3.69
194110  -3.36
194111  -1.89
194112  -5.66
194201  14.46
194202   1.25
194203  -0.04
194204  -0.04
194205  -3.58
194206  -0.22
194207   3.33
194208   0.04
194209   3.14
194210   8.82
194211  -3.22
194212   1.65
194301  12.24
194302   9.58
194303   4.92
194304   4.61
194305   5.58
194306  -1.20
194307  -2.21
194308  -0.64
194309   3.01
194310  -1.71
194311  -4.23
194312   3.30
194401   2.46
194402  -0.43
194403   1.43
194404  -0.55
194405  -0.26
194406   0.46
194407   1.35
194408   0.67
194409   0.16
194410  -0.75
194411  -2.42
194412  -0.33
194501   0.47
194502  -0.35
194503   0.28
194504  -1.86
194505  -0.81
194506   0.99
194507   1.88
194508  -0.57
194509  -1.90
194510  -3.73
194511  -3.85
194512  -1.61
194601   1.15
194602   2.08
194603  -2.88
194604  -0.70
194605  -2.12
194606   1.49
194607   1.84
194608   2.24
194609   5.77
194610   1.34
194611   3.45
194612   0.24
194701  -0.28
194702   0.53
194703   3.01
194704   5.18
194705   3.17
194706  -2.29
194707  -3.75
194708   2.38
194709  -0.30
194710  -0.94
194711   1.75
194712  -0.04
194801   1.19
194802   2.57
194803  -1.53
194804   0.25
194805  -0.62
194806   1.41
194807   1.48
194808  -1.05
194809   1.22
194810   0.48
194811   0.85
194812   0.72
194901   0.82
194902   1.06
194903  -0.26
194904   0.18
194905   1.25
194906  -0.77
194907  -0.43
194908  -1.52
194909  -0.59
194910  -0.11
194911  -2.01
194912   3.44
195001   2.31
195002   0.06
195003  -0.65
195004   2.88
195005  -2.90
195006  -3.12
195007   7.50
195008  -3.14
195009   0.36
195010  -0.64
195011   0.79
195012   7.40
195101   2.63
195102  -3.19
195103  -2.87
195104  -0.25
195105  -1.65
195106  -4.56
195107   1.09
195108  -0.59
195109   1.31
195110  -0.57
195111  -0.39
195112  -2.14
195201  -0.99
195202   0.93
195203  -2.40
195204   1.78
195205  -1.84
195206  -1.66
195207  -0.65
195208   0.40
195209   0.92
195210   0.46
195211  -0.84
195212  -0.70
195301   1.46
195302   0.94
195303   0.98
195304   1.91
195305  -1.30
195306  -0.90
195307  -0.60
195308   0.86
195309  -0.40
195310  -3.37
195311  -0.84
195312  -1.18
195401  -0.42
195402  -0.96
195403  -2.26
195404  -3.10
195405  -1.13
195406  -1.08
195407   0.66
195408   0.05
195409  -3.32
195410  -0.90
195411  -1.66
195412  -0.01
195501  -0.95
195502  -1.88
195503   0.08
195504  -0.05
195505  -0.06
195506  -3.21
195507  -0.35
195508   0.08
195509   0.20
195510   0.01
195511  -3.00
195512  -0.45
195601   1.30
195602  -1.73
195603  -2.86
195604  -1.17
195605   0.08
195606  -1.42
195607  -1.90
195608   0.63
195609   0.98
195610  -0.45
195611   2.39
195612  -1.25
195701   4.96
195702   1.11
195703  -0.63
195704  -1.90
195705  -2.06
195706  -1.56
195707  -0.56
195708   2.10
195709   2.47
195710  -0.14
195711  -0.82
195712   1.66
195801   2.50
195802   0.82
195803  -0.69
195804   1.13
195805   0.29
195806  -0.68
195807  -2.12
195808   0.65
195809  -0.65
195810  -0.99
195811  -0.36
195812  -0.33
195901   1.98
195902   0.39
195903  -0.46
195904  -0.46
195905   0.90
195906  -0.03
195907  -0.41
195908  -1.13
195909  -0.12
195910  -0.07
195911  -0.37
195912  -0.52
196001   0.90
196002  -0.77
196003  -1.41
196004  -1.20
196005  -3.50
196006  -0.11
196007   0.28
196008   1.03
196009   1.27
196010   1.27
196011  -2.55
196012  -0.58
196101   3.72
196102  -2.73
196103  -3.02
196104   0.85
196105   0.79
196106  -1.67
196107  -0.32
196108  -1.60
196109  -2.86
196110  -0.51
196111  -2.57
196112   3.38
196201   6.57
196202   1.07
196203  -1.11
196204   0.54
196205   3.48
196206   1.74
196207  -2.00
196208  -1.10
196209   1.78
196210   0.85
196211   0.77
196212  -0.45
196301   1.62
196302   0.73
196303   1.25
196304   1.00
196305   2.41
196306  -0.23
196307  -1.05
196308   1.58
196309  -0.09
196310  -0.21
196311   0.00
196312  -0.02
196401   0.04
196402   1.33
196403   3.88
196404  -2.52
196405  -0.08
196406  -0.47
196407  -0.01
196408  -0.67
196409   3.68
196410  -0.72
196411  -1.33
196412  -1.60
196501   2.18
196502   2.92
196503   0.64
196504   0.18
196505   0.02
196506  -1.88
196507   1.59
196508   1.68
196509   2.06
196510   0.94
196511   1.02
196512  -0.22
196601   1.51
196602   1.34
196603   0.67
196604   1.52
196605  -0.84
196606   1.43
196607  -0.41
196608   2.21
196609  -1.65
196610   0.07
196611  -0.15
196612   0.33
196701   0.54
196702   2.21
196703  -0.86
196704  -3.58
196705  -0.30
196706  -0.40
196707  -1.61
196708   0.29
196709  -0.82
196710   0.37
196711  -2.06
196712   1.85
196801   5.99
196802   2.63
196803  -2.46
196804  -4.90
196805  -1.86
196806   2.69
196807   6.27
196808   0.73
196809   0.08
196810   2.69
196811  -2.15
196812  -1.00
196901   2.32
196902   2.31
196903  -0.02
196904   0.07
196905   1.36
196906   1.45
196907   2.99
196908  -4.65
196909  -1.11
196910  -1.80
196911  -0.51
196912   0.10
197001   4.09
197002   1.67
197003   5.18
197004   6.80
197005   3.94
197006   3.21
197007   1.62
197008  -0.81
197009  -7.70
197010   0.70
197011   1.90
197012   1.16
197101   0.83
197102  -0.24
197103  -2.11
197104   1.98
197105  -0.67
197106  -0.95
197107  -2.83
197108   1.86
197109  -1.81
197110  -0.06
197111  -0.89
197112   0.75
197201   3.01
197202  -1.38
197203  -1.63
197204  -0.22
197205  -1.64
197206  -1.08
197207  -0.29
197208   3.07
197209  -1.36
197210   0.27
197211   1.43
197212  -2.30
197301   0.02
197302  -0.20
197303   1.03
197304   2.51
197305  -2.42
197306  -0.45
197307   0.40
197308   0.35
197309   5.76
197310   2.49
197311  -2.33
197312   2.62
197401   7.71
197402   4.56
197403  -0.17
197404   1.26
197405  -3.02
197406  -1.75
197407   3.34
197408   1.97
197409   0.81
197410  -4.80
197411   0.15
197412  -3.94
197501  14.49
197502   0.22
197503   4.73
197504  -1.99
197505   2.13
197506   2.42
197507   0.78
197508  -2.34
197509  -1.46
197510   0.71
197511   2.17
197512  -0.32
197601   9.27
197602   4.87
197603   0.36
197604  -1.83
197605  -3.40
197606   1.68
197607   0.49
197608   0.22
197609  -0.54
197610  -1.51
197611   1.19
197612   2.74
197701   0.88
197702  -1.49
197703  -0.91
197704   0.23
197705   0.18
197706   3.31
197707   1.46
197708   3.43
197709   0.64
197710  -1.14
197711   3.25
197712  -1.77
197801   1.43
197802  -0.81
197803   0.74
197804   1.99
197805  -0.14
197806   0.11
197807   0.57
197808  -0.51
197809  -0.69
197810  -0.04
197811  -0.79
197812   0.25
197901  -0.77
197902   0.95
197903  -0.36
197904  -0.39
197905   0.75
197906  -2.71
197907  -2.00
197908  -1.71
197909   0.08
197910   1.47
197911  -2.26
197912  -0.32
198001  -0.93
198002  -0.08
198003   2.60
198004  -0.12
198005   0.76
198006  -2.90
198007  -1.63
198008  -1.53
198009  -1.78
198010  -2.83
198011  -7.81
198012   3.41
198101   7.61
198102   2.59
198103   1.56
198104   2.83
198105   1.60
198106   0.96
198107  -3.51
198108   1.28
198109   5.17
198110  -4.91
198111   0.58
198112   1.36
198201   6.41
198202   5.94
198203   4.04
198204  -1.72
198205   1.60
198206   1.91
198207   2.36
198208  -0.99
198209  -0.45
198210  -0.95
198211   1.04
198212   1.04
198301   0.09
198302  -0.43
198303   0.94
198304   3.20
198305  -2.08
198306  -0.92
198307   1.06
198308   0.12
198309   0.76
198310   1.16
198311  -1.38
198312   1.33
198401   4.26
198402   0.23
198403   0.71
198404  -1.59
198405  -0.20
198406  -3.62
198407  -1.65
198408  -1.71
198409   1.76
198410  -1.77
198411   1.03
198412  -3.09
198501  -1.88
198502  -0.05
198503  -0.71
198504   0.05
198505  -3.97
198506  -2.39
198507   1.66
198508   0.10
198509  -0.82
198510  -2.47
198511  -2.39
198512  -3.15
198601  -2.83
198602  -3.68
198603  -2.22
198604  -1.17
198605  -1.38
198606  -6.40
198607  -3.95
198608   4.75
198609   3.86
198610   0.68
198611   0.15
198612   0.55
198701   3.18
198702  -0.12
198703   4.22
198704   3.89
198705   2.21
198706  -1.48
198707   2.33
198708  -3.05
198709   3.10
198710  -5.81
198711  -0.35
198712   2.89
198801  -1.69
198802   1.53
198803   1.21
198804   0.47
198805  -0.11
198806   1.83
198807  -1.36
198808  -2.00
198809  -1.93
198810  -0.11
198811  -0.82
198812   0.78
198901   2.89
198902   0.91
198903   0.16
198904  -1.12
198905  -1.73
198906  -0.74
198907  -1.83
198908   0.14
198909  -2.81
198910  -3.58
198911  -1.25
198912  -0.85
199001   3.26
199002   1.90
199003  -0.10
199004  -1.12
199005   0.96
199006  -1.46
199007  -1.81
199008   1.56
199009   0.68
199010  -3.56
199011  -0.65
199012  -2.22
199101   6.16
199102   1.10
199103  -0.33
199104  -1.18
199105   1.34
199106  -1.69
199107   0.80
199108  -0.41
199109  -0.79
199110   2.28
199111  -2.68
199112  -0.93
199201   9.46
199202   5.44
199203   1.38
199204   0.76
199205  -0.47
199206   1.29
199207  -1.30
199208  -4.09
199209   0.08
199210  -1.10
199211   0.31
199212   0.77
199301   5.53
199302   4.28
199303   1.75
199304   2.42
199305   1.22
199306   1.68
199307   0.97
199308   1.15
199309   0.40
199310   1.63
199311   1.50
199312   0.49
199401   3.73
199402  -0.16
199403   0.57
199404   0.18
199405   1.63
199406   0.47
199407   0.49
199408   2.35
199409   1.68
199410   0.60
199411  -1.62
199412   0.12
199501  -0.57
199502  -0.97
199503   1.12
199504   0.39
199505  -1.11
199506  -1.82
199507  -0.90
199508  -1.09
199509  -0.96
199510   0.50
199511   0.68
199512   3.93
199601   1.35
199602  -1.33
199603  -0.23
199604  -0.78
199605   1.25
199606  -0.13
199607   0.01
199608  -1.54
199609  -2.13
199610   0.07
199611  -2.43
199612  -0.57
199701  -1.59
199702   0.85
199703   2.07
199704  -4.05
199705  -2.20
199706   0.17
199707  -1.17
199708   3.16
199709  -0.37
199710   0.39
199711   1.01
199712   0.09
199801  -1.01
199802  -1.19
199803   2.29
199804  -0.93
199805   1.51
199806  -0.71
199807   0.41
199808   4.50
199809   0.20
199810  -4.19
199811  -0.35
199812  -0.99
199901   1.10
199902   0.32
199903  -0.84
199904   5.12
199905   3.43
199906   0.44
199907   1.87
199908  -1.60
199909   0.15
199910  -2.69
199911   5.22
199912   5.55
200001   1.78
200002   7.59
200003  -5.21
200004   0.45
200005  -1.75
200006   2.39
200007  -3.27
200008   1.00
200009  -2.58
200010  -1.05
200011   0.31
200012   2.82
200101  -2.68
200102  11.00
200103   3.81
200104  -3.85
200105   3.86
200106   1.93
200107   2.76
200108   5.87
200109  -0.12
200110  -1.56
200111   0.29
200112   1.17
200201   3.55
200202   4.07
200203   2.09
200204   6.15
200205   2.32
200206   2.21
200207  -3.06
200208  -0.63
200209  -0.56
200210  -0.36
200211   4.09
200212   2.21
200301   0.41
200302  -1.86
200303  -2.61
200304  -0.96
200305   3.53
200306   1.46
200307   0.33
200308  -0.31
200309   1.16
200310   1.99
200311   1.89
200312   2.13
200401   1.93
200402  -2.95
200403  -1.69
200404  -2.29
200405   0.97
200406   1.73
200407  -2.45
200408  -2.85
200409  -1.28
200410   0.97
200411  -1.15
200412   0.86
200501  -2.90
200502  -1.49
200503  -0.72
200504  -1.50
200505   0.46
200506  -1.52
200507   0.93
200508   0.33
200509  -0.07
200510  -0.99
200511   0.24
200512  -0.84
200601   1.15
200602   1.25
200603   0.48
200604  -0.47
200605  -0.17
200606  -1.10
200607   1.39
200608   2.92
200609   1.74
200610  -0.46
200611  -1.93
200612   1.92
200701  -0.64
200702  -0.65
200703  -1.23
200704   0.30
200705  -2.47
200706  -0.29
200707  -2.04
200708  -0.26
200709  -2.77
200710  -1.56
200711   0.48
200712  -2.20
200801   1.75
200802  -2.10
200803   2.94
200804  -4.54
200805  -4.44
200806  -3.12
200807   7.50
200808   1.10
200809   5.84
200810   2.66
200811  -2.57
200812   0.30
200901  -7.04
200902   1.06
200903   4.19
200904  -0.39
200905  -1.70
200906   1.34
200907   4.94
200908   5.45
200909  -1.71
200910  -4.70
200911   1.46
200912   0.71
201001   1.63
201002   2.61
201003   4.28
201004   4.78
201005  -2.93
201006  -5.28
201007   0.60
201008  -3.82
201009   1.90
201010  -2.27
201011  -0.83
201012   4.82
201101   1.01
201102   1.29
201103  -1.88
201104  -2.15
201105  -2.57
201106  -1.97
201107  -2.39
201108  -6.36
201109  -5.03
201110   3.29
201111  -3.49
201112   1.82
201201   1.47
201202   1.65
201203   2.60
201204  -1.77
201205  -1.79
201206   1.58
201207  -1.94
201208   1.88
201209   1.75
201210   0.98
201211  -0.74
201212   3.63
201301   3.44
201302  -0.11
201303   1.48
201304  -0.22
201305   3.03
201306  -0.81
201307   1.52
201308  -1.28
201309   0.03
201310   0.23
201311   0.34
201312  -0.98
201401   1.13
201402  -1.33
201403   2.93
201404   0.16
201405  -0.61
201406   0.42
201407   0.30
201408  -1.33
201409  -1.17
201410  -3.46
201411  -1.71
201412   0.42
201501  -3.43
201502  -1.99
201503  -2.42
201504   1.42
201505  -0.90
201506  -0.94
201507  -1.57
201508   1.29
201509  -0.02
201510  -0.85
201511  -0.23
201512  -2.77
201601  -1.18
201602   0.18
201603   4.33
201604   5.14
201605  -2.25
201606   1.45
201607  -0.38
201608   0.54
201609   1.78
201610  -1.11
201611   2.36
201612  -2.55
201701  -1.47
201702  -3.46
201703  -1.16
201704  -3.76
201705  -2.68
201706  -0.82
201707   0.52
201708  -2.04
201709   0.87
201710  -2.02
201711   0.77
201712   2.18
201801  -1.83
201802  -3.57
201803   1.95
201804   2.95
201805  -0.26
201806   1.04
201807  -1.71
201808  -2.71
201809   1.89
201810  -1.88
201811  -4.36
201812  -3.27
201901   2.73
201902  -0.68
201903  -0.79
201904  -3.07
201905  -4.47
201906  -0.08
201907  -3.20
201908  -5.00
201909   2.76
201910  -3.21
201911  -0.08
201912   1.12
202001  -4.94
202002  -1.59
202003  -8.72
202004   3.28
202005  -2.47
202006   1.85

Annual Factors:
January-December 
           LT_Rev
  1931  -2.35
  1932  11.61
  1933  80.23
  1934 -10.49
  1935  40.16
  1936  18.09
  1937  -1.60
  1938  -9.96
  1939 -10.73
  1940 -10.79
  1941  -8.39
  1942  30.10
  1943  45.42
  1944   3.10
  1945 -15.94
  1946  13.81
  1947   9.37
  1948   7.33
  1949   1.15
  1950  13.36
  1951 -13.38
  1952  -4.65
  1953  -2.03
  1954 -20.62
  1955 -11.12
  1956  -5.29
  1957   4.67
  1958  -0.28
  1959  -0.48
  1960  -4.96
  1961  -8.53
  1962  11.64
  1963   8.05
  1964   1.61
  1965  13.59
  1966   5.52
  1967  -4.17
  1968  11.81
  1969   2.27
  1970  23.02
  1971  -5.44
  1972  -3.23
  1973   6.87
  1974   4.69
  1975  27.75
  1976  15.74
  1977   8.13
  1978   1.92
  1979  -8.29
  1980 -15.58
  1981  17.62
  1982  26.70
  1983   5.09
  1984  -5.15
  1985 -20.02
  1986 -12.53
  1987   8.68
  1988  -3.01
  1989 -12.21
  1990  -1.92
  1991   4.95
  1992  13.78
  1993  26.57
  1994   9.90
  1995  -1.05
  1996  -7.62
  1997  -1.24
  1998  -0.08
  1999  21.53
  2000   0.76
  2001  25.96
  2002  18.31
  2003  10.58
  2004  -9.77
  2005  -8.96
  2006   7.29
  2007 -13.86
  2008   4.05
  2009   2.68
  2010   4.02
  2011 -19.02
  2012  10.24
  2013   8.57
  2014  -4.34
  2015 -11.95
  2016   8.94
  2017 -15.23
  2018 -11.25
  2019 -18.59

Copyright 2020 Kenneth R. French
