This was created by CMPT_EP_CFP_OP_INV_NI_AC_BRKPTS using the 202006 CRSP database.
It contains every 5th NYSE INV percentile.

    Count
1963  756       -5.42       -2.45       -1.13        0.35        1.36        2.15        2.94        3.75        4.51        5.19        6.16        6.86        7.95        9.63       11.31       13.48       16.54       21.82       32.73      167.74
1964  809       -4.66       -1.99       -0.26        1.08        1.69        2.41        3.11        3.95        4.57        5.43        6.24        7.03        7.94        9.13       10.98       13.00       16.64       21.72       31.69      185.94
1965  855       -4.23       -0.83        1.21        2.33        3.10        3.81        4.56        5.43        6.24        7.01        7.91        9.11       10.26       11.38       13.59       16.01       19.32       23.38       34.00      241.73
1966  925       -2.44        1.20        2.48        3.41        4.59        5.39        6.28        7.20        8.21        9.21       10.26       11.75       12.87       14.89       17.63       20.97       24.91       31.94       46.18      528.91
1967  972       -0.97        1.75        3.47        4.50        5.69        6.60        7.79        8.93       10.22       11.49       12.73       14.09       15.82       18.38       20.63       23.65       28.06       34.71       44.23      616.87
1968 1018       -2.86        0.00        1.83        3.19        4.32        5.54        6.65        7.78        8.79        9.80       11.09       12.64       14.02       15.91       18.56       22.26       26.96       35.03       59.73      571.43
1969 1082       -1.06        1.95        3.63        4.69        5.95        7.03        8.07        9.40       10.43       11.73       13.16       14.49       16.67       19.00       21.46       25.46       32.64       46.77       77.49      441.96
1970 1143       -1.41        1.43        2.65        4.04        5.07        6.08        7.31        8.41        9.60       10.81       12.19       13.68       15.49       17.25       20.26       23.94       30.08       41.22       73.48      982.63
1971 1181       -7.10       -3.02       -0.55        0.82        2.37        3.43        4.70        5.85        6.99        8.11        9.19       10.27       11.63       13.07       14.88       17.31       21.13       28.57       44.49      370.22
1972 1234       -8.69       -3.88       -1.57        0.04        1.47        2.66        3.72        4.83        6.10        7.04        8.17        9.56       10.71       12.15       13.77       15.69       18.46       23.33       32.09      212.27
1973 1284       -5.52       -0.70        1.25        2.84        3.90        4.87        6.07        7.40        8.50        9.29       10.50       11.79       13.17       14.77       16.90       19.62       22.27       27.39       38.85      352.44
1974 1312       -3.10        1.14        3.14        4.84        6.47        7.66        8.97       10.04       11.04       12.11       13.11       14.36       15.76       17.29       19.01       21.38       24.38       29.55       42.37      206.62
1975 1329       -5.46       -0.57        2.10        3.88        5.57        7.13        8.58        9.74       11.02       12.20       13.37       14.88       16.28       17.82       19.93       22.65       25.45       29.63       37.01      464.05
1976 1341      -13.42       -8.25       -5.16       -3.10       -1.46       -0.39        1.12        2.41        3.57        4.91        5.86        7.12        8.56        9.88       11.68       13.73       16.48       20.10       27.35      355.24
1977 1369       -7.42       -3.11       -0.38        1.70        2.94        4.43        5.72        6.69        7.81        8.78        9.82       10.90       12.32       13.65       15.47       17.35       19.78       23.92       30.39      122.18
1978 1371       -4.28       -0.48        2.07        3.83        5.18        6.31        7.27        8.35        9.26       10.24       11.24       12.46       13.71       15.17       16.65       18.98       21.75       25.74       32.98      242.60
1979 1363       -2.40        2.02        4.48        6.07        7.36        8.56        9.70       10.44       11.48       12.55       13.62       15.13       16.14       17.78       20.11       22.47       26.42       32.81       45.59      333.62
1980 1353       -3.07        2.76        4.97        6.65        8.17        9.35       10.57       11.82       13.13       14.20       15.23       16.62       17.85       19.56       22.41       25.65       29.96       35.95       49.29      860.36
1981 1350       -6.26       -1.12        1.82        3.66        5.21        6.98        8.16        9.24       10.32       11.38       12.62       13.98       15.03       16.41       18.78       21.92       26.00       32.26       46.18      196.92
1982 1342       -9.43       -3.68       -0.38        1.92        3.28        4.59        6.13        7.17        8.43        9.61       10.70       11.84       13.38       14.98       17.13       19.99       25.51       32.98       51.16      347.74
1983 1321      -14.02       -8.77       -6.10       -3.47       -1.44        0.16        1.58        3.18        4.75        6.03        7.55        8.96       10.37       11.89       13.79       16.57       20.41       25.53       36.81      585.37
1984 1311      -13.14       -6.53       -3.52       -1.10        0.64        2.13        3.43        4.65        5.94        7.34        8.44        9.99       11.53       13.45       15.38       17.58       21.33       28.31       45.79      407.56
1985 1290      -13.26       -6.76       -3.36       -0.79        0.81        2.29        3.96        5.35        6.88        8.05        9.70       11.31       12.97       14.93       17.10       20.41       24.51       32.36       48.00      409.54
1986 1258      -17.83       -8.89       -4.68       -2.10        0.28        1.82        3.50        5.28        6.33        7.50        8.82       10.44       12.17       14.06       16.56       19.70       24.48       33.47       56.02      780.69
1987 1258      -20.28      -11.82       -7.19       -3.47       -0.58        1.32        3.01        4.63        6.07        8.06        9.69       11.54       13.75       16.24       19.70       23.63       30.21       42.04       76.40      839.82
1988 1258      -15.97       -7.85       -3.79       -1.27        0.44        2.09        3.49        4.78        5.98        7.72        9.32       11.03       12.94       15.21       17.55       21.66       28.19       38.63       71.19      985.40
1989 1249      -17.91       -8.75       -4.95       -1.85        0.66        2.20        3.63        4.94        6.59        8.05        9.68       11.09       12.92       15.28       18.41       21.36       26.63       36.76       59.72     7940.35
1990 1247      -16.06       -8.81       -4.57       -1.75        0.17        1.75        2.98        4.05        5.51        6.77        8.07        9.53       10.88       12.65       15.05       18.04       23.35       32.71       55.17      693.22
1991 1286      -20.88      -11.21       -6.62       -3.04       -0.82        0.84        2.10        3.30        4.43        5.51        6.74        8.29        9.74       11.52       13.87       16.86       20.64       27.78       45.36      387.90
1992 1358      -21.14      -13.27       -8.70       -5.30       -3.59       -1.78       -0.37        0.55        1.72        2.90        4.35        5.76        7.07        8.65       10.56       12.97       17.36       24.24       39.80      260.49
1993 1441      -17.35       -9.33       -5.61       -3.28       -1.50       -0.16        1.32        2.64        3.65        4.79        5.98        7.20        9.36       11.27       13.84       16.85       20.82       28.51       53.66     2533.98
1994 1532      -16.18       -7.37       -4.18       -2.40       -0.66        1.15        2.65        4.18        5.47        6.88        8.35        9.93       12.00       13.80       16.79       21.17       27.62       36.53       58.70   444760.41
1995 1583      -14.86       -5.70       -2.49       -0.25        1.33        2.34        3.45        4.54        5.57        6.99        8.48       10.00       11.77       14.37       17.35       20.94       26.64       36.58       60.53      923.43
1996 1625      -15.22       -6.33       -2.81       -0.62        1.08        2.32        3.78        5.49        7.07        8.69       10.61       12.32       14.10       17.25       20.00       24.86       31.47       43.62       63.13     4060.84
1997 1746      -14.01       -5.89       -3.24       -1.20        0.56        2.09        3.55        4.80        6.30        7.86        9.98       12.13       14.39       17.37       21.91       27.11       37.80       52.96      100.01   592884.38
1998 1771      -14.01       -6.17       -2.79       -0.69        1.21        2.85        4.37        6.04        7.54        8.94       11.17       13.45       16.71       20.27       25.10       32.71       42.11       62.59      111.45   530581.81
1999 1723      -15.04       -6.72       -2.30       -0.19        1.56        3.40        5.01        6.35        7.98        9.91       12.00       15.13       18.40       21.85       27.02       33.73       44.14       64.86      113.96   264483.66
2000 1575      -13.97       -7.18       -4.36       -2.19       -0.04        1.56        3.20        4.50        6.17        8.13        9.69       11.83       14.52       18.09       21.47       27.01       34.57       50.18       83.51      525.23
2001 1463      -15.18       -8.12       -4.68       -2.99       -0.81        0.68        1.92        3.31        4.75        6.33        8.07       10.46       13.03       15.98       19.75       24.45       31.82       45.21       82.68      661.15
2002 1415      -20.99      -12.38       -8.31       -5.92       -3.91       -2.06       -0.75        0.81        2.28        3.96        5.62        7.60        9.84       12.22       15.18       18.89       26.89       35.91       59.26     1853.57
2003 1395      -20.36      -13.16       -9.14       -6.04       -3.94       -2.45       -0.94        0.65        2.13        3.69        5.26        6.96        9.00       11.21       13.76       16.75       21.96       28.48       45.92      651.19
2004 1385      -14.88       -6.39       -3.21       -1.27        0.43        1.66        3.18        4.53        6.15        7.19        8.78       10.18       11.77       13.46       15.47       17.91       21.81       28.88       42.21      500.30
2005 1392      -10.59       -5.36       -1.83        0.16        1.63        2.91        4.45        5.63        6.72        8.20        9.68       11.14       12.98       15.29       17.47       21.49       26.65       36.40       58.34      397.64
2006 1364      -12.38       -6.00       -3.99       -2.28       -0.38        1.15        2.41        3.96        5.29        6.95        8.35       10.09       12.34       14.28       17.23       21.02       26.64       39.67       65.94      372.05
2007 1337      -11.79       -6.44       -3.65       -1.55        0.25        1.36        2.79        3.99        5.40        7.13        8.42       10.35       12.33       14.33       16.79       20.74       26.18       36.84       58.46    25655.50
2008 1311      -13.80       -7.15       -3.25       -1.13        0.57        1.97        3.10        4.55        5.89        7.16        8.72       10.14       12.20       14.74       17.56       21.92       26.90       37.18       58.94      928.85
2009 1255      -28.26      -19.92      -14.10      -10.50       -8.01       -5.49       -3.14       -1.43        0.41        1.84        3.42        4.89        7.13        9.22       11.40       14.17       18.67       26.56       47.53      696.81
2010 1262      -23.05      -16.42      -12.55       -9.20       -6.94       -5.11       -3.40       -1.96       -0.63        0.67        1.47        2.69        4.39        5.89        7.36        9.62       12.30       16.95       27.96      793.36
2011 1254      -11.61       -6.46       -3.97       -1.91       -0.24        0.96        2.02        3.30        4.31        5.24        6.28        7.40        8.82       10.47       12.61       15.99       20.36       28.55       54.95     4933.72
2012 1259      -12.40       -6.30       -3.52       -1.41       -0.08        1.22        2.53        3.69        4.69        5.70        6.81        8.27       10.08       12.07       14.87       18.76       24.59       34.50       59.43     4772.47
2013 1265      -14.42       -7.28       -3.91       -1.78       -0.32        1.03        2.34        3.38        4.55        5.70        6.71        7.65        9.06       11.00       13.41       16.90       22.00       32.71       64.97     1782.37
2014 1295      -12.20       -6.91       -4.40       -2.66       -0.86        0.65        1.54        2.55        3.73        4.77        6.03        7.27        8.79       10.99       13.45       17.48       23.13       34.48       78.34      756.43
2015 1303      -12.38       -7.50       -5.00       -3.09       -1.64       -0.17        1.30        2.62        3.66        5.07        6.25        7.62        9.17       11.06       14.97       19.74       27.59       44.27       85.46     3984.34
2016 1262      -24.99      -15.58      -10.42       -7.56       -5.19       -3.83       -2.48       -1.04        0.35        1.74        2.93        4.32        5.71        7.42        9.73       13.07       18.77       26.63       49.46     1104.59
2017 1239      -19.85      -11.86       -7.69       -4.83       -3.20       -1.96       -0.81        0.34        1.83        2.89        4.13        5.25        6.61        8.13        9.81       12.86       17.36       24.42       47.79      440.15
2018 1216      -13.10       -6.99       -3.88       -1.76       -0.28        0.91        2.08        3.30        4.24        5.15        6.38        7.67        8.93       10.59       13.10       17.07       21.88       31.47       59.31      321.77
2019 1192      -15.39       -8.39       -5.32       -3.54       -2.27       -1.13       -0.06        0.86        1.69        2.83        3.85        5.17        6.10        7.97       10.83       15.48       20.60       31.03       55.83      697.42
