This file was created using the 202006 Bloomberg database. It contains
value- and equal-weighted returns for the intersections of 2 ME portfolios
and 3 BE/ME portfolios in Japan.

The portfolios are constructed at the end of June.  ME is market cap at the end
of June.  BE/ME is book equity at the last fiscal year end of the prior calendar
year divided by ME as of  6 months before formation.  Firms with negative
BE are not included in any portfolio.

The annual returns are from January to December.

The break points include utilities and include financials.

The portfolios include utilities and include financials.

Missing data are indicated by -99.99.



  Average Value Weighted Returns -- Monthly
               Small                 Big
          Low     2    High    Low     2    High
199007   3.99   5.52   8.71  -1.23   0.15   1.31
199008 -16.39 -15.29 -15.23 -10.25 -11.01 -10.74
199009 -14.42 -17.26 -16.37 -17.88 -16.55 -15.65
199010  26.27  29.33  25.05  29.66  25.59  21.78
199011 -19.32 -18.78 -18.07 -12.91 -12.11 -14.55
199012  -1.87  -3.38  -3.35   5.57   3.58  -0.17
199101  -6.90  -4.95  -4.12   3.50   2.02   1.20
199102  24.43  25.97  20.55   9.63  12.79  15.10
199103  -1.38  -1.12  -0.04  -4.31  -4.26  -4.85
199104   2.62   3.25   5.51   2.08   2.88   2.20
199105  -3.81  -1.49  -1.79  -1.27  -0.95  -2.50
199106  -6.90  -6.09  -3.68  -8.14  -7.84  -4.21
199107  -1.20  -0.52  -1.05   1.55   2.83   3.40
199108 -11.44 -11.42 -11.05  -5.67  -5.65  -7.73
199109  10.78  10.95  10.54   8.55   9.42   8.94
199110   8.38   6.98   4.60   6.17   4.32   3.12
199111 -10.44 -10.14 -10.36  -8.27  -6.70  -9.06
199112   4.98   3.79   3.83   3.01   2.60   3.99
199201  -6.15  -6.60  -5.94  -6.15  -6.49  -2.53
199202  -4.23  -4.25  -4.54  -6.56  -7.79  -7.64
199203 -13.81 -10.80 -11.87 -12.67 -10.18  -9.99
199204 -11.17 -11.04  -8.98  -9.45  -9.08  -0.73
199205  14.27  14.94  12.02   9.83   8.69   7.26
199206 -10.43  -7.77  -7.99  -9.81  -8.92  -7.27
199207  -9.14  -7.84  -7.42  -0.11  -3.16  -4.07
199208  13.53  11.12  10.33  22.60  15.04  12.62
199209   1.69   0.67   0.02  -3.76  -2.33  -2.37
199210  -8.09  -5.26  -6.65  -5.01  -5.61  -4.09
199211  -0.54  -0.85  -1.14   4.07   1.18   1.86
199212  -0.65   1.41   2.80  -1.34  -1.26  -0.12
199301  -2.56  -2.39  -1.69  -0.57  -0.18  -0.89
199302   6.25   5.39   7.50   4.64   5.16   3.07
199303  16.48  16.05  17.44  12.39  17.99  18.81
199304  17.48  17.20  19.89  14.18  17.78  19.39
199305  15.42  16.32  16.49   6.39   3.43   1.65
199306  -5.47  -6.85  -7.07  -1.53  -4.67  -5.28
199307   1.98   2.81   3.12   8.08   6.55   7.66
199308   2.39   2.25   1.52   1.83   2.55   3.33
199309  -4.05  -3.48  -5.24  -4.72  -5.84  -4.83
199310  -9.37  -9.32  -8.94  -1.34  -1.91  -1.39
199311 -16.94 -17.30 -18.21 -17.12 -14.14 -16.59
199312   0.36   1.99   2.72   1.32   1.92   4.58
199401  18.27  17.33  20.21  14.89  17.19  20.13
199402   4.03   4.80   6.22   2.76   3.98   5.50
199403   2.58   2.96   3.99  -3.78  -2.17  -1.16
199404   5.54   4.85   6.27   3.83   3.10   3.09
199405  -0.93  -0.26   1.09   0.61   1.23   4.14
199406   8.60   9.71  13.12   4.01   6.55   7.19
199407  -3.31  -2.86  -3.15  -3.58  -3.73  -4.91
199408  -2.37  -1.07  -2.01   0.31  -0.18   1.16
199409  -4.52  -4.56  -4.09  -3.28  -2.15  -2.52
199410   2.72   1.76   2.33   1.86   2.85   4.15
199411  -8.06  -7.57  -8.08  -5.79  -6.16  -5.95
199412   2.37   2.42   2.48   2.46   1.68   1.53
199501  -4.64  -3.90  -6.05  -5.34  -6.93  -8.35
199502  -5.85  -6.53  -5.67  -4.98  -5.34  -5.01
199503   5.55   5.41   7.20   9.33   9.02  10.14
199504   2.37   1.95   1.74   5.34   4.54   2.30
199505  -9.31  -8.81  -8.65  -5.34  -6.26  -7.34
199506  -6.18  -5.24  -4.81  -5.03  -3.65  -2.54
199507   7.79   6.72   4.61   7.19   6.13   5.48
199508   0.85   1.75  -1.62  -3.75  -2.24  -2.34
199509  -2.88  -2.70  -3.87  -0.44  -0.25  -3.34
199510  -1.73  -2.14  -2.83  -4.08  -3.90  -4.30
199511   4.70   4.71   6.11   4.83   4.15   4.32
199512   5.50   6.46   8.25   4.02   4.44   6.42
199601   1.14   2.98   1.75  -3.33  -0.35   0.13
199602  -1.15  -2.15  -1.94  -1.55  -1.31  -1.36
199603   3.09   1.66   1.74   3.32   3.10   2.73
199604  11.24  11.75  11.58   5.46   6.49   7.63
199605  -3.68  -3.97  -3.01  -4.32  -5.35  -3.73
199606  -1.02  -0.83  -0.86  -0.16   0.43   2.07
199607  -6.90  -5.77  -4.92  -4.81  -4.33  -4.73
199608  -3.42  -3.59  -4.09  -3.91  -5.09  -4.12
199609  -1.72  -1.40  -1.07   3.14   3.65   3.35
199610  -6.56  -6.39  -6.11  -7.10  -6.81  -6.65
199611  -4.07  -3.79  -3.20   0.35   1.46   2.22
199612 -11.37 -11.22 -10.27  -7.86  -6.20  -4.91
199701  -9.18  -9.62 -10.49 -12.72  -9.38  -9.24
199702  -2.30   0.19  -0.13   3.46   1.50   0.29
199703  -8.12  -7.93  -6.44  -4.07  -2.91  -2.41
199704  -1.95  -2.58  -3.59   1.98   2.35   3.25
199705  18.27  17.24  15.34  15.96  11.81  10.14
199706   2.50   2.39   3.33   7.04   5.54   4.87
199707 -11.12 -10.80 -11.54  -1.47  -4.25  -5.58
199708 -10.09 -10.54 -10.54  -9.41  -9.65  -8.41
199709 -13.82 -13.57 -13.22   0.67  -3.11  -3.87
199710   0.53  -0.10  -1.07  -9.50  -5.76  -9.63
199711 -17.57 -16.88 -17.89  -4.56  -8.73 -10.64
199712 -14.54 -15.68 -13.48  -5.10  -8.79  -9.74
199801  24.70  24.28  23.65   7.95  11.72  12.91
199802   5.70   5.04   6.23   0.41   0.91   1.90
199803  -9.93  -9.22  -8.24  -6.74  -5.84  -6.00
199804  -4.25  -3.36  -5.59  -1.16  -1.35  -3.48
199805  -5.04  -3.67  -3.97  -5.03  -3.52  -4.95
199806   1.16   0.84   0.92   0.39   0.99   1.31
199807  -1.46  -0.64  -1.55   0.06  -2.76  -3.16
199808  -6.90  -6.85  -8.86  -9.37  -7.27 -10.57
199809  -6.15  -4.66  -6.54  -2.74  -2.17  -7.16
199810  15.49  10.23  13.87  15.64  17.41  20.55
199811   3.79   5.30   6.81   3.82   2.98   4.98
199812   4.36   3.75   1.36   3.07   4.01   2.12
199901   2.29   0.82  -0.11   1.35   0.18   2.91
199902   5.92  -0.93  -1.43  -1.59  -3.84  -3.39
199903  16.65  11.07  15.07  13.61  12.61  18.39
199904   8.92   8.82  11.57   3.80   3.38   8.93
199905  -4.89  -5.36  -5.67  -4.70  -4.35  -6.31
199906  27.96  16.93  14.38  11.55   5.72  13.11
199907   4.26   6.82   7.84  11.94   9.57   9.45
199908   7.08   6.74   2.79   3.70   0.04   8.07
199909   9.30   4.03   2.27   9.50   4.35   8.74
199910   4.32   0.83  -2.18  10.85   2.55   5.93
199911   2.94  -1.30  -3.92  16.61   1.92  -5.04
199912  -3.18  -5.35  -7.31   4.63  11.00  -7.73
200001  -4.44  -1.48  -0.28  -7.71  -4.17   0.76
200002   4.20  -4.63  -2.35  -0.28  -1.27  -9.44
200003   8.48   9.51  10.35   2.63  10.31  12.81
200004 -12.43  -9.26 -11.26 -10.60  -5.94  -6.90
200005  -5.41   1.32   3.01 -11.72  -3.82  -0.03
200006   5.34   8.79  12.69   4.54   6.90   9.40
200007 -16.46 -11.32  -9.40 -12.92 -10.51 -10.99
200008   9.50   7.42   6.38   9.24   4.25   5.34
200009  -8.23  -5.73  -3.52  -6.73  -1.99   0.66
200010 -16.08 -10.99  -7.43 -10.24  -2.63  -2.96
200011  -4.73   0.40   2.07  -3.92  -2.63   0.90
200012 -11.88  -9.08  -6.60 -14.85  -4.02  -4.56
200101   3.54  -1.43  -1.31   3.60  -3.88  -3.12
200102  -1.00   0.69   1.74  -9.94  -2.57  -0.15
200103  -3.89  -3.58  -2.46  -3.40  -4.47  -3.80
200104   7.39   9.57  12.54   7.90   8.95  12.17
200105   5.26   2.87   1.41  -0.95   0.57   1.32
200106  -6.21  -3.40  -0.34  -8.74  -2.71  -1.68
200107 -12.20  -8.49  -6.13 -11.23  -6.75  -4.48
200108  -4.18   0.47   3.80  -5.41  -2.85   3.10
200109  -8.78  -8.24  -8.03  -5.91  -8.82  -7.30
200110   7.44   2.68   1.83   3.19  -0.03  -0.27
200111  -7.48  -3.63  -5.83   1.33  -1.17  -6.72
200112 -13.10 -10.42 -10.44  -8.40  -6.62  -7.79
200201  -5.05  -5.96  -5.13  -9.47  -6.17  -6.32
200202   3.08   7.27   7.34   5.18   4.14   7.06
200203   8.03   4.82   2.97   7.67   5.32   1.56
200204   7.24   6.54   5.21   4.84   5.98   4.36
200205   9.08   9.27   9.65   5.81   6.81  10.72
200206  -2.59  -2.69  -2.38  -5.59  -4.24  -2.58
200207  -4.02  -1.44  -1.43  -7.71  -6.11  -3.92
200208  -5.37  -1.87  -0.89  -1.11  -1.08  -1.98
200209  -8.03  -3.74  -3.41  -7.94  -2.43  -4.63
200210 -10.42  -8.91  -6.72  -4.19  -8.33  -5.37
200211  -4.00  -1.99  -1.60   5.78   3.12   1.58
200212  -0.09  -0.73   0.10  -4.39  -0.87  -2.13
200301  -0.81   0.36   0.73  -5.07  -2.96  -3.25
200302  -0.33   4.42   7.19  -0.16   1.28   3.99
200303  -1.21   1.04   0.92  -3.29  -3.62  -1.76
200304   5.30   3.71   4.36   0.64   0.40   1.86
200305   7.15   5.48   5.81   5.57   4.07   2.53
200306   9.05   5.77   8.70   5.89   6.95  10.12
200307   3.41   2.38   1.84   3.64   3.07   4.09
200308   9.19   7.66   9.66   8.68   9.33  13.08
200309  13.89   8.47   7.89   5.53   7.46   8.18
200310  15.29   6.41   4.63   1.50   4.97   6.49
200311  -8.41  -5.70  -6.75  -2.79  -3.55  -4.84
200312   3.89   4.88   6.16   5.56   6.37   8.86
200401   6.72   5.53   7.22   1.26   2.54   1.23
200402  -2.76  -0.03   0.73  -0.32   0.08   0.81
200403  23.00  21.85  21.79  10.69  14.79  18.95
200404   6.22   2.26  -0.68  -4.57  -6.23  -5.29
200405  -6.28  -7.40  -5.07  -3.11  -1.69  -3.82
200406  13.22   9.67   9.81   4.45   4.93   5.57
200407 -11.10  -6.80  -4.92  -8.27  -5.49  -5.15
200408   2.37   0.74   1.45   2.47  -0.04   1.17
200409  -6.55  -3.24  -2.45  -3.73  -2.70  -1.47
200410   1.42   2.41   2.94   3.17   2.03   2.46
200411   4.76   2.28   3.02   3.46   4.36   4.39
200412   3.53   4.08   5.19   5.69   4.69   5.85
200501   5.92   4.82   4.52  -2.45  -1.77   0.02
200502   1.87   3.02   5.13   0.97   2.00   2.27
200503  -1.72   0.58   1.99  -2.45  -1.54   0.71
200504   1.34   0.15   0.12  -3.26  -1.82  -1.10
200505  -4.65  -3.76  -4.07  -1.91  -2.30  -2.00
200506   3.76   3.15   1.83   0.50   0.70   1.73
200507   3.59   1.94   1.67   0.92   0.77   0.76
200508   2.12   3.69   3.79   8.38   7.17   5.31
200509  -2.13   3.74   4.25   7.45  10.37   7.37
200510   2.73   2.51   1.66  -1.11  -0.85   2.27
200511   1.71   3.87   2.57   4.79   3.66  -0.37
200512  16.93  11.99  11.11  11.69   9.00   5.23
200601   1.20   5.29   4.70   2.98   4.60   4.36
200602  -8.81  -5.88  -5.43  -4.37  -0.36  -0.26
200603   4.02   2.77   2.83   2.97   3.59   1.97
200604  -0.08   2.53   1.53   1.58   3.35   2.76
200605 -12.13  -7.88  -7.41  -6.02  -7.52  -5.35
200606  -2.40  -2.65  -3.73  -1.66  -1.13  -1.27
200607 -11.57  -6.56  -4.39  -3.81  -0.34  -0.47
200608   3.41   2.41   1.06   1.85   2.21   0.66
200609  -3.89  -2.40  -2.21  -1.35  -1.02  -1.97
200610  -0.59  -0.66  -0.79   2.13   2.72   0.14
200611  -3.75  -1.10  -1.02  -1.22   0.90   0.36
200612  -1.96   0.62   0.37   0.37   4.15   0.48
200701   1.40   1.34   1.19   0.51   0.81   1.15
200702  -0.29   3.77   3.92   2.57   4.56   3.85
200703  -3.57  -0.39   0.32  -2.18  -1.15  -0.74
200704  -6.48  -2.59  -1.88  -2.36  -2.00  -2.02
200705  -4.02  -2.21  -1.97   1.61   1.31  -0.13
200706   2.73   2.56   2.25  -0.64   0.79  -1.48
200707  -1.31   0.80   1.31   0.49  -0.21  -1.26
200708  -8.51  -5.61  -4.83  -2.09  -3.99  -2.82
200709  -1.38  -0.54  -0.53   2.14   2.23   1.41
200710   9.78   1.14  -0.57  -0.45   0.88  -0.68
200711  -3.73  -4.64  -2.34  -2.02  -1.25  -2.92
200712  -6.58  -6.08  -4.00  -4.51  -2.97  -2.79
200801  -6.90  -4.05  -3.65  -5.98  -4.51  -1.52
200802   3.78   2.03   2.47   0.10   1.86   0.13
200803  -1.77  -0.08   0.10  -4.37  -3.88  -2.85
200804  -0.23   0.79   0.44   8.59   6.32   5.33
200805   2.27   3.65   4.12   2.01   1.83   2.51
200806  -7.24  -5.10  -2.96  -7.81  -6.33  -4.74
200807  -5.27  -4.34  -2.80  -3.80  -2.56  -1.66
200808  -7.38  -6.21  -6.06  -3.84  -4.29  -2.91
200809 -10.62  -9.08  -7.30 -13.88  -9.74  -6.75
200810 -13.97  -9.77  -5.37 -13.28 -14.85 -12.82
200811   5.73   4.49   3.28   0.93  -2.61   3.32
200812  10.48   7.85   9.71   7.96   8.46   9.26
200901  -1.81  -5.16  -3.77  -9.35  -4.88  -7.58
200902 -15.55 -12.55 -12.47 -11.96 -11.37 -13.83
200903   1.78   2.09   2.45   2.62   0.05   3.40
200904   4.74   4.74   2.47   6.53  10.86   6.02
200905  15.29  12.55  11.34  13.09   9.35  10.17
200906   7.58   6.79   7.55   3.56   1.15   3.67
200907   3.42   2.90   2.19   2.32   5.60   4.77
200908   5.50   5.88   6.56   3.94   3.05   2.10
200909   2.61   1.27  -1.09   2.40  -2.40  -3.54
200910  -2.08  -2.86  -2.96  -4.23  -1.07  -0.88
200911  -5.21  -3.54  -6.66   1.29  -2.20  -5.27
200912  -4.21  -3.06   0.12  -2.20   0.53   5.89
201001   2.72   2.38   3.29   3.04   1.22   3.04
201002   1.69   1.51   1.41   1.84   0.26  -0.53
201003   1.03   3.00   7.65   2.64   5.24   8.27
201004   5.07   3.42   6.06   0.39  -0.82   1.54
201005  -5.20  -6.09  -8.29  -6.63  -8.16 -10.54
201006   0.12   2.35  -0.19   2.59  -2.41  -3.46
201007   3.00   0.94   1.32   3.75   2.92   2.71
201008  -4.00  -2.50  -3.39  -3.32  -1.64  -2.50
201009   4.11   4.13   3.89   6.28   4.15   3.33
201010  -0.81  -1.90  -2.84   1.12   2.20   1.44
201011   2.24   2.02   3.45   2.15   1.84   1.49
201012  10.18   9.66  11.17   6.95   6.93   8.62
201101   1.85   0.87   3.25  -0.63   1.12  -0.10
201102   4.05   4.39   5.21   3.91   5.37   4.94
201103  -9.49  -6.24  -4.33  -6.72 -10.54  -9.23
201104   0.90   0.44  -1.58   1.96   0.19   0.61
201105  -2.69  -0.71  -2.28  -1.75  -1.02  -2.39
201106   2.57   3.99   5.24   1.90   2.18   3.79
201107   4.54   4.58   4.38   4.42   3.69   3.72
201108  -3.46  -3.57  -2.76  -7.12  -8.95  -7.29
201109  -2.09  -1.41   0.40  -1.61  -0.87   2.63
201110  -2.53  -3.22  -3.98   0.89  -1.60  -2.51
201111  -2.51  -2.53  -1.21  -3.77  -4.16  -4.21
201112   2.32   1.42   2.85   0.10   1.37   2.41
201201   5.25   5.49   8.00   2.85   4.41   5.04
201202  -0.56   0.76   1.12   3.61   4.49   2.83
201203   2.11   2.86   2.66   1.71   1.65  -0.19
201204   2.53   1.16   0.32  -1.00  -2.36  -3.37
201205  -8.68  -8.08  -7.95  -7.26  -8.89  -9.43
201206   4.62   3.47   4.33   4.62   3.89   7.20
201207  -1.22  -0.62  -2.64   0.22  -1.73  -5.19
201208   0.45  -0.81  -1.43   0.54  -0.43  -2.90
201209   2.86   1.44   1.99   1.22   2.26   4.30
201210   1.09  -1.34  -2.93  -2.81  -1.04  -2.09
201211   0.92   0.53   1.78   0.87   2.71   1.70
201212  -1.18   1.39   5.36   1.33   3.45   8.95
201301   8.21   4.58   4.27   3.04   3.49   4.78
201302   4.67   3.11   2.39   2.40   3.12   3.21
201303  12.69   9.71   7.30   6.00   5.02   4.11
201304  19.30   9.77   6.69   7.99   7.74  12.00
201305  -1.58  -6.42  -7.40  -5.94  -3.90  -6.57
201306  -8.55  -3.72  -3.20   1.09   1.08   2.87
201307   4.94   4.14   3.59   1.18   0.85   1.58
201308  -3.08  -1.97  -2.07  -2.51  -2.66  -2.31
201309  12.22  10.00  11.31   9.77   7.21   9.26
201310  -0.94   0.14   0.08  -0.89   0.78  -1.37
201311  -2.20  -0.79  -0.75   1.45   1.48   0.99
201312   2.12   0.65   1.18   0.65   0.52   1.45
201401   3.02   2.50   1.96  -3.54  -2.56  -4.14
201402  -4.16  -2.11  -2.17  -0.18  -0.23  -0.60
201403  -1.97   1.36   0.75  -0.37  -2.11  -1.16
201404  -2.49  -1.60  -2.12  -2.47  -2.37  -2.31
201405   4.98   2.33   1.76   3.60   4.10   4.24
201406  10.06   7.36   7.84   4.50   5.59   6.60
201407   0.66   1.17   1.10   1.05   0.78   0.11
201408  -0.46   0.93   0.87  -2.41  -2.27  -2.02
201409  -3.42  -2.54  -1.97   0.01  -0.95  -2.05
201410  -6.30  -4.42  -3.90  -0.43  -2.22  -3.03
201411  -0.17  -1.88  -1.82  -0.75   0.86   0.00
201412  -0.89   1.35   1.68  -1.92  -0.47  -0.77
201501   3.12   2.18   2.56   2.52   3.22   2.61
201502   1.38   2.23   2.03   5.69   4.35   8.93
201503   2.98   2.52   0.93   3.54   1.99  -0.66
201504   2.38   2.53   3.26   1.63   3.24   7.19
201505  -0.38   0.39  -0.62  -0.04   1.09   2.66
201506   5.27   1.42   1.82  -0.50  -1.10  -1.53
201507   2.14   0.14  -0.87   0.85   1.31   0.78
201508  -6.72  -1.36  -2.65  -5.10  -5.66  -5.89
201509  -4.38  -3.86  -2.90  -8.02  -5.02  -6.82
201510   2.37   6.56   5.18  10.63   9.11   9.58
201511   2.87   2.03   1.32   1.33  -0.79  -2.07
201512   2.12   1.18   0.43  -0.10   0.70   0.47
201601  -7.20  -6.99  -7.13  -7.41  -6.36 -10.01
201602   1.99  -0.09  -1.82   0.85  -2.74  -5.24
201603  11.99   7.60   6.20   5.07   4.33   4.91
201604   5.00   4.47   4.27   5.90   4.08   6.17
201605   0.28  -0.51  -0.70  -0.87  -1.03  -1.51
201606   0.78  -1.33  -0.92  -0.45  -2.83  -5.86
201607   1.26   6.54   8.42   3.81   7.59   9.52
201608  -3.82  -3.30  -2.21  -4.14  -1.17   3.44
201609   8.17   6.43   5.08   3.97   2.53   0.04
201610   0.19   1.85   3.52   0.11   1.19   3.93
201611  -7.58  -5.23  -2.94  -7.06  -4.21   0.91
201612   1.05   1.47   2.48   0.81   1.16   2.06
201701   6.61   5.61   5.18   3.91   3.06   4.29
201702   3.52   2.86   4.11   0.62   0.57   1.63
201703   3.81   1.70   1.09   1.66   1.47  -1.15
201704  -1.29   0.55   0.39   1.57   1.94   0.55
201705   8.28   5.20   2.79   5.96   2.99  -0.92
201706   3.42   2.54   2.36  -0.41   0.88   3.12
201707   2.70   4.39   4.57   2.08   2.93   1.24
201708   1.50   1.79   3.49   0.88   0.24  -0.94
201709  -0.08   1.83   3.07   1.25   1.56   2.87
201710   3.27   2.82   3.08   4.47   4.73   3.49
201711   4.72   2.54   1.71   3.44   2.57   1.89
201712   3.46   3.14   3.24  -0.45   0.93   3.69
201801   8.54   6.12   4.65   4.96   4.59   3.12
201802   0.43  -0.41  -1.71  -0.26  -2.05  -1.76
201803   1.11  -1.87  -2.95   0.47  -1.90  -2.86
201804  -4.74  -0.90   0.33  -1.17   0.97   2.57
201805   3.67   0.11  -2.00   1.52  -2.21  -3.66
201806  -3.74  -2.39  -3.34  -1.89  -1.99  -3.59
201807  -2.20  -1.06  -0.11  -1.00   0.07   1.48
201808   1.90  -0.10  -2.03   1.71  -1.68  -0.21
201809   1.36   0.53   1.33   2.23   3.30   4.06
201810 -10.45  -8.22  -8.37 -11.71  -7.93  -5.98
201811   3.28   1.25   0.70   3.44   0.69  -1.29
201812 -15.05 -10.13  -8.35  -8.24  -5.79  -6.37
201901   7.06   3.78   2.88   5.19   5.23   6.37
201902   3.88   2.05   1.85   3.52  -0.76  -1.73
201903   1.63  -0.77  -0.44   2.19  -0.17  -0.82
201904   0.32   1.21   0.75   3.04   1.42  -0.26
201905  -1.65  -3.79  -3.63  -3.29  -3.40  -4.46
201906   2.05   2.61   2.27   2.43   3.20   2.41
201907   2.01   1.48   1.36   2.05   0.54  -2.05
201908  -3.06  -2.94  -3.33   0.64  -0.49  -3.85
201909   1.50   3.99   4.50   3.04   3.50   6.64
201910   2.35   6.49   7.23   5.14   4.59   5.10
201911   4.02   1.42   1.15   1.38   0.31   0.31
201912   1.76   3.06   3.76   2.17   2.09   2.07
202001  -3.42  -3.06  -3.75  -1.28  -0.97  -3.88
202002 -17.32 -13.64 -13.35 -10.06  -8.95  -9.66
202003  -8.24  -3.12  -3.07   0.59  -6.62 -11.65
202004  13.95   6.09   3.40   6.75   3.83   3.31
202005  15.00   8.35   5.59   9.60   4.15   4.23
202006   1.97  -0.53  -1.17   1.69  -0.58  -3.15



  Average Equal Weighted Returns -- Monthly
               Small                 Big
          Low     2    High    Low     2    High
199007   4.48   5.54   8.59   2.91   2.67   4.27
199008 -16.95 -15.78 -15.43 -12.85 -13.52 -13.12
199009 -14.96 -16.76 -15.86 -18.36 -16.92 -17.77
199010  28.38  29.45  26.27  31.52  29.17  28.15
199011 -19.87 -18.56 -18.08 -17.61 -15.00 -16.27
199012  -1.25  -2.76  -2.88   1.04   1.03  -0.86
199101  -7.93  -5.31  -4.42  -0.93  -0.32  -0.99
199102  28.48  27.43  21.47  19.53  17.07  18.34
199103  -1.11  -1.05   0.65  -4.07  -2.93  -2.45
199104   3.28   3.83   6.54   1.48   2.73   2.87
199105  -3.50  -1.92  -1.35  -2.02  -1.49  -1.81
199106  -7.40  -6.02  -3.60  -8.76  -6.70  -5.36
199107  -0.94  -1.16  -1.76   0.12   1.30   1.42
199108 -11.36 -11.12 -10.87  -9.08  -8.35  -9.41
199109  10.22  10.88  10.15  12.98  12.08  11.96
199110   8.50   6.89   4.91   5.53   3.87   3.10
199111  -9.45  -9.77  -9.95 -10.40  -8.84  -9.06
199112   4.21   3.66   3.61   4.38   3.57   3.41
199201  -6.71  -7.13  -6.52  -4.71  -4.42  -2.74
199202  -3.74  -3.75  -4.08  -4.94  -5.59  -5.83
199203 -12.98 -10.81 -11.82 -11.90 -10.57 -10.36
199204 -11.38 -10.62  -8.44 -10.12  -8.23  -4.55
199205  14.58  14.82  12.67  13.10  11.25   9.17
199206  -9.72  -7.99  -8.10 -10.49  -8.83  -7.28
199207  -8.88  -7.46  -7.54  -6.01  -4.86  -5.43
199208  11.44  10.05   9.68  18.36  14.71  13.83
199209   3.26   1.88   1.40  -2.69  -1.62  -2.13
199210  -8.53  -5.93  -6.88  -6.91  -5.67  -4.59
199211  -1.18  -1.54  -1.63   2.83   1.31   1.45
199212   1.35   2.53   3.61  -1.71  -1.29  -0.25
199301  -2.80  -2.49  -2.13  -1.18  -0.62  -1.49
199302   7.36   6.61   9.26   4.80   4.31   3.79
199303  16.50  16.32  17.38  15.27  15.22  18.25
199304  18.30  18.04  19.77  14.58  16.71  19.74
199305  20.94  19.35  20.31   6.61   6.32   6.91
199306  -5.91  -6.32  -6.60  -5.55  -4.43  -4.61
199307   1.58   2.35   2.22   6.23   5.81   6.29
199308   2.52   2.22   1.61   2.48   2.48   1.75
199309  -5.66  -3.82  -5.57  -3.18  -3.88  -4.85
199310  -9.55  -9.85  -9.21  -6.16  -4.51  -4.50
199311 -16.68 -16.34 -16.68 -15.90 -15.04 -18.51
199312   0.32   1.93   2.51   0.90   2.48   3.06
199401  18.67  17.98  19.94  16.50  16.19  20.72
199402   4.04   4.75   6.03   3.27   4.16   5.26
199403   3.23   3.91   4.34  -1.40  -0.05   1.38
199404   7.63   6.31   8.07   2.61   3.46   4.24
199405   0.06   0.48   1.81   0.38   0.90   2.38
199406  10.77  10.62  14.10   4.94   7.10   9.07
199407  -3.25  -3.07  -3.21  -2.67  -3.16  -4.11
199408  -2.52  -1.26  -1.82  -0.73  -0.35   0.14
199409  -4.55  -4.58  -3.66  -4.09  -3.02  -2.62
199410   4.04   2.79   3.07   0.58   2.19   2.69
199411  -7.65  -7.01  -7.15  -6.64  -6.34  -6.81
199412   2.64   2.31   2.08   1.77   2.60   2.69
199501  -4.25  -3.65  -5.67  -4.64  -4.99  -6.04
199502  -4.09  -5.39  -4.81  -6.28  -5.38  -6.11
199503   5.25   5.49   7.18   7.95   8.08   7.73
199504   2.17   1.51   1.48   3.67   3.71   3.31
199505  -9.28  -8.73  -8.44  -7.98  -7.12  -8.81
199506  -7.00  -5.91  -5.41  -3.84  -3.75  -4.83
199507   7.49   5.63   4.06   7.74   6.03   5.14
199508   1.02   1.32  -1.46  -0.48  -1.19  -2.47
199509  -4.25  -3.54  -3.88  -1.23  -2.19  -3.44
199510  -1.18  -1.57  -2.85  -3.42  -3.21  -3.66
199511   5.80   5.11   5.36   3.84   3.73   3.51
199512   6.94   7.43   9.63   3.90   5.05   5.73
199601   1.33   3.54   2.19  -0.94   0.80   0.39
199602  -1.54  -2.31  -1.28  -0.41  -1.06  -1.14
199603   2.98   1.63   1.56   2.39   3.22   3.07
199604  12.98  14.13  13.94   7.19   8.01   9.22
199605  -2.87  -3.36  -2.71  -3.87  -4.85  -3.66
199606  -0.95  -1.25  -0.85   0.36   0.02   0.56
199607  -6.37  -4.92  -4.06  -4.77  -4.40  -5.28
199608  -3.52  -3.89  -4.19  -4.37  -5.10  -4.77
199609  -1.70  -1.91  -1.79   1.26   2.51   2.16
199610  -5.37  -5.79  -5.09  -6.82  -6.76  -6.60
199611  -4.55  -4.13  -3.42  -0.83  -0.80  -1.94
199612 -11.84 -11.57  -9.80  -8.12  -8.28  -8.14
199701  -9.56  -9.68 -10.35  -9.67  -9.70 -10.51
199702  -1.94  -0.29  -0.02   1.03   0.75  -0.07
199703  -8.29  -7.87  -6.49  -6.15  -4.78  -5.06
199704  -3.19  -3.41  -4.14   2.17   1.10  -0.69
199705  18.29  17.73  15.54  16.48  14.16  13.50
199706   3.21   3.36   3.43   3.66   3.94   3.72
199707 -12.21 -11.40 -11.42  -3.74  -6.03  -7.53
199708 -10.51 -10.20  -9.88 -11.08  -9.99 -10.46
199709 -16.90 -14.33 -13.87  -5.65  -6.34  -8.44
199710   4.10  -0.10   0.34  -3.35  -1.41  -0.30
199711 -20.43 -17.41 -18.28 -10.75 -11.58 -15.87
199712 -14.56 -15.18 -13.82 -11.09 -13.78 -14.88
199801  37.09  29.97  28.76  17.71  18.84  23.35
199802   5.79   5.71   6.76   2.02   3.04   7.06
199803  -9.94  -9.20  -8.01  -6.59  -5.85  -6.90
199804  -5.69  -4.22  -5.79  -2.90  -3.09  -4.53
199805  -5.69  -4.11  -4.04  -3.65  -2.82  -2.51
199806   0.96   0.89   0.86   0.11   0.98   1.67
199807  -1.48  -1.69  -1.59   0.89  -1.60  -2.10
199808  -7.60  -6.95  -8.48  -6.07  -6.00  -7.43
199809  -8.00  -5.13  -6.44  -2.86  -2.11  -4.70
199810  16.43  12.24  14.51  15.83  14.22  16.90
199811   7.21   5.98   7.24   4.01   3.47   4.29
199812   4.63   4.04   2.46   4.75   4.44   3.16
199901   0.78   0.45  -0.81   0.95   0.86   0.20
199902   4.35  -0.04  -0.18  -1.76  -3.74  -2.84
199903  15.60  11.97  14.73  14.50  11.35  14.53
199904  10.38  10.13  13.29   4.23   3.33   7.69
199905  -3.60  -5.93  -4.90  -3.14  -2.69  -4.16
199906  19.17  16.56  14.42  11.57   5.04   7.72
199907   4.45   7.45   9.16   9.55   7.12   9.22
199908   5.68   5.45   2.45   8.34   2.64   3.16
199909   5.84   2.87   0.75   7.56   3.42   4.43
199910   1.81   0.72  -1.88   4.02  -0.04   0.81
199911  -1.38  -3.89  -4.40   5.74  -1.02  -4.69
199912  -6.03  -6.93  -6.97  -1.22  -1.85  -5.98
200001  -1.62  -0.13  -0.34  -0.03   0.55   1.62
200002  -1.91  -5.70  -4.36  -5.57  -6.25  -6.30
200003  12.71  12.43  12.66   8.40  11.73  12.99
200004 -11.46 -10.22 -10.23  -5.92  -3.90  -7.27
200005  -0.53   1.45   2.98  -3.22   3.65   4.73
200006   9.13  10.38  12.14   6.62   8.62  12.99
200007 -13.89  -9.90  -7.41 -14.69 -11.32 -10.50
200008   9.56   5.62   4.26  11.95   5.60   5.21
200009  -8.02  -5.91  -3.81  -6.25  -2.14  -1.90
200010 -14.71 -10.43  -8.21 -12.63  -4.98  -4.38
200011  -2.81  -0.36   0.68  -5.54  -0.90   3.03
200012 -11.11  -7.70  -6.17 -10.38  -4.86  -5.68
200101   4.44   0.53  -0.71   3.97  -2.82  -2.26
200102   3.12   2.18   2.70  -7.78  -2.16   0.83
200103  -4.26  -3.69  -2.44  -3.17  -4.00  -3.24
200104   8.51   9.82  12.07   8.63  10.25  13.42
200105   4.27   2.82   2.20   1.66  -0.27   0.67
200106  -5.95  -4.04  -1.86  -8.30  -3.44  -1.73
200107 -12.59  -8.26  -5.75  -9.27  -6.49  -5.17
200108  -2.77   1.98   4.22  -4.28  -0.80   2.80
200109 -10.05  -8.63  -8.61  -7.74  -8.21  -7.63
200110   9.57   2.58   1.49   7.20   1.89  -0.54
200111  -8.03  -4.57  -5.43   0.80  -3.51  -5.18
200112 -15.72 -11.87 -11.89  -9.99  -7.81  -8.72
200201  -0.69  -4.23  -3.04  -8.36  -5.62  -6.11
200202   4.61   6.58   6.08   4.33   5.74   7.90
200203   8.62   6.79   4.61   7.04   5.62   2.06
200204   4.02   6.16   5.08   5.98   7.11   5.46
200205   9.79   9.05   9.79   7.07   9.32  11.35
200206  -1.13  -1.99  -1.42  -5.11  -4.17  -2.66
200207  -4.57  -1.72  -0.56  -6.27  -5.17  -3.77
200208  -4.29  -2.14  -1.21  -2.53  -0.97  -0.87
200209  -9.51  -4.97  -4.81  -8.70  -3.17  -1.36
200210 -10.15  -9.20  -7.24  -9.21  -8.37  -5.92
200211  -5.46  -3.49  -3.25   5.55   2.68   1.01
200212  -0.17   0.08   0.49  -4.45  -1.18   0.10
200301   1.00   1.83   3.62  -5.08  -1.62  -2.04
200302   1.57   4.98   7.54  -0.39   3.25   5.55
200303  -1.02   0.82   0.86  -4.10  -1.82  -0.59
200304   5.00   4.58   4.66   1.87   1.48   2.98
200305  10.71   8.24   7.68   7.06   4.29   4.19
200306  12.64   9.32  12.18   7.82   7.22   9.42
200307   2.37   2.52   1.39   4.04   1.97   1.41
200308  12.32   8.89   9.50   9.44   8.66  10.27
200309  12.63   9.77   8.49   9.99   8.05   8.69
200310  14.53   6.23   4.76   6.04   4.06   4.57
200311  -8.66  -6.40  -6.66  -5.03  -3.84  -4.85
200312   2.02   4.24   5.05   5.00   6.47   8.82
200401   9.24   6.66   9.49   2.65   2.47   2.39
200402  -3.25  -0.22   0.37  -0.98   0.77   1.20
200403  23.11  20.89  24.18  15.32  15.08  18.13
200404   7.30   2.41   0.46  -3.25  -4.55  -4.67
200405  -6.77  -5.67  -5.06  -3.21  -1.55  -2.36
200406  13.53  10.19   9.85   5.56   6.31   7.88
200407  -9.75  -6.69  -3.89  -9.23  -6.85  -5.63
200408   2.64   1.56   1.56   0.89   1.37   0.78
200409  -6.79  -3.44  -2.05  -4.16  -2.61  -2.17
200410   2.96   2.63   4.08   2.29   1.66   1.89
200411   4.64   3.36   3.77   3.72   4.18   4.00
200412   1.84   3.54   4.45   4.56   4.74   6.08
200501   9.75   6.32   5.81   0.95   0.81   2.03
200502   3.28   3.37   6.29   0.89   2.16   2.86
200503  -0.61   1.16   2.85  -2.27  -0.20   1.75
200504   2.48   1.02   0.70  -1.61  -1.28  -1.50
200505  -3.56  -4.29  -4.50  -3.75  -2.47  -2.38
200506   4.66   3.99   2.09   1.76   1.13   1.67
200507   4.28   2.92   2.98   0.76   1.17   1.22
200508   2.69   3.94   4.51   4.84   6.07   5.47
200509  -3.02   2.95   3.30   4.27   7.02   6.20
200510   1.83   1.80   1.14   1.88   1.12   4.03
200511   0.52   3.18   2.53   5.68   3.55  -0.62
200512  14.63  11.77  10.36  15.04   9.76   8.02
200601   2.22   5.45   5.06   2.26   4.32   3.78
200602  -9.44  -5.74  -4.93  -6.63  -2.59  -1.53
200603   3.80   2.06   1.94   4.88   3.71   3.38
200604  -0.72   2.08   2.04   0.11   2.33   2.00
200605 -12.67  -8.11  -7.05  -9.17  -5.94  -6.39
200606  -0.63  -1.85  -3.44  -2.54  -1.85  -2.28
200607 -12.58  -7.72  -5.01  -6.05  -3.01  -1.82
200608   4.30   2.58   1.07   3.85   1.72   1.43
200609  -5.68  -3.53  -2.69  -1.54  -0.90  -1.28
200610  -0.65  -0.45  -0.76   1.64   0.58  -1.08
200611  -5.37  -2.93  -2.35  -1.12   0.30  -0.24
200612  -3.71  -0.39  -0.44  -0.18   1.19   0.96
200701   4.03   2.26   1.58   1.55   1.75   1.30
200702  -0.64   3.13   3.55   2.56   3.13   4.34
200703  -4.60  -1.01   0.28  -2.14  -0.55  -0.13
200704  -8.71  -4.36  -3.09  -3.68  -1.74  -0.16
200705  -3.29  -1.61  -2.07  -2.04  -0.55  -1.46
200706   4.55   2.69   2.18  -0.23   1.21  -0.29
200707  -2.35   1.08   2.08   0.10   0.31  -0.66
200708 -10.87  -7.07  -5.02  -3.22  -3.66  -3.13
200709  -3.28  -1.81  -1.36   2.37   1.31   0.56
200710  13.77   3.42  -0.33   3.25   0.12   0.76
200711  -5.03  -4.64  -2.88  -2.86  -2.17  -1.95
200712  -5.54  -5.73  -4.17  -5.79  -3.73  -4.43
200801  -8.62  -4.88  -3.12  -7.68  -4.33  -1.64
200802   6.26   3.84   4.28   2.17   1.62   0.98
200803  -3.96  -1.20  -0.30  -4.74  -2.54  -0.92
200804   1.18   0.76   0.11   7.99   4.55   4.59
200805   5.78   4.37   3.73   1.33   2.64   2.51
200806  -8.05  -5.34  -2.14 -10.10  -6.33  -5.61
200807  -6.14  -5.13  -3.78  -3.58  -2.75  -1.26
200808  -9.93  -8.10  -8.06  -4.29  -4.12  -3.52
200809  -8.25  -7.90  -5.98 -12.19 -10.33  -7.29
200810 -15.00 -11.12  -8.20 -15.51 -15.08 -10.45
200811   5.02   4.70   3.04   2.72   1.39   5.73
200812  10.94   5.87   8.78   7.47   7.06  10.96
200901  -0.55  -3.74  -2.50  -6.46  -5.92  -6.60
200902 -14.67 -11.61 -13.31 -11.58 -12.35 -14.00
200903   6.40   4.27   4.74   5.82   5.97   4.57
200904   9.12   8.01   6.25   9.41  12.29   7.41
200905  19.68  15.85  13.01  15.32  11.95  11.76
200906   8.48  10.00  10.42   6.05   4.54   5.25
200907   2.70   3.02   2.06   3.12   3.78   3.36
200908   5.31   5.00   5.57   4.46   3.76   4.30
200909   0.74   0.58  -1.33   1.23  -0.99  -3.20
200910  -2.28  -2.25  -2.64  -3.31  -2.16  -2.09
200911  -5.57  -3.85  -6.34  -0.43  -3.01  -5.68
200912  -3.21  -2.76  -0.25  -3.58  -1.19   4.04
201001   2.95   3.29   4.64   1.99   2.35   3.45
201002   0.91   2.03   1.71   1.62   1.24   0.74
201003   2.28   3.07   7.83   1.67   4.86   7.86
201004   7.65   5.86   9.11   1.96   1.92   2.59
201005  -6.08  -5.92  -7.70  -5.44  -7.96  -9.44
201006  -0.42   1.60   0.56   2.39  -0.37  -2.10
201007   1.87   1.13   1.78   2.53   2.24   0.97
201008  -3.45  -2.57  -2.71  -2.31  -2.63  -3.62
201009   3.06   3.12   3.15   5.05   5.42   3.99
201010  -2.31  -1.97  -2.47  -0.07   1.43  -0.23
201011   5.47   2.49   3.48   1.32   1.58   2.51
201012  12.30   9.29  11.48   7.46   8.16  10.04
201101   2.66   2.45   4.10   0.20   0.56   0.40
201102   6.19   4.30   5.34   3.45   4.33   5.09
201103  -9.72  -6.10  -2.89  -7.04  -7.81  -7.27
201104   2.35   2.46   1.21   1.37   0.77  -0.68
201105  -0.16  -0.45  -2.18  -0.40  -1.56  -3.00
201106   2.66   4.15   4.67   3.59   3.78   4.65
201107   4.21   4.61   4.89   4.62   4.21   4.13
201108  -3.48  -1.86  -3.17  -5.87  -6.93  -3.99
201109  -5.50  -3.19  -1.97  -1.37   0.11   3.89
201110  -0.30  -1.05  -2.11  -0.76  -2.25  -5.19
201111  -3.20  -2.60  -0.96  -3.03  -3.85  -2.22
201112   4.22   2.97   3.98   0.65   1.59   2.26
201201   5.19   6.30   8.93   2.91   4.38   4.31
201202   0.32   1.91   2.24   1.62   2.69   0.27
201203   1.53   2.82   2.14   1.93   1.98   1.22
201204   2.50   3.03   1.45  -0.26  -1.57  -3.36
201205  -9.40  -8.52  -7.99  -8.04  -9.36  -9.04
201206   6.15   4.88   4.88   4.87   4.34   6.02
201207  -2.80  -1.02  -1.90   0.57  -2.12  -4.23
201208   0.26  -0.39  -1.02   0.90  -0.62  -2.65
201209   2.96   0.51   1.44   1.81   2.25   3.02
201210   2.72  -0.93  -2.07  -1.82  -1.12  -2.21
201211   0.80   0.45   1.37  -1.06   1.79   1.83
201212  -1.15   1.60   4.10   0.27   3.73   6.92
201301   9.14   5.82   4.60   3.27   2.31   2.87
201302   1.88   3.12   2.08   2.06   3.31   4.04
201303  10.83   7.90   7.38   6.49   5.99   5.58
201304  11.58   8.33   5.69   6.82   7.26   8.97
201305  -4.05  -4.58  -4.94  -5.35  -4.46  -6.86
201306  -6.99  -4.67  -3.85   0.96   1.12   1.30
201307   7.87   7.31   4.52   2.47   1.26   1.88
201308  -2.65  -1.52  -1.53  -2.78  -2.22  -2.08
201309  13.59  11.27  11.74  10.89   8.36   9.56
201310   2.61   1.68   0.74  -0.21   0.91  -0.84
201311  -1.96  -0.45  -1.06  -0.49   1.00   0.34
201312   1.34   0.72   0.71  -0.43   0.90   0.17
201401   4.62   4.12   4.69  -1.05  -0.37  -2.68
201402  -5.13  -2.97  -2.33  -1.46  -0.54  -1.49
201403  -1.34   0.14  -0.03   0.25  -1.73   1.10
201404  -1.99  -1.46  -1.23  -2.61  -1.18  -1.75
201405   3.75   1.61   1.35   3.77   3.84   3.34
201406   9.38   8.79   7.60   5.99   6.28   6.80
201407   1.00   2.35   2.26   0.77   1.04  -0.38
201408   1.68   1.46   1.57  -2.15  -0.83  -1.79
201409  -3.64  -2.53  -1.58  -2.44  -2.58  -2.42
201410  -5.42  -5.00  -4.44  -1.85  -2.72  -2.39
201411   0.23  -0.88  -1.49  -0.92  -0.52  -0.63
201412  -1.36   0.86   1.20  -0.53   0.26   0.98
201501   4.68   2.90   3.08   3.46   2.97   3.36
201502   1.70   2.21   1.94   5.70   3.83   6.43
201503   1.20   1.87   1.74   3.57   2.00   0.52
201504   4.56   3.76   3.05   0.95   3.49   4.82
201505  -1.25  -0.53  -0.80  -0.34   1.75   1.02
201506   4.00   2.30   2.39   0.28   0.39  -0.22
201507   1.27   0.43  -0.52   2.14   1.13  -0.30
201508  -8.25  -2.48  -3.72  -4.02  -4.57  -5.07
201509  -4.91  -3.69  -3.02  -6.05  -5.14  -3.98
201510   5.07   5.53   4.79   7.77   9.58   8.90
201511   2.15   1.98   1.08   2.44   0.40  -0.54
201512   1.53   0.99   0.16  -0.08   0.71  -0.21
201601  -7.21  -6.57  -6.52  -7.01  -6.56  -8.28
201602   1.51   1.21   0.13   0.50  -1.50  -4.52
201603  14.22   8.52   6.05   7.30   5.17   4.91
201604   6.66   4.65   5.03   4.43   5.22   6.08
201605   0.63  -0.99  -1.97   0.30  -1.25  -1.23
201606   0.05  -0.39   0.32  -0.57  -3.62  -5.20
201607   1.29   4.80   6.78   3.53   7.43   9.38
201608  -1.16  -1.53  -1.45  -6.71  -1.84   1.29
201609   7.80   6.96   5.23   6.31   4.57   2.66
201610   0.73   1.78   2.61   0.12   2.03   4.13
201611  -7.18  -4.96  -3.17  -7.64  -4.84  -1.49
201612  -0.16   1.27   1.89   0.87   1.91   2.66
201701   9.12   7.32   6.96   3.50   2.94   4.58
201702   4.32   3.20   4.66   1.11   1.86   2.10
201703   3.11   2.32   2.26   1.80   1.46  -1.25
201704  -1.73  -0.40  -0.18   1.96   2.40   1.55
201705   9.34   6.66   4.00   6.38   3.03   0.21
201706   5.31   3.32   2.01   0.56   1.15   2.81
201707   3.67   5.10   6.10   2.30   3.08   2.07
201708   0.86   2.34   3.71   1.44   0.76   0.10
201709  -0.77   1.49   2.96   0.70   1.46   2.97
201710   2.81   2.97   3.76   3.39   4.28   3.27
201711   4.04   2.62   2.55   4.25   2.70   0.96
201712   2.80   3.18   3.30   1.50   1.94   3.30
201801   9.28   7.46   6.88   4.87   3.50   2.98
201802  -0.04   0.54  -0.81   0.49  -2.18  -1.89
201803   0.94  -0.90  -2.60   1.32  -0.99  -2.25
201804  -4.11  -1.77  -1.25  -1.26   1.17   2.23
201805   2.42   0.25  -0.97   1.24  -2.09  -2.46
201806  -3.45  -2.91  -3.42  -1.78  -2.95  -2.63
201807  -2.21  -1.20  -0.35  -2.58  -0.60   1.03
201808   2.77  -0.05  -1.31  -0.16  -1.60  -0.78
201809   0.23   0.04   0.40   1.68   2.22   3.00
201810  -9.67  -7.66  -6.95 -11.11  -8.62  -8.05
201811   2.28   0.94   0.09   4.79   1.83   0.91
201812 -15.50 -11.32  -8.65  -9.54  -7.27  -7.31
201901   9.14   6.70   4.52   6.29   5.80   5.42
201902   4.24   2.37   1.77   2.89   0.24  -0.71
201903   2.50  -0.14   0.34   1.84  -0.09  -1.92
201904   0.01   0.83   0.46   2.67   1.31   0.21
201905  -1.65  -2.54  -2.79  -2.61  -4.87  -5.65
201906   3.55   3.10   2.54   1.65   3.11   2.80
201907   2.81   1.96   1.69   2.33   0.40  -1.06
201908  -3.82  -2.68  -3.44   0.43  -0.60  -4.00
201909   2.19   3.22   3.78   2.62   4.11   6.19
201910   2.67   5.88   6.63   4.57   5.45   6.91
201911   3.74   1.31   1.19   2.12   0.39   0.33
201912   2.63   3.33   4.62   1.77   2.03   2.24
202001  -3.16  -1.11  -0.91  -2.96  -2.57  -4.61
202002 -18.62 -15.12 -14.02 -12.29 -11.38 -11.62
202003 -11.22  -6.13  -4.90  -0.54  -5.16  -9.14
202004  17.75   8.71   5.50   7.94   4.96   4.32
202005  16.56  10.19   6.27  11.30   6.41   5.48
202006   1.99   1.47   0.26  -0.91  -1.57  -2.34



  Average Value Weighted Returns -- Annual
           Small                 Big
       Low    2      High   Low    2      High
1991   3.69  10.33   9.24   4.87   9.68   7.19
1992 -32.89 -26.13 -28.03 -21.04 -28.47 -17.66
1993  16.99  17.65  22.25  21.52  27.01  27.06
1994  24.87  28.33  41.55  13.53  22.31  34.43
1995  -5.42  -3.85  -7.18   0.04  -1.89  -6.29
1996 -23.27 -21.91 -19.87 -19.71 -14.32  -8.07
1997 -52.73 -52.91 -53.61 -19.24 -29.07 -35.80
1998  17.61  18.22  14.01   3.96  13.20   4.45
1999 112.54  49.28  34.70 114.94  50.49  62.21
2000 -44.25 -24.92  -9.15 -49.22 -16.02  -7.56
2001 -30.75 -22.08 -14.26 -33.48 -27.33 -18.56
2002 -13.53  -1.15   2.38 -12.59  -5.26  -3.12
2003  69.52  54.16  63.20  27.66  38.02  59.69
2004  34.59  32.22  42.96  10.15  16.75  24.95
2005  34.48  41.21  39.70  24.66  27.24  24.05
2006 -32.18 -13.53 -14.18  -6.83  11.04   1.09
2007 -20.97 -12.26  -7.24  -6.95  -1.29  -8.31
2008 -29.22 -19.57  -8.97 -30.80 -28.22 -13.65
2009   9.13   6.83   3.41   5.57   6.86   2.30
2010  21.06  19.67  24.39  22.00  11.39  12.59
2011  -7.19  -2.62   4.58  -8.83 -13.59  -8.44
2012   7.70   5.76  10.07   5.47   7.83   5.36
2013  54.76  31.39  24.32  25.85  26.92  32.77
2014  -2.17   3.99   3.53  -3.18  -2.21  -5.49
2015  13.24  16.78  10.68  11.79  12.19  14.64
2016  10.87  10.12  13.96  -0.51   1.66   6.84
2017  47.61  41.01  41.17  27.79  26.54  21.39
2018 -16.83 -16.67 -20.43 -10.68 -13.66 -14.15
2019  23.74  19.70  19.36  30.89  16.89   9.34



  Average Equal Weighted Returns -- Annual
           Small                 Big
       Low    2      High   Low    2      High
1991   6.97  11.27  11.77   4.60   9.16   8.97
1992 -31.18 -25.83 -26.85 -26.04 -23.91 -19.32
1993  21.57  23.44  28.48  15.59  22.75  21.86
1994  34.98  35.52  48.98  13.53  24.28  37.79
1995  -3.14  -3.83  -6.45  -2.35  -2.64 -11.04
1996 -21.03 -19.84 -15.96 -18.23 -16.51 -16.08
1997 -55.58 -53.48 -53.35 -34.55 -38.11 -46.28
1998  28.30  24.14  22.24  22.06  22.54  26.38
1999  69.91  42.58  37.69  77.43  26.09  31.77
2000 -33.15 -21.48 -10.35 -34.21  -6.44   1.32
2001 -28.76 -20.95 -15.12 -26.73 -25.21 -17.07
2002 -10.69  -0.85   3.20 -15.86  -0.01   5.77
2003  83.75  69.39  75.78  41.21  44.37  58.80
2004  39.97  37.62  54.20  12.80  21.11  28.54
2005  41.99  44.53  44.49  30.89  32.11  32.19
2006 -35.55 -17.90 -15.96 -14.47  -0.62  -3.44
2007 -21.82 -13.51  -9.25 -10.10  -4.73  -5.40
2008 -29.51 -23.15 -12.41 -33.20 -26.58  -7.58
2009  24.48  21.43  13.51  18.54  14.79   6.40
2010  25.49  22.61  33.56  19.09  18.79  16.44
2011  -1.30   5.13  10.75  -5.18  -7.69  -2.87
2012   8.45  10.34  13.36   3.19   5.65   0.90
2013  49.23  39.09  27.86  25.13  28.07  26.58
2014   0.80   5.93   7.23  -2.57   0.58  -1.72
2015  11.38  15.97  10.26  16.10  16.93  14.76
2016  16.39  14.51  14.94   0.03   5.77   9.29
2017  51.53  48.06  50.96  32.85  30.64  25.01
2018 -17.77 -16.42 -18.08 -12.63 -16.85 -14.84
2019  31.18  25.46  22.94  29.74  18.16  10.38



  Number of Firms in Portfolios
              Small                 Big
          Low    2      High   Low    2      High
199007    183    145    130    223    298    224
199008    183    145    130    223    298    224
199009    183    145    130    223    298    224
199010    183    145    130    223    298    224
199011    183    145    130    223    298    224
199012    183    145    130    223    298    224
199101    183    145    130    223    298    224
199102    183    145    130    223    298    224
199103    183    145    130    223    298    224
199104    183    145    130    223    297    224
199105    183    145    130    223    297    224
199106    183    145    130    223    297    224
199107    227    247    260    235    314    236
199108    227    247    260    235    314    236
199109    227    247    260    235    314    236
199110    227    247    260    235    314    236
199111    227    247    260    235    314    236
199112    227    247    260    235    314    236
199201    227    247    260    235    313    236
199202    227    247    260    235    313    236
199203    227    247    260    235    313    236
199204    227    247    260    235    313    236
199205    227    247    260    235    313    236
199206    227    247    260    235    313    236
199207    289    347    356    239    319    239
199208    289    347    356    239    319    239
199209    289    347    356    239    319    239
199210    289    346    356    239    319    239
199211    289    346    356    239    319    239
199212    289    346    356    239    319    239
199301    289    346    356    239    319    239
199302    289    346    356    239    319    239
199303    289    346    356    239    319    239
199304    289    346    356    239    319    239
199305    289    346    356    239    319    239
199306    289    345    356    239    319    238
199307    264    329    449    238    318    239
199308    264    329    449    238    318    239
199309    264    329    449    238    318    239
199310    264    329    449    238    318    239
199311    263    329    449    238    318    239
199312    263    329    449    238    318    239
199401    263    329    449    238    318    239
199402    263    329    449    238    318    239
199403    263    329    449    238    318    239
199404    263    329    448    238    318    239
199405    263    329    448    238    318    239
199406    263    329    448    238    318    239
199407    292    285    486    246    329    246
199408    292    285    486    246    329    246
199409    292    285    486    246    329    246
199410    292    284    485    246    329    246
199411    292    284    485    246    329    246
199412    292    284    485    246    329    246
199501    292    284    485    246    329    246
199502    292    284    485    246    329    246
199503    292    284    485    246    329    246
199504    292    283    484    246    329    245
199505    292    283    484    246    329    245
199506    292    283    484    246    329    245
199507    414    361    550    238    317    238
199508    414    361    550    238    317    238
199509    413    361    550    238    317    238
199510    413    360    550    238    317    238
199511    413    360    550    238    317    238
199512    413    360    550    238    317    238
199601    413    360    550    238    317    238
199602    413    360    550    238    317    237
199603    413    360    550    238    317    237
199604    413    360    550    237    317    237
199605    413    360    550    237    317    237
199606    413    360    550    237    317    237
199607    423    370    677    261    347    261
199608    423    370    677    261    347    261
199609    423    370    676    261    347    261
199610    423    370    675    261    346    261
199611    423    370    675    261    346    261
199612    423    370    675    261    346    261
199701    423    370    675    261    345    261
199702    423    369    675    261    345    261
199703    423    368    675    261    345    261
199704    422    367    674    261    345    261
199705    422    367    674    261    345    261
199706    422    366    674    261    345    261
199707    369    403    899    221    296    221
199708    369    403    899    221    296    221
199709    369    403    899    221    296    221
199710    369    403    899    221    295    221
199711    369    403    898    221    295    221
199712    369    402    898    221    295    221
199801    369    402    897    221    295    221
199802    369    402    897    221    295    221
199803    369    401    896    221    295    221
199804    369    401    896    221    294    219
199805    369    401    896    221    294    219
199806    369    401    896    221    294    219
199807    186    324   1361    184    246    184
199808    186    324   1361    184    246    184
199809    185    323   1360    184    246    184
199810    182    322   1354    184    245    183
199811    182    322   1353    184    245    183
199812    182    322   1352    184    245    183
199901    182    322   1352    184    245    183
199902    182    322   1352    184    245    183
199903    182    322   1352    184    245    183
199904    182    319   1348    184    245    182
199905    182    319   1348    184    245    182
199906    182    319   1347    184    245    182
199907    147    308   1477    183    243    183
199908    147    308   1477    183    243    183
199909    147    308   1477    183    243    183
199910    145    306   1474    183    243    183
199911    145    306   1473    183    243    183
199912    145    306   1473    183    243    183
200001    145    305   1472    181    243    183
200002    145    305   1472    181    243    183
200003    145    305   1472    181    243    183
200004    144    303   1461    181    242    181
200005    144    303   1461    181    242    181
200006    143    302   1461    181    242    181
200007    178    412   1472    157    208    157
200008    178    412   1470    157    208    157
200009    177    412   1468    157    208    157
200010    177    410   1462    156    204    157
200011    177    410   1460    156    204    157
200012    177    410   1460    156    204    157
200101    177    409   1460    156    204    157
200102    176    408   1456    156    204    157
200103    176    408   1455    156    204    157
200104    176    407   1448    156    196    155
200105    176    407   1448    156    196    155
200106    176    405   1447    156    196    155
200107    170    439   1476    175    233    175
200108    169    436   1476    175    233    175
200109    169    436   1475    175    233    175
200110    169    434   1470    175    232    175
200111    169    434   1470    175    232    174
200112    169    434   1470    175    232    174
200201    169    434   1467    175    231    173
200202    169    434   1465    175    231    172
200203    168    433   1460    175    230    172
200204    167    433   1448    174    229    172
200205    167    433   1441    174    229    172
200206    167    432   1439    174    229    172
200207    218    364   1532    184    246    184
200208    217    363   1528    183    246    184
200209    217    363   1527    183    246    184
200210    217    362   1512    182    243    178
200211    217    361   1509    182    243    178
200212    217    361   1507    182    242    178
200301    217    360   1503    182    242    178
200302    215    360   1501    182    242    178
200303    215    359   1499    182    242    178
200304    215    358   1489    182    241    175
200305    213    357   1487    182    241    175
200306    212    356   1485    182    241    175
200307    253    360   1457    203    271    203
200308    251    360   1450    201    270    203
200309    250    359   1448    200    270    203
200310    250    356   1438    199    269    201
200311    248    356   1435    199    269    201
200312    248    355   1433    199    269    200
200401    246    354   1432    199    269    200
200402    246    353   1427    199    269    200
200403    244    353   1422    199    269    200
200404    243    351   1415    198    269    200
200405    242    349   1414    198    269    200
200406    240    349   1413    198    269    200
200407    278    407   1311    226    302    226
200408    278    407   1304    225    302    226
200409    278    407   1304    224    301    226
200410    277    405   1300    223    299    225
200411    277    404   1299    223    299    225
200412    267    399   1276    220    295    223
200501    267    398   1272    220    295    223
200502    266    396   1270    219    295    223
200503    266    396   1269    219    295    223
200504    265    395   1263    218    295    223
200505    266    395   1261    218    296    223
200506    266    395   1260    218    296    223
200507    405    434   1139    247    330    248
200508    404    434   1138    246    329    247
200509    404    434   1138    245    328    246
200510    403    432   1128    243    322    246
200511    402    432   1126    243    322    246
200512    402    432   1125    242    320    246
200601    401    432   1123    242    320    245
200602    399    432   1123    242    319    245
200603    397    430   1122    241    319    245
200604    397    429   1117    240    318    244
200605    397    428   1116    240    318    244
200606    394    428   1115    240    318    244
200607    453    574   1097    222    297    222
200608    452    574   1093    222    297    221
200609    451    573   1091    221    294    220
200610    450    569   1086    221    291    218
200611    449    569   1086    221    291    218
200612    447    568   1086    221    291    218
200701    447    568   1085    221    291    218
200702    447    567   1084    221    291    218
200703    445    567   1080    221    291    218
200704    443    565   1073    220    288    217
200705    443    565   1073    220    288    217
200706    438    563   1070    219    287    217
200707    408    485   1381    197    261    197
200708    408    485   1373    197    260    196
200709    407    485   1373    194    260    196
200710    406    483   1365    194    260    193
200711    406    481   1362    194    260    193
200712    403    479   1358    194    260    193
200801    403    478   1356    194    260    192
200802    403    476   1354    194    259    192
200803    401    476   1351    194    259    192
200804    399    474   1345    194    257    190
200805    398    473   1345    194    256    190
200806    390    473   1342    193    256    190
200807    334    512   1488    183    244    184
200808    334    507   1486    182    243    184
200809    332    507   1483    181    243    184
200810    329    504   1479    181    243    184
200811    327    500   1475    181    242    184
200812    327    499   1468    181    242    184
200901    327    498   1467    181    242    184
200902    326    498   1466    181    242    184
200903    323    495   1460    181    242    184
200904    320    492   1450    179    241    182
200905    320    492   1446    178    241    182
200906    319    491   1442    179    241    182
200907    315    535   1388    198    265    198
200908    313    535   1382    197    265    197
200909    313    533   1368    196    264    197
200910    312    533   1360    194    263    197
200911    312    533   1358    194    263    197
200912    311    533   1357    194    263    197
201001    309    532   1353    194    263    197
201002    306    532   1352    194    261    197
201003    305    531   1350    194    261    197
201004    304    529   1343    194    258    192
201005    300    528   1341    194    258    192
201006    300    528   1338    194    258    192
201007    313    434   1446    191    254    191
201008    310    434   1444    190    253    191
201009    310    433   1442    190    253    191
201010    278    410   1384    189    253    191
201011    278    410   1383    189    253    191
201012    289    419   1384    189    253    191
201101    289    419   1379    189    253    191
201102    288    417   1377    189    253    191
201103    288    416   1376    189    253    191
201104    286    415   1373    188    252    190
201105    285    415   1371    188    252    189
201106    287    413   1370    188    252    188
201107    393    470   1429    197    263    197
201108    393    469   1428    196    263    196
201109    393    468   1426    195    262    195
201110    393    466   1422    195    260    195
201111    392    465   1421    195    260    195
201112    390    462   1419    195    260    195
201201    390    462   1416    195    260    194
201202    388    462   1416    195    259    194
201203    386    460   1413    195    259    194
201204    384    459   1408    194    258    192
201205    384    460   1405    194    258    192
201206    383    460   1403    194    258    192
201207    402    555   1312    207    275    207
201208    399    554   1307    207    274    206
201209    399    554   1304    207    274    205
201210    399    553   1300    207    272    202
201211    399    552   1300    207    272    202
201212    399    550   1296    207    272    202
201301    398    550   1295    207    270    202
201302    398    550   1295    207    270    202
201303    397    548   1294    207    270    202
201304    395    548   1292    207    270    201
201305    395    548   1291    207    270    201
201306    394    547   1291    207    270    201
201307    429    577   1364    192    255    192
201308    428    576   1357    191    255    192
201309    427    576   1357    191    255    192
201310    425    571   1352    190    253    191
201311    423    569   1352    188    252    191
201312    422    569   1350    188    252    191
201401    422    569   1348    188    252    191
201402    421    569   1347    188    252    191
201403    421    569   1345    188    252    191
201404    421    568   1340    187    252    191
201405    420    568   1340    187    252    191
201406    419    568   1338    187    252    191
201407    467    507   1384    204    272    204
201408    467    507   1384    204    272    203
201409    466    506   1382    204    272    202
201410    466    504   1376    203    272    202
201411    466    504   1375    203    272    202
201412    465    503   1375    203    272    202
201501    465    502   1372    203    272    202
201502    463    501   1371    203    272    202
201503    463    501   1368    203    272    202
201504    463    500   1365    202    272    202
201505    463    500   1364    202    272    202
201506    463    498   1363    202    272    202
201507    525    628   1270    197    264    197
201508    525    625   1265    197    263    197
201509    523    624   1264    197    263    197
201510    522    623   1258    197    263    194
201511    522    623   1258    197    263    194
201512    520    623   1258    197    263    194
201601    518    622   1257    197    263    194
201602    517    622   1256    197    263    194
201603    517    621   1255    197    263    194
201604    513    620   1253    197    262    193
201605    512    618   1253    197    262    193
201606    509    616   1251    197    262    193
201607    475    609   1358    205    272    205
201608    474    609   1356    205    272    204
201609    474    607   1354    205    272    203
201610    473    605   1354    205    272    201
201611    473    602   1352    205    272    201
201612    472    600   1350    205    272    201
201701    471    598   1349    205    272    201
201702    470    597   1347    205    272    201
201703    470    597   1345    205    272    201
201704    470    597   1343    204    271    200
201705    470    595   1342    204    271    200
201706    469    595   1339    204    270    200
201707    548    615   1280    218    289    218
201708    546    614   1277    218    289    218
201709    545    614   1276    218    289    217
201710    545    614   1274    218    289    216
201711    545    614   1274    218    289    216
201712    545    614   1273    218    289    216
201801    544    614   1271    218    289    216
201802    544    614   1267    218    289    216
201803    544    614   1267    218    289    216
201804    543    612   1259    217    289    215
201805    543    612   1259    217    289    215
201806    543    612   1257    217    289    215
201807    595    715   1170    226    302    226
201808    595    714   1168    226    302    226
201809    588    710   1167    226    302    226
201810    588    708   1156    226    302    225
201811    588    708   1153    225    302    225
201812    588    706   1151    225    302    225
201901    589    708   1150    225    302    223
201902    589    709   1150    225    301    222
201903    588    709   1149    225    301    222
201904    586    707   1144    225    300    222
201905    585    706   1143    224    300    222
201906    585    705   1143    224    300    222
201907    537    673   1325    209    280    209
201908    536    673   1322    209    280    209
201909    535    672   1321    208    280    209
201910    535    670   1320    208    280    209
201911    535    669   1320    208    280    209
201912    535    668   1319    208    280    209
202001    535    668   1318    208    280    209
202002    534    666   1318    208    279    209
202003    533    664   1317    208    278    209
202004    533    664   1312    208    277    209
202005    533    662   1311    208    277    209
202006    533    662   1305    208    276    209



  Average Firm Size
                       Small                                Big
              Low         2           High        Low         2           High
199007      398.74      439.48      447.32     5262.78     3921.64     3081.35
199008      414.65      463.72      486.25     5198.01     3927.47     3121.45
199009      346.66      392.77      412.05     4665.00     3494.73     2785.99
199010      296.39      324.29      343.88     3822.04     2906.88     2343.57
199011      374.26      419.38      429.94     4955.52     3650.85     2853.69
199012      301.94      340.59      352.20     4315.47     3208.40     2438.12
199101      296.17      328.95      340.08     4555.19     3322.66     2432.04
199102      275.72      312.65      326.05     4714.66     3389.58     2460.83
199103      343.04      393.78      392.90     5168.12     3822.61     2832.14
199104      337.23      388.01      391.57     4932.30     3631.42     2684.87
199105      346.06      400.61      413.09     5034.91     3735.07     2743.55
199106      332.86      394.63      405.70     4970.69     3699.57     2674.71
199107      252.21      315.36      310.12     3965.80     3386.05     2977.07
199108      249.17      313.72      306.87     4027.24     3481.95     3078.01
199109      220.65      277.85      272.87     3798.72     3284.80     2839.76
199110      244.15      307.64      300.87     4115.42     3583.62     3084.91
199111      264.61      329.09      314.64     4369.26     3738.28     3180.89
199112      236.97      295.67      282.00     4007.92     3487.72     2892.18
199201      248.70      306.82      292.68     4128.30     3586.13     3005.32
199202      233.39      286.53      275.25     3874.30     3353.24     2928.97
199203      223.50      274.31      262.62     3619.69     3091.52     2704.77
199204      191.76      243.46      230.35     3148.94     2764.20     2422.00
199205      170.34      216.57      209.64     2851.33     2513.29     2403.95
199206      194.64      248.89      234.80     3131.45     2731.48     2578.24
199207      177.28      209.64      188.64     3172.03     2410.06     2257.05
199208      161.07      193.19      174.64     3168.67     2333.81     2165.05
199209      182.84      214.61      192.62     3883.96     2684.43     2438.09
199210      185.69      214.89      192.03     3728.87     2611.10     2371.79
199211      170.66      203.57      179.25     3541.95     2464.59     2274.50
199212      169.74      201.80      177.18     3685.92     2493.46     2316.64
199301      168.56      204.53      182.06     3636.06     2460.70     2311.97
199302      164.24      199.63      178.99     3615.30     2456.10     2291.23
199303      174.47      210.34      192.31     3782.08     2582.24     2361.25
199304      202.24      242.93      224.89     4236.01     3031.96     2792.25
199305      237.59      284.72      269.59     4836.54     3570.97     3333.45
199306      274.22      331.25      314.04     5145.51     3693.08     3394.64
199307      281.65      311.17      261.53     5151.95     3754.57     2936.21
199308      287.22      319.91      269.67     5568.22     4000.66     3160.81
199309      294.06      327.04      273.72     5669.02     4102.17     3265.74
199310      281.91      315.00      258.84     5390.85     3851.28     3099.37
199311      256.40      285.62      235.66     5318.78     3777.69     3056.11
199312      212.95      236.18      192.72     4408.27     3243.24     2548.99
199401      213.64      240.77      197.89     4465.75     3303.64     2664.25
199402      252.66      282.47      237.86     5130.87     3871.36     3199.94
199403      262.79      295.95      252.56     5271.39     4024.75     3375.54
199404      268.59      303.48      262.32     5057.01     3921.79     3323.98
199405      283.46      318.18      278.76     5250.77     4043.42     3426.55
199406      280.80      317.33      281.75     5282.55     4092.92     3568.27
199407      313.73      326.98      315.82     6580.98     4000.18     3161.42
199408      303.34      317.62      305.85     6345.43     3850.79     3005.77
199409      296.11      314.16      299.64     6363.88     3843.24     3040.48
199410      282.50      297.91      285.87     6139.59     3750.79     2955.87
199411      290.18      303.13      292.51     6253.73     3857.63     3078.37
199412      266.75      280.18      268.83     5891.79     3619.70     2894.93
199501      273.00      286.80      275.39     6034.94     3679.26     2939.01
199502      260.32      275.62      258.70     5712.56     3424.00     2693.37
199503      245.02      257.55      243.97     5426.15     3240.49     2558.10
199504      257.48      270.56      260.72     5909.71     3515.69     2809.88
199505      263.55      275.79      265.23     6225.26     3675.36     2874.52
199506      238.97      251.47      242.25     5892.97     3445.11     2663.20
199507      226.51      244.37      238.35     5759.59     3737.01     2568.43
199508      244.14      260.78      249.33     6173.70     3966.11     2708.86
199509      246.77      265.31      245.23     5940.36     3877.11     2645.29
199510      239.38      258.13      235.12     5900.10     3853.59     2548.43
199511      235.22      252.57      228.44     5659.20     3703.46     2438.80
199512      246.24      264.45      242.38     5932.57     3857.05     2543.65
199601      259.72      281.43      262.24     6170.10     4027.35     2706.61
199602      262.66      289.80      266.83     5964.65     4013.04     2721.22
199603      259.59      283.54      261.57     5870.55     3960.25     2683.69
199604      266.76      286.98      265.04     5944.60     4065.09     2745.41
199605      296.72      320.69      295.70     6269.34     4328.72     2954.81
199606      285.77      307.95      286.77     5998.61     4096.92     2844.37
199607      248.65      261.63      246.02     6108.99     3665.13     2573.62
199608      231.47      246.52      233.90     5815.23     3506.50     2451.59
199609      223.52      237.65      224.63     5586.67     3327.92     2350.58
199610      219.47      233.82      222.00     5749.97     3441.51     2422.06
199611      205.07      218.86      208.42     5341.44     3207.20     2260.98
199612      196.72      210.54      201.72     5360.27     3253.98     2310.98
199701      174.32      186.81      180.90     4938.39     3052.95     2197.26
199702      158.31      169.27      161.92     4310.32     2766.41     1994.12
199703      154.60      169.98      161.64     4457.80     2807.53     1999.80
199704      141.71      155.73      150.50     4259.70     2712.12     1941.96
199705      138.94      151.68      145.05     4343.80     2775.88     2005.13
199706      164.29      178.30      167.28     5036.93     3103.59     2208.16
199707      186.41      210.58      194.34     6741.66     3554.65     2613.29
199708      165.68      187.82      171.91     6642.35     3403.40     2467.26
199709      148.92      167.99      153.76     6016.17     3074.73     2259.73
199710      128.15      144.73      132.90     6042.28     2972.68     2166.03
199711      128.82      144.54      131.59     5468.30     2801.55     1957.45
199712      106.17      120.42      108.03     5219.07     2556.96     1748.87
199801       90.71      101.43       93.49     4951.90     2331.49     1578.33
199802      113.10      126.04      115.59     5345.63     2604.64     1781.79
199803      119.46      132.58      122.87     5366.15     2627.93     1815.44
199804      107.01      119.49      111.86     4984.99     2466.21     1712.85
199805      102.44      115.43      105.57     4927.25     2432.92     1653.18
199806       97.27      111.18      101.37     4679.26     2347.32     1571.11
199807      133.45      142.41      110.39     6491.91     2460.31     1535.99
199808      131.50      141.49      108.67     6495.67     2392.37     1487.27
199809      122.67      131.97       99.08     5886.06     2218.20     1330.04
199810      116.09      124.66       92.33     5707.75     2164.85     1233.12
199811      134.05      137.39      105.19     6600.65     2541.75     1486.29
199812      139.12      144.66      112.37     6852.44     2617.25     1560.30
199901      145.17      149.97      113.80     7061.69     2721.02     1593.11
199902      148.48      151.19      113.66     7156.39     2725.82     1639.21
199903      157.08      149.71      111.98     7041.49     2620.39     1583.33
199904      182.73      166.02      128.09     7971.90     2934.75     1869.22
199905      199.00      180.63      142.89     8274.41     3034.07     2036.04
199906      189.25      170.95      134.87     7885.46     2901.91     1907.62
199907      209.07      206.95      153.13     7785.01     4451.95     2589.49
199908      217.97      221.05      165.12     8714.42     4878.10     2833.76
199909      233.38      235.89      169.68     9035.20     4879.67     3062.35
199910      257.57      245.03      173.01     9876.99     5074.84     3319.86
199911      268.67      247.05      169.31    10948.92     5204.50     3516.54
199912      276.57      243.80      162.66    12767.03     5303.96     3339.35
200001      267.70      228.25      150.77    13361.41     5886.09     3080.99
200002      255.79      224.85      150.34    12330.93     5640.57     3103.96
200003      266.43      214.33      146.74    12295.27     5568.67     2810.52
200004      289.54      234.83      158.94    12596.57     6141.27     3171.21
200005      253.54      213.07      141.03    11261.78     5776.35     2952.46
200006      241.48      216.58      145.25     9941.97     5555.24     2951.60
200007      359.93      250.65      176.79    13314.46     7075.67     2519.04
200008      300.70      222.25      160.30    11593.82     6332.25     2241.72
200009      330.91      238.65      170.70    12663.58     6601.45     2361.26
200010      303.30      224.41      164.13    11833.57     6223.71     2366.93
200011      254.53      199.73      152.10    10622.21     6059.84     2296.86
200012      242.47      200.52      155.21    10205.78     5900.47     2317.38
200101      213.58      182.65      144.84     8689.99     5661.81     2210.91
200102      222.26      180.33      143.10     9003.25     5441.80     2141.48
200103      219.98      181.42      145.62     8106.51     5301.15     2137.97
200104      210.59      173.02      140.07     7813.65     4725.88     2053.06
200105      226.14      189.55      157.62     8430.61     5148.96     2302.83
200106      237.99      195.94      159.91     8349.66     5178.05     2333.19
200107      209.03      180.82      123.85     7224.14     4849.93     1557.59
200108      184.48      165.46      116.24     6412.64     4522.44     1487.48
200109      176.70      166.17      120.65     6064.97     4392.99     1533.51
200110      161.02      151.46      110.40     5695.51     3988.19     1414.50
200111      173.00      155.50      112.41     5877.20     3987.15     1411.51
200112      160.05      149.83      105.83     5955.11     3940.17     1316.70
200201      139.03      134.16       94.78     5454.20     3692.58     1211.20
200202      131.99      126.15       89.98     4937.66     3464.62     1136.25
200203      135.88      135.51       96.84     5192.36     3616.68     1216.14
200204      146.87      141.24       98.41     5543.37     3797.39     1226.13
200205      157.51      150.46      103.87     5811.60     4024.43     1279.57
200206      171.77      164.51      114.00     6148.76     4298.20     1416.75
200207      153.80      157.73      105.43     5207.50     4044.48     1966.45
200208      147.90      155.77      104.03     4827.51     3797.32     1888.93
200209      139.92      152.78      103.13     4772.65     3756.14     1851.54
200210      128.51      146.26       99.47     4383.91     3654.98     1775.84
200211      115.11      133.33       92.66     4200.17     3350.49     1680.42
200212      110.48      130.65       91.28     4442.66     3393.76     1706.94
200301      110.35      129.87       91.35     4246.82     3362.54     1670.41
200302      110.26      130.30       91.92     4031.47     3262.60     1615.86
200303      109.83      136.29       98.58     4022.95     3303.73     1680.16
200304      107.97      137.11       98.62     3875.29     3170.54     1607.19
200305      113.96      141.26      103.03     3899.97     3183.18     1637.14
200306      122.10      148.85      109.12     4116.57     3312.47     1678.51
200307      128.57      141.79       98.64     4836.14     2856.89     1347.14
200308      133.15      145.12      100.49     5048.61     2944.40     1402.15
200309      145.79      156.25      110.26     5506.60     3218.55     1585.45
200310      165.78      167.71      118.20     5819.09     3450.78     1717.20
200311      191.40      178.44      123.91     5906.46     3622.21     1828.69
200312      175.27      168.52      115.51     5741.25     3493.32     1744.05
200401      183.34      177.15      122.61     6057.44     3714.18     1898.20
200402      195.64      187.09      131.42     6133.84     3808.18     1921.53
200403      191.42      186.84      132.10     6111.87     3810.42     1936.57
200404      235.62      225.06      159.25     6741.65     4348.92     2289.05
200405      251.30      231.43      158.22     6433.50     4078.07     2168.03
200406      237.37      214.27      150.24     6233.01     4008.99     2085.07
200407      228.80      197.10      147.31     5318.57     4873.53     2000.58
200408      203.39      183.67      140.24     4897.16     4605.76     1897.49
200409      208.18      184.93      142.24     5035.86     4611.99     1919.39
200410      194.73      178.82      138.27     4851.24     4487.66     1887.83
200411      197.48      183.41      142.38     5004.81     4578.53     1934.19
200412      206.77      187.20      146.60     5237.59     4826.09     2031.75
200501      213.96      195.04      154.21     5529.71     5044.13     2149.60
200502      227.44      204.58      161.21     5412.72     4954.58     2149.96
200503      231.62      210.59      169.50     5462.86     5052.74     2198.30
200504      227.23      210.56      171.25     5292.61     4937.73     2198.68
200505      229.92      210.87      171.58     5120.07     4834.03     2174.40
200506      219.21      202.86      164.62     5021.90     4722.55     2130.79
200507      197.58      189.60      161.36     4287.84     4589.67     2372.33
200508      205.16      193.27      164.15     4341.86     4602.38     2392.54
200509      209.45      200.30      170.33     4624.85     4901.64     2526.99
200510      204.70      207.87      177.19     4831.70     5394.08     2700.55
200511      210.71      213.08      180.34     4778.05     5348.05     2761.74
200512      214.29      221.31      185.11     5023.10     5569.49     2751.29
200601      249.12      247.71      205.66     5606.84     6068.94     2898.82
200602      250.97      260.79      215.32     5773.90     6364.28     3025.27
200603      227.54      245.80      203.18     5538.66     6340.85     3017.08
200604      235.98      251.30      207.21     5632.91     6544.00     3054.95
200605      235.75      256.63      210.43     5721.96     6762.94     3139.30
200606      208.42      236.35      194.70     5376.68     6254.08     2971.08
200607      245.95      234.53      193.89     5037.75     6423.62     4826.98
200608      217.10      219.15      185.57     4845.79     6401.63     4821.16
200609      224.38      223.60      187.38     4951.22     6592.40     4867.76
200610      215.68      216.51      182.67     4873.31     6531.59     4772.78
200611      214.64      215.05      181.20     4977.19     6709.24     4778.72
200612      207.14      212.95      179.31     4916.00     6769.86     4795.74
200701      202.98      214.11      179.90     4932.39     7045.79     4817.88
200702      205.78      217.28      182.16     4957.49     7102.92     4872.95
200703      205.35      225.33      189.15     5083.27     7426.41     5060.58
200704      197.50      222.20      187.70     4961.02     7339.91     5010.79
200705      184.66      216.43      184.15     4843.96     7193.34     4909.69
200706      178.28      212.11      180.59     4939.76     7309.70     4903.32
200707      230.10      253.22      185.90     8819.65     7107.46     3457.88
200708      227.06      255.24      187.89     8862.09     7114.26     3426.46
200709      207.74      240.75      178.74     8780.25     6829.56     3329.65
200710      204.15      238.42      176.15     8925.83     6940.14     3364.52
200711      224.08      241.58      175.40     8885.24     6998.18     3341.61
200712      215.18      229.05      171.61     8705.42     6910.87     3243.89
200801      200.87      215.27      164.39     8306.82     6700.95     3163.00
200802      186.99      207.34      158.46     7809.76     6374.36     3114.85
200803      193.30      211.36      162.49     7815.31     6491.30     3118.29
200804      189.30      207.81      160.68     7402.02     6213.53     2947.92
200805      186.60      209.86      161.36     8037.92     6627.69     3105.11
200806      192.82      217.44      168.15     8236.30     6748.88     3182.88
200807      211.99      221.65      153.15     7137.10     7735.71     2743.58
200808      200.75      211.19      148.90     6890.36     7549.04     2697.62
200809      185.50      197.97      139.84     6650.25     7224.13     2618.86
200810      165.80      178.56      128.60     5687.58     6461.64     2425.25
200811      143.16      161.72      121.88     4932.10     5513.87     2114.39
200812      151.34      169.22      126.12     4977.22     5369.74     2184.58
200901      166.87      181.53      138.29     5365.83     5819.33     2385.49
200902      164.21      172.13      133.13     4863.96     5535.10     2204.19
200903      137.70      151.27      116.52     4280.32     4903.71     1898.67
200904      139.85      153.03      118.13     4394.35     4872.29     1958.96
200905      146.46      160.24      121.25     4701.33     5401.22     2076.94
200906      168.28      179.55      135.31     5292.38     5906.12     2288.06
200907      189.36      184.38      120.97     5328.27     5050.68     2791.91
200908      196.85      189.72      123.47     5476.12     5333.51     2934.98
200909      207.55      201.16      131.95     5711.36     5513.18     2996.44
200910      212.66      202.75      129.92     5854.01     5361.63     2875.37
200911      208.21      196.92      126.18     5606.12     5304.48     2850.14
200912      197.63      189.90      117.77     5677.80     5187.69     2699.76
201001      189.96      183.28      117.83     5545.13     5212.70     2858.32
201002      194.82      187.62      121.33     5713.82     5303.97     2945.09
201003      198.02      189.40      123.10     5815.12     5316.69     2928.73
201004      199.18      193.28      130.94     5916.18     5568.99     3117.53
201005      209.65      199.81      138.44     5938.84     5523.34     3165.52
201006      198.63      187.57      126.96     5544.45     5072.86     2831.78
201007      177.47      206.46      130.54     5630.87     5502.61     2671.39
201008      184.28      208.38      132.13     5865.78     5682.11     2743.19
201009      176.84      203.17      127.68     5668.81     5587.11     2673.84
201010      199.59      219.10      135.08     6005.21     5767.56     2736.33
201011      197.94      214.87      131.31     6072.10     5894.29     2775.66
201012      197.08      216.35      135.64     6202.08     6002.22     2816.94
201101      216.88      236.97      150.63     6623.33     6413.37     3059.21
201102      221.10      240.05      155.59     6581.18     6485.41     3055.90
201103      229.90      250.71      163.40     6836.40     6832.15     3204.42
201104      206.14      232.79      154.26     6306.20     6038.88     2851.41
201105      207.91      233.78      151.88     6429.36     6050.19     2876.32
201106      200.89      231.69      148.13     6313.38     5988.37     2818.71
201107      181.29      211.86      143.06     5934.72     5881.81     3475.02
201108      189.44      221.75      149.36     6220.73     6098.85     3615.66
201109      182.70      214.00      145.23     5784.83     5568.81     3350.61
201110      178.27      210.20      144.95     5649.83     5476.55     3397.06
201111      174.18      203.65      139.08     5699.67     5388.58     3311.88
201112      169.60      198.12      137.54     5484.48     5163.98     3172.37
201201      173.28      200.64      140.98     5480.38     5229.04     3256.34
201202      180.75      211.63      152.23     5636.74     5476.09     3419.90
201203      180.35      213.41      153.91     5837.21     5719.11     3515.96
201204      183.71      216.13      156.21     5907.49     5771.76     3490.47
201205      188.30      219.00      156.81     5848.18     5635.48     3372.80
201206      172.21      201.21      144.50     5422.56     5134.02     3054.82
201207      150.67      182.70      141.45     5592.57     4630.71     3505.19
201208      149.03      181.68      137.85     5604.73     4560.07     3335.91
201209      149.49      180.09      135.99     5632.32     4538.33     3251.23
201210      153.20      181.52      137.70     5652.78     4599.03     3386.14
201211      154.81      178.91      133.63     5493.46     4551.19     3315.20
201212      156.19      179.18      135.54     5540.69     4674.44     3371.42
201301      154.52      181.46      142.57     5603.25     4850.55     3672.45
201302      167.18      189.73      148.63     5773.73     5019.81     3847.40
201303      175.11      195.91      152.13     5909.59     5174.34     3969.88
201304      196.35      212.97      161.69     6214.80     5381.62     4098.85
201305      234.22      233.71      172.59     6711.22     5797.99     4590.65
201306      229.87      218.39      159.97     6311.61     5571.68     4289.06
201307      187.63      206.62      157.77     6442.53     6733.17     4246.96
201308      197.17      215.47      163.54     6506.86     6790.04     4313.98
201309      189.92      211.04      160.08     6340.92     6607.56     4213.95
201310      212.34      228.42      177.05     6957.10     7056.90     4585.77
201311      209.70      227.26      177.18     6948.18     7134.85     4522.78
201312      205.28      225.45      175.75     7048.68     7240.18     4567.71
201401      209.44      226.67      177.57     7085.14     7272.91     4631.70
201402      216.04      232.31      181.13     6834.02     7085.88     4440.14
201403      206.89      227.20      176.74     6818.93     7067.69     4412.54
201404      201.75      228.09      176.57     6778.27     6840.61     4312.24
201405      195.97      224.39      172.80     6610.41     6678.64     4212.80
201406      205.85      229.59      175.71     6847.55     6952.32     4391.58
201407      201.27      233.23      179.45     7064.81     6600.10     4540.75
201408      202.55      235.94      181.41     7138.60     6650.96     4563.90
201409      201.10      238.29      183.08     6964.34     6498.32     4485.99
201410      193.77      230.45      178.14     6958.19     6388.23     4354.45
201411      181.57      220.19      171.01     6927.61     6246.14     4222.32
201412      181.35      216.24      167.86     6875.45     6299.92     4222.15
201501      179.57      219.28      170.34     6735.00     6259.55     4187.18
201502      185.56      223.71      174.63     6904.40     6460.60     4296.53
201503      187.93      228.54      177.66     7294.74     6739.69     4679.24
201504      192.63      232.39      177.27     7537.11     6812.41     4598.08
201505      197.18      238.21      183.14     7659.53     7033.37     4928.62
201506      196.38      239.93      182.06     7656.07     7110.04     5059.84
201507      202.33      248.91      182.39     7905.24     6777.23     5810.50
201508      206.59      249.19      180.87     7972.00     6886.38     5855.77
201509      193.01      245.59      176.05     7563.26     6494.55     5510.09
201510      184.40      234.81      170.29     6922.10     6117.81     5137.52
201511      188.72      250.16      179.09     7657.23     6675.20     5629.46
201512      194.25      255.22      181.40     7758.65     6622.15     5512.65
201601      198.59      257.91      181.71     7738.65     6658.25     5534.76
201602      184.45      239.84      168.85     7165.14     6234.19     4980.74
201603      187.93      239.77      165.70     7223.64     6061.24     4718.53
201604      208.76      254.78      173.62     7544.63     6278.08     4881.86
201605      219.47      266.21      181.00     7989.29     6533.97     5183.03
201606      220.60      265.12      179.90     7916.23     6466.17     5104.64
201607      200.96      231.87      170.66     6945.98     6610.47     5068.43
201608      203.59      247.00      184.95     7210.28     7111.25     5547.71
201609      195.65      238.87      180.96     6909.04     7025.43     5754.77
201610      211.15      253.00      188.76     7150.49     7140.05     5715.95
201611      211.50      258.00      195.57     7157.53     7224.70     5940.67
201612      194.95      244.88      189.43     6651.85     6920.59     5994.69
201701      197.03      248.66      193.97     6692.36     6991.16     6114.14
201702      210.22      262.70      203.45     6954.03     7204.28     6376.39
201703      217.44      269.99      211.32     6994.23     7237.86     6479.60
201704      224.76      272.15      211.29     7083.94     7294.53     6338.27
201705      221.86      273.65      212.13     7194.75     7435.68     6373.12
201706      240.71      287.82      218.31     7622.57     7674.27     6314.02
201707      240.54      266.30      199.94     7546.87     7272.46     5785.35
201708      247.09      277.11      209.41     7703.92     7484.74     5856.85
201709      249.52      281.91      216.76     7768.59     7500.33     5821.01
201710      248.77      285.77      221.81     7831.52     7552.11     5938.44
201711      256.89      293.79      228.61     8180.95     7909.03     6145.43
201712      269.00      301.19      232.59     8461.78     8111.93     6261.63
201801      277.70      310.29      240.13     8409.67     8176.37     6488.46
201802      301.37      329.20      250.69     8826.40     8551.19     6690.86
201803      302.45      327.60      246.29     8799.80     8372.98     6572.41
201804      305.22      318.12      235.39     8817.58     8130.87     6313.62
201805      290.75      315.20      236.14     8714.54     8209.88     6475.67
201806      301.37      315.47      231.59     8846.23     8028.53     6238.67
201807      255.36      281.39      217.01     7617.04     7582.64     6551.72
201808      249.68      278.78      216.49     7540.60     7587.34     6648.72
201809      255.69      279.67      212.01     7666.66     7457.19     6634.24
201810      257.49      279.86      213.83     7805.53     7640.82     6840.06
201811      231.74      257.29      195.67     6911.11     7034.73     6430.88
201812      239.00      260.97      196.88     7148.35     7083.30     6348.22
201901      202.44      233.46      180.19     6543.80     6659.99     5982.02
201902      217.41      241.73      185.24     6883.11     7013.71     6381.34
201903      225.56      246.59      188.66     7122.35     6957.39     6270.60
201904      226.34      242.42      185.01     7237.01     6871.46     6117.66
201905      226.79      245.52      186.38     7478.51     6968.92     6101.77
201906      222.99      236.43      179.54     7231.36     6731.96     5829.54
201907      238.86      253.05      196.87     8054.35     7839.99     5757.66
201908      243.54      256.75      199.37     8218.97     7882.29     5638.38
201909      235.69      248.98      192.67     8298.92     7840.77     5420.65
201910      238.71      257.86      199.60     8510.11     8033.26     5689.61
201911      244.29      274.96      214.00     8946.83     8401.96     5979.60
201912      254.07      279.12      216.03     9069.79     8427.82     5998.21
202001      258.18      287.22      223.74     9255.56     8586.43     6116.08
202002      249.32      278.83      215.32     9137.33     8524.98     5877.53
202003      206.23      239.94      186.50     8214.65     7748.84     5309.38
202004      188.51      229.90      177.59     8214.20     7179.56     4603.31
202005      214.79      242.45      183.72     8768.48     7454.80     4755.58
202006      246.98      262.61      194.41     9608.70     7754.95     4956.78
