This file was created using the 202006 Bloomberg database.

Missing data are indicated by -99.99.



           WML
199011    1.50
199012   -8.04
199101    0.46
199102  -15.23
199103    1.45
199104    1.08
199105    2.27
199106    3.08
199107    0.57
199108    4.49
199109   -3.07
199110    1.32
199111    2.25
199112   -0.27
199201   -1.30
199202    0.60
199203    1.20
199204   -0.88
199205   -0.54
199206    6.06
199207   -2.67
199208  -10.37
199209    1.98
199210    3.85
199211   -1.49
199212   -0.43
199301    0.54
199302   -0.04
199303  -10.11
199304   -3.59
199305    0.66
199306    0.36
199307    1.34
199308    1.36
199309   -1.43
199310    0.92
199311   -3.42
199312    2.60
199401    0.19
199402    2.80
199403   -1.46
199404   -0.95
199405   -1.50
199406    1.13
199407   -1.19
199408    0.24
199409    0.63
199410    2.91
199411   -0.63
199412    0.06
199501   -7.15
199502    2.84
199503   -1.27
199504    1.29
199505    2.17
199506    0.52
199507   -5.73
199508   -4.63
199509    1.73
199510    2.08
199511   -1.36
199512   -6.15
199601   -1.99
199602   -1.72
199603    0.04
199604   -2.42
199605   -1.11
199606    0.46
199607   -4.27
199608    0.51
199609   -0.28
199610    1.06
199611    1.19
199612    2.19
199701    4.09
199702   -0.74
199703    3.67
199704    4.05
199705   -4.04
199706   -2.60
199707   11.61
199708   -0.75
199709   10.62
199710   -1.68
199711   11.71
199712    9.84
199801  -19.83
199802   -7.25
199803    4.72
199804    4.35
199805   -0.13
199806   -0.24
199807    2.62
199808    5.75
199809    2.91
199810   -6.11
199811   -8.60
199812    6.90
199901   -0.30
199902    1.57
199903   -4.21
199904   -2.19
199905   -2.71
199906   11.54
199907    4.59
199908    7.45
199909    8.36
199910    6.51
199911   14.95
199912    7.94
200001   -6.08
200002   14.80
200003  -14.93
200004   -6.61
200005  -13.50
200006   -4.92
200007   -6.74
200008    8.66
200009   -1.41
200010   -4.03
200011   -0.52
200012    1.97
200101   -5.69
200102    1.72
200103    0.01
200104    1.37
200105    2.41
200106    6.71
200107    6.06
200108    6.92
200109    1.40
200110   -2.24
200111   -5.91
200112    4.27
200201   -1.45
200202   -3.55
200203   -9.85
200204    0.55
200205   -4.16
200206    4.33
200207    1.32
200208    0.45
200209   -1.08
200210    4.61
200211   -0.06
200212    4.16
200301    0.06
200302    0.86
200303    2.36
200304    2.85
200305   -5.80
200306   -9.52
200307   -2.50
200308   -1.14
200309   -1.36
200310    2.55
200311   -5.68
200312    2.35
200401    2.97
200402   -1.25
200403   11.03
200404    3.51
200405   -5.69
200406    2.84
200407   -5.22
200408    2.55
200409   -2.71
200410   -1.09
200411   -0.41
200412    0.99
200501    2.57
200502    0.53
200503    0.06
200504    1.38
200505   -0.45
200506    0.20
200507    1.92
200508    1.35
200509    2.19
200510    3.42
200511    0.84
200512    4.68
200601   -0.49
200602   -3.17
200603    1.21
200604   -0.84
200605   -4.70
200606    0.60
200607    0.60
200608   -0.82
200609    0.18
200610    0.45
200611    1.15
200612    3.65
200701   -1.98
200702    0.09
200703    1.59
200704    4.75
200705    0.06
200706    2.06
200707    2.87
200708    1.72
200709    6.23
200710   -4.26
200711   -3.16
200712   -0.32
200801   -1.82
200802    2.16
200803    3.03
200804   -8.58
200805   -3.55
200806    4.67
200807    0.85
200808    3.39
200809    0.88
200810    8.45
200811    5.78
200812    1.23
200901   -1.05
200902   -0.56
200903  -10.54
200904  -15.60
200905   -8.94
200906   -3.62
200907   -1.42
200908   -0.65
200909    3.27
200910   -0.72
200911   -3.52
200912    6.29
201001   -3.01
201002   -2.00
201003    3.17
201004    0.45
201005   -1.35
201006   -1.49
201007    1.68
201008    0.32
201009    1.78
201010   -0.17
201011   -1.76
201012   -0.11
201101    1.76
201102    0.51
201103    1.49
201104    2.97
201105    0.56
201106   -1.22
201107    1.73
201108   -2.34
201109   -4.00
201110    0.70
201111    0.86
201112    1.80
201201   -3.17
201202   -8.52
201203    1.93
201204    4.52
201205    3.59
201206   -1.04
201207    6.76
201208    4.21
201209    0.77
201210    0.12
201211   -1.81
201212   -3.32
201301    4.12
201302    1.83
201303    7.94
201304    7.19
201305   -6.42
201306   -1.69
201307    2.18
201308   -3.36
201309    6.25
201310   -2.03
201311    1.04
201312    1.63
201401   -2.44
201402   -2.75
201403   -3.01
201404   -2.42
201405   -0.40
201406    0.13
201407    3.95
201408    1.88
201409   -0.41
201410    0.71
201411   -1.04
201412    1.16
201501    4.22
201502   -3.62
201503    0.70
201504   -2.70
201505   -0.65
201506    1.62
201507    0.59
201508   -0.73
201509    0.85
201510   -3.42
201511    0.68
201512    2.39
201601    2.02
201602    0.56
201603    0.32
201604   -0.53
201605    1.40
201606    8.44
201607   -8.26
201608   -8.50
201609    4.07
201610   -3.95
201611   -7.02
201612   -2.21
201701    2.67
201702   -0.59
201703    1.70
201704   -0.71
201705    0.66
201706    0.44
201707    1.39
201708    1.40
201709    1.71
201710    1.50
201711    0.48
201712    0.97
201801    1.79
201802   -0.61
201803   -1.18
201804   -3.35
201805    3.68
201806   -1.70
201807   -2.64
201808    0.85
201809    1.47
201810   -3.96
201811   -0.59
201812    1.48
201901   -4.47
201902    1.06
201903    0.96
201904   -3.86
201905    4.08
201906   -0.88
201907   -0.74
201908    2.24
201909   -3.61
201910   -4.28
201911    0.53
201912    0.79
202001    0.74
202002   -0.37
202003    4.17
202004    1.09
202005   -2.59
202006    4.67



 Annual Factors: January-December
         WML
1991    1.93
1992   -1.31
1993  -11.69
1994    2.44
1995  -13.98
1996   -4.73
1997   32.35
1998  -10.26
1999   89.68
2000  -24.32
2001   13.57
2002   -2.67
2003  -22.35
2004    5.87
2005   23.94
2006   -2.52
2007    8.98
2008   14.50
2009  -37.99
2010   -3.18
2011    4.17
2012    5.65
2013   20.89
2014   -4.74
2015    0.46
2016  -14.55
2017   15.35
2018   -4.32
2019   -8.85
