This file was created using the 202006 Bloomberg database. It contains
value- and equal-weighted returns for the intersections of 2 ME portfolios
and 3 INV portfolios in Japan.

The portfolios are constructed at the end of June.  ME is market cap at the end
of June. Investment is the change in total assets from the fiscal year ending in year t-2
to the fiscal year ending in t-1, divided by t-2 total assets.
The annual returns are from January to December.

The break points include utilities and include financials.

The portfolios include utilities and include financials.

Missing data are indicated by -99.99.



  Average Value Weighted Returns -- Monthly
               Small                 Big
          Low     2    High    Low     2    High
199007   5.92   6.13   6.14   0.37  -0.73  -0.34
199008 -16.48 -13.79 -17.22 -11.87 -10.64  -9.21
199009 -15.82 -16.44 -16.12 -16.68 -17.27 -16.16
199010  28.16  26.87  27.82  32.62  24.68  23.46
199011 -18.93 -18.75 -19.21 -16.11 -12.08 -11.48
199012  -2.32  -2.84  -2.87   4.66   4.64   1.48
199101  -4.42  -6.67  -7.46   0.65   3.63   2.33
199102  24.46  26.36  24.59  12.83  12.06  11.22
199103  -1.61  -1.60   0.35  -5.19  -4.10  -4.64
199104   4.26   3.87   1.90  -0.09   3.24   3.22
199105  -2.20  -3.04  -1.75  -1.68  -1.14  -1.89
199106  -4.61  -6.55  -6.44  -7.66  -7.74  -6.41
199107   0.19  -0.16  -0.99   2.50   2.28   3.08
199108 -11.73 -11.54 -12.31  -6.23  -6.59  -5.78
199109  12.99  11.04  11.56  10.51   8.27   9.04
199110   8.24   7.04   6.65   3.56   4.46   5.03
199111 -10.71 -11.10 -10.95  -7.41  -8.26  -7.97
199112   4.72   5.45   3.17   3.69   3.79   2.48
199201  -5.47  -6.37  -6.17  -4.63  -5.28  -6.06
199202  -3.75  -5.31  -4.69  -4.91  -7.66  -8.99
199203 -12.89 -13.01 -11.46 -10.93 -10.84 -11.11
199204 -10.94 -11.12  -9.91  -5.70  -5.99  -8.62
199205  14.17  15.18  14.96   8.91   8.09   8.50
199206  -8.90  -9.42  -8.75  -7.52  -8.87  -9.91
199207  -6.93  -7.76  -9.30   1.20  -4.01  -5.14
199208  11.02  12.28  14.13  20.74  13.02  17.42
199209   1.21   0.60   0.09  -2.46  -2.70  -3.67
199210  -7.31  -5.55  -6.77  -5.56  -4.40  -5.24
199211  -0.30  -0.29  -1.42   3.12   1.67   2.57
199212   0.08   1.64   0.72  -1.03  -1.06  -1.21
199301  -1.78  -2.40  -3.08  -0.71  -0.50  -0.42
199302   5.89   5.69   6.93   5.19   3.24   4.81
199303  16.48  16.59  17.64  16.77  15.45  17.60
199304  19.66  17.68  17.83  16.35  17.89  16.52
199305  17.33  14.46  16.40   5.78   1.90   3.39
199306  -6.67  -5.91  -6.97  -2.09  -5.02  -4.80
199307   2.12   2.94   2.96   8.24   7.09   6.78
199308   0.96   2.58   2.67   2.43   2.41   2.54
199309  -5.91  -4.04  -2.93  -6.80  -5.22  -2.74
199310  -9.94  -9.56  -8.29  -0.54  -0.95  -4.61
199311 -19.07 -17.00 -16.27 -19.84 -14.00 -12.84
199312   2.87   2.26   0.39   2.98   2.73   0.69
199401  21.01  17.25  17.38  18.57  16.62  15.69
199402   5.46   4.40   5.38   3.95   4.17   3.58
199403   4.02   3.28   2.24  -3.05  -2.35  -2.29
199404   6.64   5.30   4.67   4.53   2.75   2.83
199405   1.17  -0.23  -0.42   3.23   1.72  -0.49
199406  12.18  10.80   9.15   5.35   5.71   6.95
199407  -3.78  -2.76  -2.78  -4.58  -3.98  -2.99
199408  -1.92  -1.67  -2.08  -0.89   1.89  -0.02
199409  -4.86  -4.23  -3.62  -2.81  -1.91  -3.96
199410   3.35   2.41   0.72   3.28   3.42   0.45
199411  -8.12  -7.60  -8.12  -6.19  -5.99  -5.59
199412   3.61   1.97   1.70   3.15   1.31   1.31
199501  -7.64  -4.04  -3.03  -5.48  -8.69  -4.85
199502  -5.13  -6.03  -6.95  -5.64  -4.88  -4.61
199503   6.88   6.31   5.73   7.54  11.19   9.44
199504   1.80   2.03   1.98   6.63   2.59   3.95
199505  -9.78  -8.27  -8.53  -6.18  -6.10  -6.19
199506  -5.52  -4.95  -5.56  -6.86  -2.02  -2.43
199507   7.75   5.80   5.16   9.40   5.28   4.91
199508   1.37   0.02  -0.79  -3.67  -1.97  -3.45
199509  -4.17  -3.79  -2.19  -0.61  -1.53  -0.31
199510  -2.39  -1.83  -3.33  -4.70  -4.03  -3.15
199511   7.40   4.86   3.37   6.75   4.10   2.33
199512   7.30   7.10   6.61   5.70   4.05   4.27
199601   2.96   2.24   1.28  -1.61  -1.78  -1.10
199602  -2.72  -1.71  -0.87  -2.63  -0.95  -0.84
199603   3.38   1.85   1.82   4.41   2.27   2.57
199604  12.23  11.69  10.39   5.96   6.17   6.86
199605  -3.57  -3.38  -3.27  -4.74  -4.38  -4.59
199606  -1.88  -0.48  -0.25   0.28   0.87   0.15
199607  -7.40  -5.44  -4.90  -5.97  -4.36  -3.46
199608  -3.17  -3.70  -4.08  -4.54  -4.53  -3.91
199609  -0.52  -1.23  -1.78   3.37   3.63   2.86
199610  -6.42  -6.14  -6.32  -6.94  -6.98  -6.77
199611  -4.03  -2.98  -3.54  -0.41   1.54   1.99
199612 -12.70 -10.42 -10.09 -10.40  -5.85  -4.01
199701 -10.19  -9.55  -9.58 -14.26  -9.80  -8.60
199702  -0.69   0.43  -1.62   2.62   2.09   1.52
199703  -8.08  -6.75  -7.19  -4.81  -2.42  -3.38
199704  -2.66  -3.31  -2.51   1.27   1.62   3.99
199705  16.90  16.22  17.37  13.03  15.14  11.53
199706   2.14   3.03   3.21   8.76   5.94   3.98
199707 -12.74 -10.96  -9.99  -8.42  -3.48   1.31
199708 -10.20  -9.95 -11.42  -6.46  -8.83 -11.98
199709 -15.09 -12.51 -12.69  -6.29  -1.84   2.83
199710   0.87  -0.60  -1.70  -7.67  -8.14  -9.38
199711 -19.13 -15.87 -17.59 -13.72  -5.44  -4.17
199712 -15.92 -14.20 -12.83 -12.44  -6.23  -5.17
199801  27.85  21.70  23.03  16.05   9.56   7.24
199802   8.15   5.32   3.74   4.37   0.55  -0.98
199803  -9.61  -8.25  -8.67  -7.68  -6.04  -5.99
199804  -5.79  -4.59  -3.80  -4.06  -1.40  -0.25
199805  -4.34  -4.08  -3.87  -4.39  -4.20  -5.11
199806   1.16   1.42   0.20  -0.37   1.30   0.91
199807  -2.06  -1.04  -0.33  -3.70  -0.49  -0.69
199808  -9.90  -7.41  -6.82  -8.56  -7.92 -10.09
199809  -6.62  -5.58  -5.95  -4.44  -2.61  -3.11
199810  15.84  12.22  11.03  20.52  16.91  14.78
199811   6.13   5.64   7.04   2.58   0.99   7.18
199812   0.14   1.90   4.79   0.97   4.83   2.75
199901   0.73   0.12   0.14   1.25   0.61   1.76
199902  -1.68  -2.37   1.91  -3.03  -2.93  -1.77
199903  14.40  12.12  15.79  11.83  13.73  15.12
199904  12.01   9.43  10.56   4.24   4.64   4.15
199905  -5.68  -5.70  -5.12  -5.05  -4.77  -4.79
199906  12.67  12.10  24.55   4.22   9.52  13.32
199907   7.35   6.84   6.45   8.10   9.03  12.56
199908   2.35   3.35   6.62   3.35   5.02   1.78
199909   1.77   2.33   5.21   5.92   4.89   9.92
199910  -0.02  -2.39  -0.47   2.71   3.31  11.30
199911  -4.71  -2.44   1.19  -2.93   0.09  17.15
199912  -7.41  -7.36  -3.66  -4.58   1.77   9.51
200001   0.27  -1.03  -1.71   0.17  -4.88  -7.12
200002  -3.26  -3.79   1.83  -6.98  -4.83   1.44
200003  11.07  10.12   6.00  11.08  10.21   3.91
200004 -11.87 -10.23 -10.41  -5.55  -4.53 -10.81
200005   2.09   3.62  -1.02  -1.32  -0.90 -12.44
200006  11.44  12.79  10.16   7.64   7.11   4.58
200007 -12.45  -9.25 -11.37 -13.63 -10.28 -11.76
200008   8.25   5.89   7.36  10.42   5.83   5.47
200009  -5.59  -3.39  -6.08  -5.48  -3.12  -4.27
200010 -10.69  -8.10  -9.93  -5.06  -6.77  -7.78
200011   2.32   0.93  -1.26  -5.35  -1.62  -2.17
200012  -8.30  -7.15  -8.69  -8.13  -5.44 -14.10
200101  -0.12  -1.81   0.10   1.38  -3.38   1.57
200102   1.42   1.56   0.29  -5.73  -4.25  -7.52
200103  -2.46  -3.03  -3.63  -5.85  -3.32  -2.96
200104  13.81  11.14   8.28  10.21   8.54   8.28
200105   0.67   1.32   5.37  -1.32   0.50   0.17
200106  -1.11  -0.85  -4.02  -5.91  -4.91  -5.83
200107  -7.58  -5.86  -9.22  -7.97  -7.03 -10.48
200108   2.89   2.08   0.75  -0.09  -1.73  -7.24
200109  -9.43  -6.52  -9.52 -11.97  -5.65  -5.49
200110   2.24   1.57   4.63   1.10   0.12   2.89
200111  -6.87  -5.11  -4.01  -1.50  -1.33   0.66
200112 -12.24  -9.12 -10.64  -7.33  -7.20  -8.13
200201  -5.80  -5.20  -5.38  -7.23  -8.71  -7.12
200202   8.08   6.65   5.21   5.55   5.10   4.39
200203   3.27   2.78   5.78   5.39   4.50   7.87
200204   5.59   5.59   6.00   6.68   5.74   3.89
200205  10.76   8.65   9.14   7.27   7.30   5.85
200206  -3.25  -2.33  -2.37  -4.73  -4.11  -5.16
200207  -1.21  -1.40  -3.00  -5.12  -7.42  -6.52
200208  -1.45  -0.46  -3.56  -0.56  -0.65  -1.91
200209  -3.13  -3.45  -6.68  -3.45  -4.11  -7.06
200210  -8.04  -6.33  -8.29  -4.94  -7.20  -5.29
200211  -2.45  -1.42  -2.09   2.87   3.79   5.29
200212  -0.41   0.66  -0.61   0.05  -1.00  -5.10
200301   1.57  -0.35  -0.05  -2.53  -3.70  -4.82
200302   7.19   6.23   3.00   3.57   0.99  -0.10
200303   1.14   0.77  -0.43  -2.87  -3.14  -3.57
200304   5.05   3.00   4.92   4.58   0.18  -1.09
200305   5.74   5.55   6.61   3.20   3.59   5.98
200306  10.09   5.47   7.84   7.27   7.21   6.66
200307   2.21   1.15   3.53   5.80   3.13   1.91
200308  11.49   8.05   7.19  12.24   8.46   8.36
200309   8.40   8.39  11.09   5.02   5.52   8.31
200310   6.36   3.35  10.95   7.08   1.70   3.05
200311  -8.05  -5.33  -7.15  -4.95  -3.07  -2.54
200312   5.32   6.30   4.64   7.12   5.98   6.22
200401   7.90   5.34   6.95   2.85   0.29   2.79
200402  -0.72   0.97  -0.04  -2.66  -0.62   2.53
200403  22.43  19.90  24.66  14.87  12.26  13.17
200404  -0.20   0.20   4.02  -4.64  -6.10  -5.21
200405  -6.36  -4.10  -6.82  -3.30  -2.45  -2.07
200406   9.19   9.33  12.96   4.40   3.80   6.43
200407  -7.03  -4.78  -8.68  -8.55  -5.26  -6.14
200408   2.18   0.97   1.02   0.00   1.41   1.24
200409  -2.59  -2.67  -5.23  -2.51  -2.58  -3.49
200410   3.60   2.13   1.56   2.47   2.38   2.55
200411   3.81   2.37   3.59   5.18   4.31   2.25
200412   4.55   4.69   4.74   4.39   5.14   5.85
200501   5.53   4.42   4.98  -0.61  -1.34  -2.64
200502   4.64   4.54   2.72   2.54   1.70   0.59
200503   1.21   1.70   0.33  -1.37  -1.07  -2.00
200504  -0.83   0.22   1.63  -2.17  -1.86  -2.88
200505  -4.44  -3.58  -4.46  -2.30  -2.04  -2.28
200506   2.49   2.02   2.74   1.63   0.84   0.40
200507   2.20   2.07   1.79   0.63   1.17   0.31
200508   4.22   3.49   2.21   7.20   8.08   6.34
200509   2.74   3.88   1.20   9.73  10.02   5.67
200510   2.27   1.32   2.83   0.06  -0.20  -1.21
200511   2.00   2.56   3.25   3.22   2.16   5.58
200512  11.52  11.22  15.95   8.60   7.83  13.09
200601   3.10   5.58   3.31   4.53   4.34   2.33
200602  -6.73  -5.95  -6.24  -2.04  -0.96  -2.70
200603   2.27   3.28   3.53   2.28   3.02   3.99
200604   1.41   2.09   0.64   1.88   3.37   2.30
200605  -9.42  -7.73  -9.09  -4.93  -7.25  -8.10
200606  -3.39  -3.42  -2.53  -1.07  -1.26  -1.47
200607  -6.43  -4.50  -9.86  -0.77  -0.73  -2.49
200608   1.80   1.36   3.32   2.40   0.03   3.12
200609  -2.61  -2.15  -3.39  -1.60  -1.51  -1.14
200610  -0.64  -0.59  -0.91   1.54   1.25   2.94
200611  -2.31  -0.23  -2.80   0.94  -0.33   0.02
200612   0.05   0.65  -1.19   0.81   1.80   3.71
200701   2.07   0.69   1.48   1.05   1.06   0.43
200702   3.89   4.06   0.73   5.34   3.39   3.04
200703  -0.52   0.06  -1.85  -0.44  -1.00  -2.46
200704  -3.07  -1.86  -4.70  -3.34  -0.79  -2.59
200705  -2.54  -2.52  -2.33  -0.13   1.42   1.63
200706   2.16   2.84   2.21  -1.69  -0.04   1.01
200707   1.22   1.17  -0.78  -0.80  -0.22   0.51
200708  -5.21  -4.50  -8.30  -0.46  -3.94  -4.35
200709  -1.07   0.16  -1.42   1.10   1.54   3.24
200710   0.05   0.05   7.33   1.42  -1.51   0.80
200711  -1.73  -3.51  -5.19   0.36  -2.09  -3.28
200712  -4.98  -4.38  -6.46  -3.18  -3.99  -3.96
200801  -2.15  -4.76  -6.98  -4.48  -4.74  -4.57
200802   1.91   2.56   3.68   0.18   1.08   1.43
200803   0.94  -0.09  -2.76  -1.01  -4.36  -6.04
200804   0.36   0.48   0.51   4.58   9.21   7.25
200805   4.18   3.86   2.68   1.15   3.18   1.56
200806  -3.07  -3.38  -7.64  -4.44  -7.45  -7.92
200807  -1.86  -3.08  -6.72   0.95  -2.68  -5.73
200808  -4.78  -5.51  -9.17  -4.55  -3.71  -3.94
200809  -7.77  -7.35 -10.88  -6.38 -11.36 -13.28
200810  -5.28  -5.79 -15.19 -10.59 -15.41 -15.76
200811   4.26   3.80   3.71   1.85   1.91  -4.40
200812   9.61   8.82   9.73  10.58   7.00   7.31
200901  -3.24  -4.69  -3.16  -6.14  -9.16  -5.58
200902 -12.41 -12.45 -14.76 -12.61 -14.60  -8.76
200903   1.72   2.11   3.54  -3.43   4.64   3.18
200904   3.07   2.36   6.04   3.91   9.74  12.49
200905  10.07  11.24  17.56   8.81  12.77  10.49
200906   6.47   6.98   9.59   1.85   4.43   1.08
200907   1.03   3.58   3.56   5.30   3.57   4.44
200908   5.55   6.03   7.43   2.51   4.07   2.19
200909  -1.25   0.63   1.68  -1.91  -0.58  -0.85
200910  -3.36  -2.46  -2.27  -2.20  -3.49  -0.35
200911  -5.77  -4.47  -6.44  -3.33  -0.17  -2.27
200912  -1.10  -2.03  -2.00   3.71  -2.10   1.79
201001   3.16   2.90   2.60   0.95   2.51   2.93
201002   1.69   1.26   1.15   0.00   0.87   0.84
201003   5.37   4.69   4.89   5.06   4.37   5.26
201004   5.73   3.47   6.28   0.95   0.01  -0.54
201005  -7.43  -6.48  -7.45  -9.37  -6.64  -8.89
201006   0.09   1.30   0.35  -1.41  -0.02  -1.35
201007   1.87   1.05   1.75   3.39   3.37   2.51
201008  -6.03  -2.33  -1.68  -4.59  -2.44  -0.56
201009   5.05   3.84   3.00   8.34   4.20   1.88
201010  -2.39  -2.82  -1.47   1.89   1.26   1.70
201011   5.98   1.88   1.32   3.89   1.74   0.18
201012  12.24  10.54   9.20   6.73   7.61   7.21
201101   2.93   2.48   1.62   1.95  -0.14  -1.01
201102   5.89   4.03   4.64   4.56   4.64   5.30
201103  -7.00  -4.39  -5.84  -8.90  -9.19  -8.76
201104  -1.06  -0.99   0.26   1.17   0.41   1.38
201105  -1.28  -2.90  -1.31  -0.83  -2.64  -0.90
201106   5.22   4.36   3.68   2.05   1.68   3.44
201107   3.50   4.98   5.06   3.95   4.27   3.26
201108  -3.56  -2.59  -3.41  -9.37  -7.52  -7.40
201109  -1.79   0.72  -0.90  -2.15   0.46  -0.48
201110  -2.49  -4.68  -3.09   0.04  -0.85  -2.01
201111  -1.36  -1.49  -2.74  -3.16  -3.75  -5.82
201112   2.51   2.36   2.35   0.32   1.77   0.62
201201   8.59   6.88   4.69   4.41   4.16   3.06
201202   1.11  -0.17   1.47   4.07   3.53   4.47
201203   2.86   2.23   2.89   1.52   1.17   1.24
201204   0.50   0.56   2.26  -3.05  -1.60  -1.94
201205  -9.58  -7.39  -7.04  -9.18  -7.61  -9.50
201206   5.47   3.49   3.29   4.29   4.93   4.96
201207  -2.47  -1.71  -1.31  -2.30  -2.45  -0.18
201208  -0.91  -0.88  -1.08   0.05  -1.26  -0.51
201209   1.26   2.25   2.56   2.53   1.82   2.72
201210  -0.73  -3.00  -1.32  -0.79  -2.67  -2.13
201211   1.68   1.30   0.82   2.33   1.67   1.43
201212   4.83   2.55   1.62   4.78   4.15   2.67
201301   5.35   4.07   5.92   4.42   3.17   3.37
201302   2.15   2.28   4.36   3.68   2.95   1.72
201303   9.16   6.11  11.43   4.71   5.54   5.24
201304  11.43   5.58  12.97  10.01   8.00   8.80
201305  -8.34  -6.42  -3.18  -4.66  -5.62  -5.25
201306  -4.79  -2.41  -6.18   1.50   2.38  -0.03
201307   4.69   2.86   4.75   1.02   0.52   2.29
201308  -3.02  -1.92  -2.00  -2.72  -2.46  -2.71
201309  12.67   9.69  11.42   9.29   7.70   9.27
201310  -0.54  -0.42   0.59  -0.44   0.33  -1.08
201311  -0.46  -1.23  -1.43   1.44   1.19   1.72
201312   1.67   0.68   1.19   0.41   0.60   1.42
201401   2.36   2.10   2.68  -3.00  -3.98  -2.18
201402  -2.58  -1.97  -3.31   0.60  -0.67  -0.48
201403  -0.35   1.12   0.30  -1.86  -1.01  -1.56
201404  -3.02  -1.43  -1.80  -2.02  -2.43  -2.61
201405   3.68   1.39   2.82   5.51   3.58   3.32
201406   8.49   7.23   8.79   5.99   5.41   5.15
201407   1.87   0.60   0.35   1.34   0.44   0.67
201408   1.48   0.35  -0.18  -2.15  -1.85  -2.84
201409  -2.46  -1.06  -3.98  -1.67  -1.13   0.02
201410  -4.89  -3.73  -5.11  -1.36  -1.53  -2.40
201411  -1.17  -2.47  -0.76  -1.41  -0.24   1.34
201412   0.51   2.25   0.40  -0.19  -1.84  -0.84
201501   2.71   2.89   2.01   4.53   1.79   2.84
201502   2.34   1.86   1.30   4.45   6.82   5.57
201503   0.23   1.84   4.02   1.02   2.41   1.90
201504   3.17   3.18   2.27   3.82   4.29   2.67
201505  -0.55   0.29  -0.88   0.96   1.17   0.90
201506   1.87   1.89   3.85  -0.09  -0.82  -1.75
201507   0.15  -0.73   0.89   3.78   0.01   0.18
201508  -2.53  -2.25  -4.90  -3.65  -5.79  -6.60
201509  -3.45  -3.46  -3.75  -6.78  -6.40  -6.45
201510   4.66   5.31   4.99   8.39   9.43  11.00
201511   0.93   2.11   2.51  -2.45  -0.21   0.87
201512   1.30   0.88   0.76   1.48   0.20  -0.14
201601  -6.27  -7.60  -7.48  -5.66  -8.60  -8.06
201602   0.06  -0.65  -0.76  -0.46  -2.65  -2.68
201603   6.59   7.52  10.06   2.93   6.07   4.74
201604   4.83   3.95   4.94   5.44   4.44   5.87
201605  -1.93   0.19   0.56  -1.19  -0.99  -1.12
201606  -0.42  -0.72  -0.88  -1.39  -3.52  -2.70
201607   6.27   7.82   4.89   5.34   6.32   8.83
201608  -2.22  -3.32  -3.28  -3.37  -1.41   1.16
201609   5.59   5.80   6.92   4.01   3.10   0.35
201610   2.27   2.55   2.15   0.92   1.06   2.85
201611  -4.23  -4.00  -5.30  -4.03  -2.82  -3.99
201612   1.45   2.20   2.21   0.92   1.02   1.85
201701   5.85   5.09   5.92   3.25   3.83   4.00
201702   4.01   3.42   3.47   1.28   0.78   0.66
201703   1.31   1.89   2.27   1.55   0.50   0.60
201704  -0.10   0.38   0.08   2.00   1.50   0.93
201705   4.10   3.62   6.02   3.28   1.84   2.93
201706   2.52   2.84   2.67   1.46   1.76   0.56
201707   4.76   3.89   3.60   3.22   2.15   1.34
201708   2.55   2.99   2.02   0.42  -0.35   0.65
201709   2.26   2.33   1.28   2.82   1.52   1.09
201710   3.10   3.02   3.11   4.81   4.33   3.96
201711   1.93   1.69   4.16   1.64   2.28   4.34
201712   3.44   3.06   3.19   2.92   0.28   0.72
201801   6.57   4.43   7.17   4.31   4.38   4.26
201802  -1.59  -1.42   0.73  -1.36  -1.44  -1.43
201803  -3.19  -1.50  -0.31  -3.32  -1.32   0.78
201804  -0.97   0.06  -2.94   0.87   0.75   0.12
201805  -1.41  -1.02   2.24  -2.17  -1.83   0.01
201806  -3.68  -2.50  -3.22  -3.38  -2.17  -1.57
201807  -0.89  -0.38  -1.56   0.54   0.32  -0.42
201808  -1.07  -1.18   1.07  -0.84  -0.85   1.53
201809   0.73   1.44   0.99   4.33   3.13   2.26
201810  -7.73  -8.36 -10.39  -7.46  -7.75 -10.93
201811   0.68   1.75   2.09  -0.15   0.59   2.59
201812  -8.86  -9.71 -13.27  -6.52  -6.02  -8.02
201901   3.97   2.96   5.90   6.02   5.23   5.53
201902   1.79   2.33   3.30  -0.68  -0.60   2.37
201903   0.02  -0.62   0.75   0.26  -0.32   1.72
201904   0.26   1.27   1.01  -0.29   2.02   2.39
201905  -3.87  -2.99  -2.68  -3.05  -3.84  -3.91
201906   2.62   2.48   1.65   2.36   3.12   2.62
201907   0.94   1.21   2.25  -0.70   0.35   1.85
201908  -2.86  -2.39  -3.83  -0.72  -0.57  -1.45
201909   4.22   3.50   3.18   4.09   4.63   3.19
201910   5.49   6.01   6.05   5.47   4.78   4.29
201911   1.43   0.96   2.92   0.82   0.37   0.93
201912   2.76   3.54   3.21   1.35   1.96   3.25
202001  -3.27  -3.13  -3.74  -1.40  -1.08  -3.02
202002 -14.40 -13.40 -14.89  -9.44  -9.98  -8.83
202003  -3.43  -3.28  -5.46  -5.48  -4.76  -5.62
202004   4.61   4.51   9.36   2.26   3.49   9.74
202005   7.29   6.79  10.64   4.86   6.74   7.08
202006  -0.47  -0.43   0.12  -2.63   0.22   1.94



  Average Equal Weighted Returns -- Monthly
               Small                 Big
          Low     2    High    Low     2    High
199007   5.79   6.17   6.72   2.82   3.08   2.66
199008 -16.70 -14.61 -17.53 -14.11 -12.89 -12.50
199009 -16.40 -16.04 -15.92 -18.58 -16.19 -17.68
199010  29.99  29.20  29.45  31.82  27.82  29.59
199011 -19.40 -18.29 -19.38 -17.25 -15.44 -15.73
199012  -1.81  -1.88  -2.74   0.91   1.40  -0.84
199101  -5.81  -7.10  -7.34  -1.38  -0.02  -1.25
199102  27.18  28.07  27.03  19.54  18.12  17.52
199103  -1.43  -0.31  -0.42  -3.94  -3.20  -3.18
199104   4.70   5.12   2.35   1.26   2.08   3.43
199105  -2.04  -2.84  -2.03  -2.06  -1.39  -1.99
199106  -5.84  -6.84  -5.64  -8.03  -7.19  -6.20
199107  -0.32  -0.12  -1.29   1.32   1.16   1.21
199108 -11.61 -11.79 -12.51  -8.80  -8.32  -9.29
199109  13.27  11.09  12.16  15.11  11.42  12.01
199110   8.62   7.68   6.82   4.76   3.75   4.44
199111 -10.30 -10.35 -11.06 -10.08  -8.59 -10.15
199112   4.56   5.16   3.24   3.96   4.22   3.46
199201  -5.93  -6.24  -6.55  -3.68  -4.15  -4.36
199202  -3.57  -5.01  -4.06  -4.43  -5.96  -6.04
199203 -12.63 -12.80 -11.97 -11.85  -9.37 -11.66
199204 -10.82 -10.77  -9.72  -8.66  -7.01  -7.19
199205  14.85  15.89  15.53  12.55  10.14  11.14
199206  -8.65  -9.92  -9.26  -9.74  -7.93  -9.84
199207  -7.31  -7.99  -8.61  -3.44  -5.13  -7.37
199208  10.73  12.03  12.55  17.05  14.51  16.05
199209   1.78   1.88   1.68  -1.52  -2.01  -2.46
199210  -7.60  -5.98  -7.21  -6.55  -5.15  -5.36
199211  -0.62  -0.94  -1.53   1.46   1.80   2.53
199212   2.08   2.52   1.52  -1.65  -1.39  -0.90
199301  -2.39  -2.76  -3.39  -1.34  -0.68  -1.21
199302   7.53   6.64   8.15   3.95   4.10   5.02
199303  16.95  16.55  17.67  16.52  15.14  17.51
199304  19.84  18.32  18.34  18.26  16.88  16.24
199305  20.14  17.82  19.91   6.98   6.06   6.61
199306  -6.26  -6.03  -6.26  -3.93  -4.83  -5.60
199307   1.15   2.58   2.69   6.47   5.95   6.05
199308   1.38   2.21   2.86   1.82   2.19   2.88
199309  -6.40  -4.41  -3.97  -5.70  -4.04  -2.33
199310 -10.40  -9.59  -8.56  -4.64  -4.11  -6.23
199311 -17.68 -15.82 -15.73 -18.92 -15.20 -15.06
199312   2.52   1.91   0.57   3.18   2.28   1.16
199401  21.29  16.93  17.80  20.38  15.89  17.15
199402   5.29   4.26   5.62   4.62   4.04   4.14
199403   4.11   4.07   3.44   0.40  -0.21  -0.42
199404   9.02   6.70   5.87   3.76   3.61   2.87
199405   2.08   0.42   0.20   2.33   1.67  -0.66
199406  13.74  11.89  10.18   7.74   6.39   7.38
199407  -3.91  -2.84  -2.82  -4.47  -3.05  -2.45
199408  -1.70  -1.84  -2.24  -0.33  -0.01  -0.73
199409  -4.79  -3.84  -3.38  -3.07  -2.34  -4.63
199410   4.52   3.05   1.68   3.17   2.30  -0.04
199411  -7.25  -6.96  -7.52  -7.08  -6.21  -6.49
199412   3.44   1.68   1.65   3.04   1.83   2.58
199501  -6.98  -3.71  -2.83  -6.79  -6.07  -2.64
199502  -4.10  -4.68  -5.62  -6.66  -4.96  -6.11
199503   6.80   6.00   5.99   7.73   8.21   7.56
199504   1.35   2.08   1.45   4.16   3.28   3.32
199505  -9.78  -7.85  -8.41  -9.14  -7.27  -7.46
199506  -5.95  -5.77  -6.54  -5.19  -3.74  -3.50
199507   6.37   5.38   4.79   8.63   5.34   5.43
199508   1.69  -0.36  -0.61   1.01  -2.36  -2.12
199509  -4.78  -4.18  -2.81  -2.81  -2.81  -1.04
199510  -2.06  -1.74  -3.07  -3.51  -3.45  -3.03
199511   7.67   4.69   3.47   5.04   3.98   2.33
199512   9.05   7.97   7.41   5.79   4.41   4.62
199601   3.00   2.27   1.90   1.55  -0.16  -0.50
199602  -2.55  -1.50  -0.88  -1.24  -0.84  -0.86
199603   3.50   1.76   1.58   3.52   2.78   2.43
199604  15.77  13.33  11.67   7.49   8.75   8.02
199605  -2.99  -2.91  -2.65  -4.42  -4.06  -4.15
199606  -2.06  -0.71  -0.10   0.52   0.31   0.10
199607  -6.43  -4.79  -4.25  -5.93  -4.64  -3.98
199608  -3.33  -3.58  -4.33  -5.10  -4.89  -4.20
199609  -1.48  -1.70  -1.87   2.33   2.18   1.38
199610  -4.89  -5.14  -6.00  -6.86  -6.66  -6.53
199611  -4.45  -2.88  -3.91  -1.79  -0.95  -0.94
199612 -12.39 -10.50 -10.34  -9.92  -8.22  -6.80
199701 -10.26  -9.20  -9.92 -11.39  -9.77  -8.67
199702  -0.62   0.04  -1.11   0.36   0.91   0.58
199703  -8.10  -6.68  -7.33  -5.61  -4.90  -5.66
199704  -3.61  -4.10  -3.29   0.33   0.34   2.17
199705  16.97  16.69  17.60  14.99  14.65  15.06
199706   2.98   3.92   3.35   3.75   3.72   3.75
199707 -13.14 -10.97 -10.63  -8.49  -6.71  -1.82
199708  -9.65  -9.61 -11.54  -9.24  -9.97 -12.36
199709 -16.83 -13.66 -13.63  -8.53  -6.59  -5.21
199710   3.45   0.75  -0.82  -1.29  -1.41  -2.46
199711 -20.29 -16.58 -18.71 -16.10 -10.37 -11.93
199712 -16.10 -14.48 -12.48 -14.63 -13.19 -12.47
199801  36.86  27.31  29.20  23.51  18.71  17.92
199802   8.56   5.98   4.06   6.00   4.42   1.32
199803  -9.69  -7.98  -8.50  -7.64  -5.92  -5.82
199804  -6.04  -5.32  -4.75  -4.96  -3.64  -1.59
199805  -4.95  -4.32  -4.10  -2.63  -3.22  -3.05
199806   1.24   1.03   0.29   0.80   1.46   0.44
199807  -2.13  -1.02  -1.20  -3.21  -0.34   0.29
199808  -9.47  -7.62  -6.78  -7.37  -6.06  -5.96
199809  -7.43  -5.46  -6.06  -4.32  -2.14  -3.16
199810  16.36  13.77  11.79  17.43  15.18  13.67
199811   7.59   5.46   7.94   2.94   2.67   6.53
199812   1.34   2.55   4.94   2.54   5.07   4.70
199901  -0.38  -0.66  -0.48   0.49   0.13   1.63
199902  -0.92  -1.40   2.47  -3.88  -3.22  -1.35
199903  14.83  12.43  14.92  12.82  11.62  15.94
199904  13.79  11.28  11.94   5.96   3.69   5.50
199905  -5.16  -5.46  -4.27  -3.34  -2.56  -4.19
199906  12.92  13.52  19.06   5.15   6.77  11.87
199907   8.76   7.73   7.94   8.12   7.38   9.93
199908   2.15   3.01   4.79   2.26   4.11   6.87
199909  -0.06   1.46   3.90   4.59   3.83   6.55
199910  -0.76  -2.09  -0.69  -0.02   1.10   3.32
199911  -5.00  -3.74  -2.58  -2.18  -2.71   5.42
199912  -6.81  -7.30  -6.77  -6.16  -2.66   0.67
200001  -0.09  -0.91   0.33   0.84   0.28   1.47
200002  -5.02  -5.14  -2.23  -8.12  -6.16  -3.85
200003  13.52  13.28  10.78  13.19  11.85   8.14
200004 -10.86 -10.24  -9.50  -5.11  -5.61  -5.45
200005   2.46   3.32   1.69   3.22   4.24  -1.88
200006  11.98  11.72  11.60  10.63   9.36   8.34
200007  -9.91  -6.66  -8.94 -12.90 -10.30 -13.59
200008   5.09   4.25   5.66   8.66   5.83   8.21
200009  -5.30  -3.58  -5.51  -4.53  -1.72  -4.21
200010  -9.90  -8.01 -10.00  -7.06  -5.26  -9.77
200011   1.32   0.14  -1.81  -0.33  -0.19  -2.94
200012  -7.29  -6.12  -7.64  -7.59  -5.23  -8.30
200101   0.23  -0.77   1.18   0.75  -3.02   1.89
200102   3.04   2.36   2.68  -3.41  -1.36  -4.50
200103  -2.08  -3.12  -4.07  -4.45  -3.44  -2.88
200104  13.49  10.57   8.90  13.20  10.10   9.18
200105   0.71   2.98   5.23  -1.52   0.60   2.38
200106  -2.27  -2.00  -4.24  -5.35  -2.97  -5.71
200107  -7.43  -5.28  -8.59  -7.91  -5.55  -7.32
200108   4.03   3.06   1.62   0.29   0.32  -2.94
200109 -10.01  -7.14  -9.66 -10.48  -6.25  -7.47
200110   2.15   1.67   4.66   1.89   1.29   5.26
200111  -6.71  -4.81  -3.95  -2.90  -4.00  -0.91
200112 -13.77 -10.56 -12.30  -9.87  -7.53  -9.09
200201  -3.01  -3.43  -2.53  -5.82  -6.37  -7.56
200202   6.49   6.25   4.90   6.51   6.30   5.24
200203   4.66   4.80   6.90   5.63   3.49   6.39
200204   4.31   5.55   5.45   6.91   5.59   6.45
200205  10.96   8.46   9.52  10.95   8.85   8.12
200206  -2.44  -0.94  -1.98  -3.98  -3.09  -4.95
200207  -0.76  -0.58  -2.72  -4.79  -4.67  -5.84
200208  -1.37  -0.83  -3.36  -1.06  -1.01  -2.34
200209  -5.31  -4.24  -7.11  -3.25  -3.20  -6.79
200210  -8.46  -6.85  -7.92  -8.39  -7.06  -8.56
200211  -3.92  -2.73  -3.88   1.47   2.19   5.68
200212   0.42   0.88  -0.37  -0.94  -0.64  -4.14
200301   4.45   2.07   2.18  -1.27  -2.47  -4.48
200302   7.51   6.93   3.84   5.51   2.44   0.93
200303   1.16   0.56  -0.48  -1.76  -1.83  -3.05
200304   5.58   3.59   4.53   3.14   2.13   0.84
200305   8.04   6.97   9.89   4.12   3.66   7.75
200306  13.19   9.11  12.28   9.22   7.59   7.69
200307   1.21   0.89   3.52   4.63   0.91   2.04
200308  11.39   8.83   8.21  11.62   8.47   8.08
200309   8.19   8.53  11.78   8.75   7.66  10.12
200310   5.03   3.56  10.79   6.89   3.44   4.44
200311  -7.42  -5.37  -7.57  -5.77  -3.39  -4.73
200312   3.95   5.65   4.20   6.82   7.18   6.17
200401  10.05   7.12   9.01   3.66   0.92   3.75
200402  -0.55   0.76  -0.43  -1.08   0.70   1.37
200403  24.91  21.89  24.06  17.71  14.35  16.65
200404   0.34   0.42   4.79  -3.77  -5.03  -3.61
200405  -6.11  -4.07  -5.98  -3.35  -1.70  -2.26
200406   9.73   8.87  12.60   7.04   5.79   6.92
200407  -5.27  -4.04  -7.41  -8.56  -5.88  -8.58
200408   2.10   1.26   1.49   1.24   0.98   0.75
200409  -2.11  -2.38  -5.09  -2.52  -2.56  -4.25
200410   4.67   3.04   2.55   2.20   1.57   2.12
200411   4.40   3.06   4.11   4.67   3.54   3.92
200412   3.64   4.04   4.00   4.93   5.42   4.72
200501   7.56   5.27   6.96   2.40   1.30   0.53
200502   5.82   5.90   3.43   2.48   2.06   1.02
200503   2.60   2.64   0.75  -0.44   0.62  -1.00
200504   0.01   1.05   2.31  -1.52  -1.53  -1.11
200505  -4.60  -4.06  -4.28  -2.61  -2.42  -3.75
200506   3.28   2.21   3.05   1.97   1.17   1.48
200507   3.55   3.07   2.37   1.63   0.85   0.84
200508   5.10   3.77   2.51   6.39   6.35   4.15
200509   2.02   3.06   0.36   7.36   6.53   3.79
200510   1.47   1.07   1.91   2.17   2.16   1.99
200511   1.72   2.19   2.88   3.76   1.53   3.98
200512  10.90  10.38  14.70   9.85   8.77  15.39
200601   4.05   5.50   4.04   4.01   3.93   2.43
200602  -6.57  -5.58  -5.91  -3.45  -2.16  -5.25
200603   1.74   2.48   2.93   3.58   3.31   5.07
200604   1.28   2.33   0.58   1.29   2.28   0.90
200605  -9.09  -7.14  -9.60  -6.95  -6.13  -8.51
200606  -2.66  -2.66  -1.96  -2.31  -1.86  -2.31
200607  -7.09  -5.25 -10.88  -3.12  -2.36  -5.82
200608   2.01   1.41   3.82   2.26   1.40   3.87
200609  -3.71  -2.59  -4.87  -1.17  -1.21  -1.53
200610  -0.52  -0.53  -1.21   0.10   0.16   1.22
200611  -3.41  -1.92  -4.37  -0.25  -0.22  -0.48
200612  -1.35  -0.04  -2.31  -0.02   1.35   0.24
200701   2.77   1.31   3.02   1.40   1.42   1.96
200702   3.45   3.48  -0.10   4.72   3.33   1.98
200703  -0.43  -0.04  -3.23  -0.93  -0.23  -1.92
200704  -4.27  -3.27  -6.96  -2.82  -0.25  -3.37
200705  -1.86  -2.27  -2.92  -1.79  -1.09  -1.27
200706   2.98   2.64   2.88  -0.54   1.28  -0.23
200707   2.11   1.53  -1.82  -1.18   0.30   0.60
200708  -5.37  -5.59  -9.50  -1.92  -3.71  -4.52
200709  -1.65  -1.05  -2.69   0.39   1.40   2.32
200710   0.32   0.76  10.52   1.78  -0.72   4.03
200711  -2.65  -3.54  -6.07  -0.12  -2.68  -4.04
200712  -4.73  -4.28  -5.79  -4.94  -3.80  -5.33
200801  -2.92  -4.49  -7.17  -2.16  -4.42  -6.96
200802   3.85   4.18   5.94   1.69   1.30   2.01
200803  -0.03  -0.82  -3.64  -0.20  -2.04  -6.24
200804   0.37   0.61   0.17   4.19   5.80   6.73
200805   3.93   4.77   4.36   1.45   2.78   2.26
200806  -2.55  -2.41  -8.15  -5.30  -6.62 -10.04
200807  -3.09  -3.62  -7.38  -0.11  -3.02  -4.30
200808  -7.38  -6.52 -11.61  -3.59  -4.04  -4.43
200809  -6.19  -6.29  -7.90  -7.39  -9.98 -12.17
200810  -7.96  -7.13 -15.24  -8.68 -14.19 -18.30
200811   3.80   4.10   3.20   3.91   3.92   1.48
200812   8.35   8.17   9.20   8.44   7.43   9.54
200901  -2.05  -2.60  -2.72  -5.85  -7.16  -5.52
200902 -13.00 -12.03 -14.56 -13.42 -13.68 -10.36
200903   4.53   3.37   7.14   2.86   6.79   6.22
200904   7.98   4.05   9.27   5.80  10.57  13.29
200905  12.81  12.17  19.77  10.74  12.39  15.56
200906  10.52   8.55  11.49   5.99   5.17   4.36
200907   1.26   3.29   3.11   2.07   3.62   4.54
200908   4.92   5.08   6.47   3.89   4.00   4.33
200909  -2.16   0.69  -0.06  -1.95  -0.29  -1.22
200910  -2.79  -2.44  -2.19  -2.85  -3.05  -1.21
200911  -5.84  -4.77  -6.26  -3.96  -2.22  -3.39
200912  -1.16  -1.49  -1.10   0.76  -1.73   0.61
201001   4.08   4.08   4.15   2.46   2.46   2.94
201002   1.36   2.14   1.43   0.96   1.38   1.12
201003   6.09   5.13   6.28   4.48   4.82   5.01
201004   8.70   5.83   9.69   3.04   1.33   2.22
201005  -7.60  -6.27  -7.09  -8.44  -6.72  -8.03
201006   0.33   1.02   0.49  -0.43   1.06  -1.13
201007   1.63   1.61   1.76   2.81   2.08   0.87
201008  -4.30  -1.81  -2.20  -5.31  -2.51  -1.02
201009   3.59   2.74   3.05   8.00   4.37   2.30
201010  -2.86  -2.45  -1.48   1.20   0.03   0.14
201011   6.61   2.08   2.13   4.34   1.25   0.15
201012  12.47  10.52  10.40   9.42   8.21   7.94
201101   4.60   3.33   2.82   1.51  -0.23   0.13
201102   6.41   4.47   5.03   4.10   4.69   4.32
201103  -6.09  -2.18  -5.32  -8.68  -6.94  -6.91
201104   2.66   0.84   1.54   0.99   0.35   0.41
201105  -1.69  -1.76  -1.06  -1.69  -1.96  -1.20
201106   4.39   4.19   4.12   3.60   3.73   4.63
201107   4.48   5.08   5.17   4.04   4.36   4.52
201108  -3.68  -2.67  -2.47  -7.62  -4.43  -5.76
201109  -4.28  -0.92  -3.03  -1.16   2.29   0.59
201110  -0.96  -2.78  -1.28  -0.64  -3.49  -3.51
201111  -1.53  -1.05  -2.83  -3.60  -2.29  -3.83
201112   4.07   3.54   3.88   0.99   1.86   1.64
201201   9.46   7.58   5.50   5.15   3.78   2.88
201202   2.60   1.10   1.65   2.32   0.97   2.12
201203   1.66   1.91   3.39   0.69   1.81   2.62
201204   1.65   1.38   3.43  -2.52  -1.52  -0.90
201205  -9.31  -7.47  -7.73  -9.69  -7.93  -9.42
201206   6.69   3.95   3.79   5.12   4.94   4.95
201207  -2.64  -1.30  -1.65  -2.90  -2.30  -0.57
201208  -0.59  -0.58  -0.91  -0.91  -1.10  -0.29
201209   0.73   1.64   2.44   2.09   2.08   3.04
201210  -0.17  -2.37  -0.40  -1.21  -1.86  -1.59
201211   1.08   1.05   1.14   1.12   2.01  -0.62
201212   4.04   2.10   1.36   6.00   3.47   2.42
201301   6.51   3.94   6.50   3.12   2.23   3.20
201302   1.52   1.80   3.39   3.04   3.00   3.38
201303   8.14   6.05  10.15   5.15   6.22   6.61
201304   8.80   4.48   8.72   8.32   7.06   7.90
201305  -5.54  -4.00  -4.30  -4.64  -6.42  -4.74
201306  -5.23  -3.02  -5.42   0.73   1.74   0.41
201307   5.99   4.67   7.02   1.82   0.98   3.06
201308  -1.49  -2.15  -1.68  -2.52  -2.14  -2.69
201309  12.37  11.41  11.95  10.32   8.54  10.34
201310   1.74   0.42   1.70  -0.19  -0.08   0.45
201311  -0.60  -1.28  -1.33   1.05   0.19  -0.02
201312   0.94   0.08   1.24   0.63  -0.21   0.70
201401   5.31   4.13   4.40  -2.15  -0.95  -0.88
201402  -3.58  -1.97  -3.38  -0.94  -1.38  -1.05
201403  -0.39   0.06  -0.29  -1.29   0.47  -0.54
201404  -1.52  -1.19  -1.31  -2.11  -1.45  -1.86
201405   2.15   1.32   2.11   4.32   3.02   4.01
201406   8.38   7.49   8.70   6.96   6.32   6.15
201407   3.08   1.16   0.92   0.78   0.62   0.36
201408   2.12   0.92   1.66  -1.89  -1.37  -1.32
201409  -2.09  -1.43  -3.14  -2.87  -2.45  -2.23
201410  -4.75  -4.41  -5.46  -2.37  -2.03  -2.84
201411  -0.79  -1.78  -0.54  -0.99  -1.64   0.70
201412   0.27   1.74  -0.08   0.53   0.12  -0.05
201501   3.84   2.89   3.01   3.25   2.78   3.68
201502   2.21   1.36   1.79   5.11   5.21   5.01
201503   1.07   2.00   2.19   1.27   2.43   2.39
201504   3.76   3.56   3.19   3.83   3.12   2.37
201505  -1.05  -0.68  -0.81   0.73   0.88   0.92
201506   2.41   2.30   3.65   0.27   0.41  -0.20
201507   0.10  -0.55   1.00   2.73   0.41   0.19
201508  -3.83  -3.68  -6.41  -3.72  -4.23  -5.91
201509  -3.76  -3.10  -4.16  -3.97  -5.14  -5.98
201510   4.83   5.18   5.17   7.14   9.02  10.18
201511   0.84   1.68   2.11  -1.11   0.78   2.39
201512   0.24   1.31   0.18   0.08   0.87  -0.36
201601  -6.12  -7.07  -7.08  -6.70  -6.74  -8.35
201602   1.29   0.56   0.23  -2.08  -1.56  -1.82
201603   7.29   7.96  11.29   5.25   5.41   6.74
201604   5.82   4.86   5.48   5.34   5.15   5.26
201605  -2.29  -1.13   0.53  -1.24  -1.03   0.01
201606   0.19   0.15  -0.11  -3.06  -3.09  -3.32
201607   5.03   6.43   4.21   5.46   7.88   6.82
201608  -0.99  -2.52  -1.12  -2.27  -2.49  -2.31
201609   5.38   5.95   7.37   5.00   4.25   4.28
201610   1.50   2.44   2.45   2.19   2.40   1.67
201611  -3.80  -4.40  -5.21  -4.04  -3.94  -6.23
201612   0.89   2.01   1.56   1.91   1.82   1.73
201701   7.30   6.65   8.78   3.55   3.68   3.55
201702   4.55   4.30   3.86   2.15   1.23   2.06
201703   2.11   2.60   2.88   0.43   0.54   1.42
201704  -0.44  -0.20  -1.11   2.66   1.85   1.58
201705   5.23   4.63   7.38   2.67   2.76   4.21
201706   3.27   2.47   3.07   1.70   1.92   0.71
201707   6.27   4.95   4.61   3.50   2.06   2.14
201708   2.95   3.29   1.88   0.60   0.19   1.62
201709   1.89   1.96   1.15   2.44   1.43   1.20
201710   3.59   3.43   3.02   4.69   3.56   2.97
201711   2.39   2.47   3.82   1.42   2.22   4.30
201712   2.77   3.13   3.51   2.83   1.98   1.89
201801   8.23   6.24   8.39   3.51   3.89   3.78
201802  -0.77  -0.44   0.45  -2.33  -1.16  -0.28
201803  -2.42  -1.65  -0.05  -2.81  -0.40   1.23
201804  -2.08  -1.11  -2.89   1.65   0.72  -0.27
201805  -1.36  -0.42   2.09  -2.39  -1.63   0.51
201806  -3.95  -2.67  -3.15  -2.83  -2.14  -2.60
201807  -1.21  -0.54  -1.35  -0.28  -0.63  -1.10
201808  -0.80  -0.73   1.87  -0.84  -0.99  -0.88
201809  -0.04   0.82  -0.04   2.94   2.70   1.22
201810  -7.08  -7.54  -9.02  -8.43  -8.74 -10.58
201811   0.39   0.91   1.39   1.99   2.37   2.88
201812 -10.50  -9.59 -13.27  -7.75  -7.16  -9.27
201901   6.55   4.56   7.76   6.25   4.76   6.90
201902   2.10   2.41   3.31   0.14   0.21   1.93
201903   1.00   0.02   1.14  -0.71   0.00   0.60
201904  -0.05   0.92   0.63   0.74   0.90   2.68
201905  -2.50  -2.56  -2.21  -4.40  -4.00  -4.98
201906   3.06   2.79   2.89   2.58   2.59   2.61
201907   1.57   1.70   2.62  -0.02  -0.38   1.97
201908  -2.73  -3.00  -4.05  -0.54  -1.86  -1.25
201909   3.27   3.31   3.10   4.15   4.80   3.77
201910   4.51   5.84   6.32   5.65   5.57   5.51
201911   1.46   0.58   2.86   0.49   0.90   1.27
201912   3.35   4.06   4.38   1.50   1.67   2.87
202001  -0.45  -0.54  -2.91  -2.99  -2.85  -4.20
202002 -15.07 -13.86 -16.50 -11.79 -11.60 -11.69
202003  -6.36  -4.56  -8.35  -6.43  -3.32  -5.55
202004   8.58   5.81  11.67   4.47   4.45   8.50
202005   9.23   7.28  11.47   6.87   7.00   9.27
202006   0.76   0.42   1.51  -2.31  -1.36  -1.26



  Average Value Weighted Returns -- Annual
           Small                 Big
       Low    2      High   Low    2      High
1991  15.13   7.47   2.86   3.12   7.88   7.89
1992 -29.00 -28.69 -28.23 -11.88 -26.70 -30.08
1993  15.46  18.56  23.06  24.70  23.06  25.48
1994  41.93  30.03  24.25  24.78  23.89  14.67
1995  -4.32  -4.28  -8.65   0.65  -3.70  -1.37
1996 -23.11 -19.35 -20.73 -21.98 -14.28 -10.55
1997 -56.52 -50.63 -52.07 -41.62 -21.63 -18.35
1998  15.61  14.07  17.48   7.34   9.39   4.29
1999  33.04  26.37  78.88  27.51  53.22 132.53
2000 -18.99 -12.04 -24.78 -22.73 -19.34 -44.79
2001 -19.44 -15.04 -21.32 -31.21 -26.68 -30.48
2002   0.23   2.58  -7.34   0.27  -8.26 -12.02
2003  71.29  50.69  64.32  54.35  29.24  30.79
2004  39.28  37.23  40.55  11.05  11.82  19.94
2005  38.20  38.79  39.91  29.65  27.29  21.61
2006 -21.37 -11.77 -23.42   3.67   1.26   1.81
2007  -9.74  -7.86 -18.52  -1.05  -6.26  -6.19
2008  -4.85 -11.14 -34.85 -13.02 -26.42 -38.10
2009  -1.24   4.71  18.35  -5.32   6.04  17.16
2010  26.44  19.93  20.68  15.49  17.36  10.80
2011   0.68   1.23  -0.34 -10.93 -11.24 -12.66
2012  12.10   5.53   8.63   7.99   5.17   5.56
2013  31.53  19.36  45.08  31.46  26.15  26.59
2014   3.29   4.01  -0.54  -0.68  -5.47  -2.71
2015  11.06  14.36  13.33  15.55  12.44  10.18
2016  11.59  13.22  13.37   2.76   0.95   6.08
2017  42.01  40.01  44.85  32.62  22.30  23.94
2018 -20.15 -17.68 -17.60 -14.79 -12.12 -11.30
2019  17.64  19.44  25.89  15.55  18.07  24.89



  Average Equal Weighted Returns -- Annual
           Small                 Big
       Low    2      High   Low    2      High
1991  15.92  12.15   5.36   7.60   9.10   6.67
1992 -27.38 -27.45 -27.54 -21.86 -21.92 -25.58
1993  20.24  23.06  28.56  18.43  21.33  22.44
1994  51.76  35.99  31.99  31.89  24.72  18.07
1995  -2.95  -3.62  -7.95  -3.85  -6.69  -3.82
1996 -18.94 -16.68 -18.88 -19.29 -16.24 -15.72
1997 -57.03 -50.76 -53.25 -46.03 -37.82 -35.16
1998  26.23  20.84  23.47  19.92  25.61  24.84
1999  34.72  29.39  58.50  24.53  29.69  80.41
2000 -16.41 -10.47 -17.19 -12.11  -5.32 -23.73
2001 -19.56 -13.84 -19.09 -27.68 -20.73 -21.37
2002  -0.07   5.24  -4.74   1.28  -1.12 -10.08
2003  80.82  63.70  81.94  64.04  41.00  40.33
2004  51.54  44.59  47.93  21.74  17.84  21.11
2005  46.23  42.49  42.47  38.12  30.34  29.53
2006 -23.32 -13.80 -27.03  -6.38  -1.93 -10.56
2007  -9.44 -10.29 -21.75  -6.11  -4.91  -9.84
2008 -10.71 -10.37 -34.47  -8.78 -22.70 -36.26
2009  12.78  12.24  29.26   1.78  11.96  27.14
2010  32.36  26.34  30.99  23.33  18.40  12.34
2011   7.66  10.01   6.02  -8.80  -2.78  -5.67
2012  14.92   8.58  11.94   4.28   3.71   3.91
2013  36.39  23.55  42.85  29.21  22.16  31.39
2014   7.69   5.65   2.86  -2.46  -1.05   0.08
2015  10.75  12.56  10.81  16.07  16.96  14.53
2016  14.08  15.02  19.80   4.87   7.21   3.18
2017  50.58  47.52  51.83  32.63  26.02  31.33
2018 -20.48 -16.29 -16.02 -16.93 -13.11 -15.28
2019  23.36  22.24  32.11  16.46  15.76  26.04



  Number of Firms in Portfolios
              Small                 Big
          Low    2      High   Low    2      High
199007    169    113    108    209    278    209
199008    169    113    108    209    278    209
199009    169    113    108    209    278    209
199010    169    113    108    209    278    209
199011    169    113    108    209    278    209
199012    169    113    108    209    278    209
199101    169    113    108    209    278    209
199102    169    113    108    209    278    209
199103    169    113    108    209    278    209
199104    169    113    108    209    278    208
199105    169    113    108    209    278    208
199106    169    113    108    209    278    208
199107    214    145    143    214    285    214
199108    214    145    143    214    285    214
199109    214    145    143    214    285    214
199110    214    145    143    214    285    214
199111    214    145    143    214    285    214
199112    214    145    143    214    285    214
199201    214    145    143    213    285    214
199202    214    145    143    213    285    214
199203    214    145    143    213    285    214
199204    214    145    143    213    285    214
199205    214    145    143    213    285    214
199206    214    145    143    213    285    214
199207    264    263    243    226    300    226
199208    264    263    243    226    300    226
199209    264    263    243    226    300    226
199210    264    262    243    226    300    226
199211    264    262    243    226    300    226
199212    264    262    243    226    300    226
199301    264    262    243    226    300    226
199302    264    262    243    226    300    226
199303    264    262    243    226    300    226
199304    264    262    243    226    300    226
199305    264    262    243    226    300    226
199306    264    261    243    225    300    226
199307    420    310    304    230    308    230
199308    420    310    304    230    308    230
199309    420    310    304    230    308    230
199310    420    310    304    230    308    230
199311    420    310    303    230    308    230
199312    420    310    303    230    308    230
199401    420    310    303    230    308    230
199402    420    310    303    230    308    230
199403    420    310    303    230    308    230
199404    420    310    302    230    308    230
199405    420    310    302    230    308    230
199406    420    310    302    230    308    230
199407    407    347    315    243    325    243
199408    407    347    315    243    325    243
199409    407    347    315    243    325    243
199410    407    346    314    243    325    243
199411    407    346    314    243    325    243
199412    407    346    314    243    325    243
199501    407    346    314    243    325    243
199502    407    346    314    243    325    243
199503    407    346    314    243    325    243
199504    407    345    313    242    325    243
199505    407    345    313    242    325    243
199506    407    345    313    242    325    243
199507    478    370    336    232    309    232
199508    478    370    336    232    309    232
199509    477    370    336    232    309    232
199510    477    369    335    232    309    232
199511    477    369    335    232    309    232
199512    477    369    335    232    309    232
199601    477    369    335    232    309    232
199602    477    369    335    232    308    232
199603    477    369    335    232    308    232
199604    477    369    335    231    308    232
199605    477    369    335    231    308    232
199606    477    369    335    231    308    232
199607    519    410    409    256    342    257
199608    519    410    409    256    342    257
199609    518    410    409    256    342    257
199610    518    410    408    256    341    257
199611    517    410    408    256    341    257
199612    517    410    408    256    341    257
199701    517    410    408    255    341    257
199702    517    410    407    255    341    257
199703    516    410    407    255    341    257
199704    515    408    407    255    341    257
199705    515    408    407    255    341    257
199706    514    408    407    255    341    257
199707    680    490    487    220    294    220
199708    680    490    487    220    294    220
199709    680    490    487    220    294    220
199710    679    490    487    219    294    220
199711    678    489    487    219    294    220
199712    678    489    486    219    294    220
199801    678    488    486    219    294    220
199802    678    488    486    219    294    220
199803    677    488    485    219    294    220
199804    677    487    485    218    293    220
199805    677    487    485    218    293    220
199806    677    487    485    218    293    220
199807    832    485    535    183    243    183
199808    832    485    535    183    243    183
199809    830    485    534    183    243    183
199810    825    481    533    182    243    182
199811    824    481    533    182    243    182
199812    824    481    533    182    243    182
199901    823    481    533    182    243    182
199902    823    481    533    182    243    182
199903    823    481    533    182    243    182
199904    817    481    531    181    243    182
199905    817    481    531    181    243    182
199906    816    481    531    181    243    182
199907   1001    505    403    181    240    181
199908   1001    505    403    181    240    181
199909   1001    505    403    181    240    181
199910    997    504    401    181    240    181
199911    996    504    401    181    240    181
199912    996    504    401    181    240    181
200001    995    504    400    181    240    179
200002    995    504    400    181    240    179
200003    995    504    400    181    240    179
200004    989    501    395    178    240    179
200005    989    501    395    178    240    179
200006    987    501    395    178    240    179
200007    915    727    444    157    209    157
200008    913    726    444    157    209    157
200009    911    725    444    157    209    157
200010    905    725    442    154    209    155
200011    903    724    442    154    209    155
200012    903    724    442    154    209    155
200101    902    724    442    154    209    155
200102    897    723    442    154    209    155
200103    896    723    442    154    209    155
200104    893    719    441    147    207    154
200105    893    719    441    147    207    154
200106    892    717    441    147    207    154
200107    767    706    616    175    234    176
200108    767    703    616    175    234    176
200109    767    702    616    175    234    176
200110    762    701    615    175    233    176
200111    762    701    615    175    232    176
200112    762    701    615    175    232    176
200201    762    700    613    174    231    176
200202    760    700    613    174    230    176
200203    753    699    613    173    230    176
200204    747    692    612    173    228    176
200205    744    690    610    173    228    176
200206    743    689    607    173    228    176
200207    937    671    534    183    244    183
200208    933    669    533    183    243    183
200209    932    669    533    183    243    183
200210    919    665    532    175    241    183
200211    916    664    532    175    241    183
200212    914    664    532    175    241    182
200301    910    663    532    175    241    182
200302    907    663    531    175    241    182
200303    906    662    530    175    241    182
200304    899    659    528    172    241    182
200305    898    658    525    172    241    182
200306    896    658    523    172    241    182
200307    922    593    560    203    269    203
200308    917    591    557    201    268    203
200309    915    589    557    200    268    203
200310    906    587    555    200    264    203
200311    903    586    554    200    264    203
200312    902    585    553    199    264    203
200401    900    584    552    199    264    203
200402    898    582    550    199    264    203
200403    892    582    549    199    264    203
200404    887    579    547    198    263    203
200405    885    579    545    198    263    203
200406    883    578    545    198    263    203
200407    733    661    627    226    302    227
200408    729    661    624    225    302    227
200409    729    661    624    224    302    226
200410    726    657    622    222    301    224
200411    724    657    622    222    301    224
200412    715    649    603    221    300    217
200501    714    647    601    221    299    218
200502    713    647    597    221    299    217
200503    712    647    597    221    299    217
200504    707    646    595    221    299    216
200505    707    645    595    221    299    217
200506    707    644    595    221    299    217
200507    724    671    613    247    330    247
200508    723    670    613    246    330    245
200509    723    670    613    245    328    245
200510    716    666    611    243    323    244
200511    714    665    611    243    323    244
200512    714    664    611    242    323    242
200601    713    663    610    242    323    241
200602    712    663    609    242    322    241
200603    710    663    606    242    322    240
200604    708    661    604    240    321    239
200605    706    661    604    240    321    239
200606    705    660    604    240    321    239
200607    832    695    639    224    298    224
200608    831    692    638    224    298    223
200609    829    690    638    221    297    222
200610    823    688    636    218    295    222
200611    822    688    636    218    295    222
200612    822    688    634    218    295    222
200701    821    688    634    218    295    222
200702    820    688    633    218    295    222
200703    818    686    631    218    295    222
200704    813    685    626    216    294    220
200705    813    685    626    216    294    220
200706    811    685    618    216    294    218
200707    993    728    607    197    261    197
200708    989    724    607    196    261    196
200709    988    724    607    194    261    195
200710    980    722    606    192    261    194
200711    976    722    605    192    261    194
200712    971    721    602    192    261    194
200801    969    720    602    192    260    194
200802    967    718    602    192    260    193
200803    966    717    599    192    260    193
200804    958    715    598    190    259    192
200805    958    714    597    188    259    192
200806    957    712    590    188    259    191
200807    902    749    703    183    246    185
200808    899    747    701    182    246    184
200809    896    746    699    181    246    184
200810    894    744    693    181    246    184
200811    890    742    689    180    246    184
200812    885    742    686    180    246    184
200901    884    742    684    180    246    184
200902    884    742    682    180    246    184
200903    879    739    678    180    246    184
200904    874    734    672    179    244    182
200905    871    733    670    178    244    182
200906    869    732    667    179    244    182
200907    969    652    625    197    264    197
200908    963    651    625    196    264    196
200909    952    649    622    196    262    196
200910    949    645    621    196    259    196
200911    948    644    620    196    259    196
200912    947    643    620    196    259    196
201001    944    642    618    196    259    196
201002    944    641    615    196    258    195
201003    943    638    615    196    258    195
201004    939    634    613    191    257    193
201005    936    634    609    191    257    193
201006    935    633    608    191    257    193
201007    758    864    581    191    256    191
201008    756    864    578    190    256    190
201009    754    863    578    190    256    190
201010    712    827    545    189    256    190
201011    711    827    545    189    256    190
201012    715    834    554    189    256    190
201101    713    831    554    189    256    190
201102    710    831    552    189    256    190
201103    710    830    551    189    256    190
201104    710    826    549    188    254    190
201105    709    824    549    188    253    190
201106    706    826    549    187    253    190
201107   1005    710    596    197    261    197
201108   1003    710    596    197    260    196
201109   1003    710    593    196    260    194
201110   1001    705    593    195    259    193
201111    999    704    593    195    259    193
201112    996    701    590    195    259    193
201201    995    700    589    195    259    192
201202    994    700    588    195    258    192
201203    992    697    586    195    258    192
201204    992    696    579    192    258    191
201205    992    694    579    192    258    191
201206    991    694    577    192    258    191
201207    888    638    758    208    276    208
201208    883    636    756    208    275    207
201209    883    635    754    208    274    207
201210    880    633    753    207    270    206
201211    880    633    752    207    270    206
201212    877    633    749    207    270    206
201301    875    633    749    207    270    204
201302    875    633    749    207    270    204
201303    871    633    749    207    270    204
201304    869    633    747    207    269    204
201305    868    633    747    207    269    204
201306    868    633    744    207    269    204
201307    909    722    749    191    256    191
201308    905    718    748    190    256    191
201309    905    718    747    190    256    191
201310    905    712    741    190    254    189
201311    905    710    739    190    254    186
201312    903    710    738    190    254    186
201401    903    707    738    190    254    186
201402    902    707    737    190    254    186
201403    901    706    737    190    254    186
201404    898    705    735    189    254    186
201405    898    705    734    189    254    186
201406    896    705    733    189    254    186
201407   1143    644    582    205    273    205
201408   1143    644    582    204    273    205
201409   1140    644    581    203    273    205
201410   1135    642    580    204    272    204
201411   1135    641    580    204    272    204
201412   1134    641    579    204    272    204
201501   1132    640    578    204    272    204
201502   1129    640    577    204    272    204
201503   1128    638    577    204    272    204
201504   1127    636    576    204    272    203
201505   1126    636    576    204    272    203
201506   1124    636    575    204    272    203
201507   1044    757    635    197    262    197
201508   1041    754    634    196    262    197
201509   1040    753    632    196    262    197
201510   1035    750    632    194    261    197
201511   1035    750    631    194    261    197
201512   1033    750    630    194    261    197
201601   1032    748    630    194    261    197
201602   1031    747    630    194    261    197
201603   1031    747    628    194    261    197
201604   1028    747    624    192    261    197
201605   1026    747    623    192    261    197
201606   1021    745    623    192    261    197
201607   1090    661    712    202    270    202
201608   1087    661    712    202    269    202
201609   1086    660    710    201    269    202
201610   1084    660    708    201    267    202
201611   1080    660    707    201    267    202
201612   1077    658    707    201    267    202
201701   1075    657    706    201    267    202
201702   1074    655    705    201    267    202
201703   1073    655    704    201    267    202
201704   1072    654    704    199    266    202
201705   1071    653    703    199    266    202
201706   1067    653    703    199    265    202
201707    855    780    820    215    286    215
201708    852    778    819    215    286    215
201709    852    776    819    215    286    214
201710    851    776    817    215    286    213
201711    851    776    816    215    286    213
201712    851    775    816    215    286    213
201801    848    775    816    215    286    213
201802    845    775    815    215    286    213
201803    845    775    815    215    286    213
201804    842    768    814    213    286    213
201805    842    768    814    213    286    213
201806    840    768    814    213    286    213
201807    919    800    769    224    300    224
201808    917    800    768    224    300    224
201809    910    800    763    224    300    224
201810    906    792    762    224    299    224
201811    903    792    762    224    299    224
201812    905    788    756    224    299    224
201901    906    787    757    222    299    224
201902    905    787    762    220    299    224
201903    904    786    763    220    299    224
201904    900    783    761    220    298    224
201905    900    783    758    220    298    223
201906    899    783    758    220    298    223
201907    914    683    956    208    276    208
201908    913    681    956    208    276    208
201909    911    681    955    208    275    208
201910    908    681    955    208    275    208
201911    906    681    955    208    275    208
201912    905    681    954    208    275    208
202001    905    680    954    208    275    208
202002    905    679    952    208    274    208
202003    901    678    952    208    274    207
202004    900    678    947    208    274    206
202005    898    677    947    208    274    206
202006    894    676    946    208    273    206



  Average Firm Size
                       Small                                Big
              Low         2           High        Low         2           High
199007      432.48      442.40      438.03     3639.12     4083.86     4456.69
199008      458.05      469.50      464.95     3652.39     4054.12     4441.63
199009      382.46      404.71      384.85     3218.89     3622.24     4032.25
199010      321.52      337.57      322.18     2671.70     2988.86     3372.75
199011      412.02      428.22      411.83     3543.00     3726.55     4163.88
199012      334.01      347.90      332.68     2972.00     3276.32     3685.35
199101      326.16      337.81      322.89     3110.32     3427.90     3737.40
199102      311.69      315.28      298.80     3130.10     3552.28     3824.11
199103      387.80      398.32      372.18     3531.56     3980.43     4252.71
199104      380.43      390.76      372.16     3334.48     3804.96     4024.58
199105      396.59      405.83      379.24     3330.48     3927.78     4153.93
199106      387.86      393.45      372.57     3274.26     3882.84     4074.71
199107      319.19      349.68      358.27     2922.17     3468.31     4157.68
199108      319.79      349.11      354.70     2995.13     3547.25     4285.37
199109      282.21      308.76      310.97     2808.20     3313.15     4037.51
199110      318.32      342.07      346.11     3092.92     3578.70     4391.37
199111      344.53      366.08      369.13     3202.81     3738.03     4612.04
199112      307.59      325.44      328.66     2965.20     3429.06     4244.35
199201      321.95      343.14      339.01     3083.30     3557.27     4349.60
199202      304.27      321.24      318.05     2940.40     3369.16     4085.65
199203      292.80      304.11      303.04     2795.60     3110.53     3717.91
199204      253.98      263.09      266.96     2477.45     2761.05     3289.98
199205      226.18      233.84      240.47     2336.15     2595.60     3006.23
199206      258.21      269.31      276.42     2543.82     2805.32     3261.67
199207      197.27      219.54      218.61     3372.36     2442.49     2006.65
199208      183.60      202.49      198.29     3412.92     2344.56     1903.13
199209      203.79      227.29      226.23     4120.61     2649.27     2234.09
199210      205.79      227.35      225.86     4005.23     2568.32     2145.73
199211      190.71      214.74      210.56     3782.59     2455.11     2033.27
199212      190.10      214.10      207.54     3900.34     2495.99     2085.55
199301      190.08      217.52      208.96     3859.51     2467.73     2058.98
199302      186.69      212.28      202.51     3832.08     2455.16     2050.00
199303      197.62      224.29      216.46     4030.51     2534.38     2147.83
199304      229.23      260.26      253.43     4688.47     2911.08     2514.40
199305      274.29      306.25      298.60     5454.84     3431.65     2929.78
199306      321.81      350.72      347.54     5787.29     3496.59     3028.97
199307      260.00      283.65      307.77     4231.34     4336.75     2833.03
199308      265.51      291.99      316.85     4579.80     4644.08     3024.69
199309      268.04      299.48      325.20     4691.28     4755.50     3100.71
199310      251.79      286.83      315.15     4363.33     4493.89     3007.93
199311      226.75      259.39      289.92     4339.80     4451.07     2869.28
199312      183.49      215.27      242.75     3478.33     3827.70     2500.83
199401      188.63      220.09      243.63     3580.72     3929.95     2517.64
199402      228.26      258.01      285.95     4245.70     4582.86     2912.36
199403      240.70      269.33      301.20     4413.31     4773.16     3015.70
199404      249.61      277.07      307.71     4264.91     4644.00     2934.40
199405      266.17      291.71      322.07     4458.17     4771.41     3017.39
199406      269.27      291.02      320.67     4601.47     4853.43     3002.52
199407      294.16      321.41      340.36     5986.01     4129.82     3499.74
199408      283.05      312.54      330.88     5711.62     3965.55     3394.65
199409      277.57      307.28      323.96     5660.53     4039.97     3392.76
199410      263.72      292.52      310.40     5488.49     3951.78     3248.97
199411      272.53      299.55      312.60     5668.22     4086.87     3263.51
199412      250.35      276.77      287.21     5317.49     3841.81     3080.88
199501      259.33      282.08      291.92     5483.62     3891.31     3120.55
199502      239.52      270.64      283.05     5183.07     3552.93     2968.89
199503      227.19      254.24      263.27     4890.76     3379.07     2830.25
199504      241.84      269.28      277.62     5258.25     3738.17     3080.54
199505      246.19      274.70      283.10     5606.61     3834.80     3202.14
199506      222.07      251.98      258.91     5260.22     3600.81     3003.48
199507      212.56      250.77      269.48     4509.09     4205.50     3200.75
199508      229.03      265.30      283.34     4932.81     4427.73     3357.63
199509      232.64      265.30      281.00     4751.67     4339.65     3240.95
199510      222.53      255.20      274.89     4709.51     4260.25     3220.16
199511      217.21      250.49      265.71     4487.91     4088.68     3118.83
199512      233.27      262.63      274.64     4790.77     4255.85     3191.33
199601      250.24      281.14      292.66     5063.34     4427.21     3326.92
199602      257.64      287.43      296.39     4981.55     4362.39     3289.95
199603      250.62      282.44      293.71     4850.45     4320.34     3261.07
199604      258.13      286.53      297.83     4937.44     4401.21     3330.38
199605      289.68      320.01      328.74     5231.83     4672.84     3558.83
199606      279.31      309.18      317.98     4983.94     4467.76     3395.34
199607      244.22      270.39      273.84     4562.55     3963.94     3534.74
199608      226.16      255.65      260.40     4290.19     3790.96     3412.18
199609      219.37      246.17      249.72     4095.34     3618.58     3278.17
199610      217.90      242.60      245.34     4222.80     3744.08     3361.55
199611      204.25      227.69      229.83     3929.62     3482.85     3133.81
199612      195.99      220.88      221.67     3913.47     3536.39     3196.14
199701      171.02      197.76      199.22     3509.62     3329.23     3067.36
199702      153.58      178.85      180.55     3008.74     3003.04     2803.35
199703      152.76      179.56      177.56     3087.17     3065.23     2845.16
199704      139.90      166.97      163.90     2925.27     2977.85     2735.94
199705      136.14      161.42      159.74     2962.31     3026.09     2845.05
199706      159.44      187.59      187.45     3348.36     3483.98     3173.22
199707      191.47      206.29      196.20     3504.23     4606.66     4343.76
199708      167.07      183.68      176.58     3209.23     4446.31     4400.46
199709      150.00      165.35      156.38     3001.44     4053.57     3872.95
199710      127.12      144.13      136.14     2811.64     3964.57     3972.85
199711      128.40      143.55      133.76     2595.94     3641.85     3600.05
199712      103.82      120.74      110.43     2239.72     3443.43     3449.75
199801       87.22      103.70       96.21     1960.20     3228.00     3271.29
199802      111.50      126.19      118.35     2274.63     3536.45     3508.12
199803      120.71      132.85      122.88     2373.37     3555.35     3472.97
199804      108.39      120.99      111.43     2188.99     3335.28     3251.15
199805      102.09      115.41      107.15     2100.08     3288.62     3243.06
199806       97.64      110.69      102.98     2007.75     3150.32     3077.35
199807      109.36      131.38      119.77     2207.31     3419.79     4597.29
199808      107.10      130.00      119.36     2125.54     3402.69     4565.64
199809       96.63      120.32      111.23     1943.35     3133.01     4103.91
199810       89.85      113.37      104.35     1857.56     3038.44     3981.13
199811      104.19      127.20      115.83     2238.48     3552.21     4569.67
199812      110.56      134.35      123.97     2295.99     3587.40     4897.57
199901      110.74      136.83      129.84     2316.61     3760.34     5031.59
199902      111.54      136.97      130.00     2345.58     3782.78     5120.28
199903      109.63      133.65      132.38     2274.04     3671.55     5027.85
199904      125.18      148.73      152.50     2540.22     4152.92     5769.92
199905      140.20      162.72      168.60     2647.82     4345.48     6009.64
199906      132.38      153.44      159.95     2513.86     4138.21     5721.64
199907      153.66      181.08      171.99     3313.11     3775.88     8066.28
199908      164.95      193.46      183.08     3581.31     4116.85     9079.54
199909      168.80      199.90      195.12     3700.82     4323.39     9240.10
199910      171.75      203.45      204.89     3907.28     4519.63    10140.83
199911      171.84      198.57      203.91     4013.03     4669.16    11287.19
199912      163.71      193.69      206.32     3895.33     4673.31    13222.24
200001      151.62      179.33      196.79     3714.75     4755.70    14495.72
200002      152.03      177.46      193.42     3720.66     4523.14    13463.85
200003      147.02      170.66      196.82     3460.91     4304.46    13655.64
200004      161.49      186.20      204.83     3871.44     4720.19    14165.78
200005      142.31      167.12      183.51     3656.39     4506.47    12634.02
200006      145.54      173.16      181.62     3607.91     4465.79    11062.32
200007      171.49      221.25      245.84     7120.97     6064.56    10034.05
200008      150.38      201.02      217.88     6149.87     5441.25     8853.68
200009      163.13      213.03      233.80     6790.81     5758.51     9336.20
200010      153.71      205.01      218.83     6236.49     5558.41     8831.11
200011      137.53      188.64      197.09     5920.71     5182.02     8144.34
200012      140.71      190.35      194.57     5603.68     5097.53     7967.48
200101      129.09      176.59      177.55     5146.85     4819.66     6843.94
200102      129.27      173.54      177.71     5217.17     4656.64     6951.54
200103      131.21      176.14      178.06     4918.00     4458.64     6426.68
200104      125.64      169.27      170.52     4147.06     4318.48     6252.88
200105      142.98      188.09      184.63     4570.57     4687.38     6770.48
200106      144.09      191.07      194.50     4510.11     4710.60     6781.64
200107      136.16      139.30      158.07     4016.25     4048.30     5800.67
200108      125.84      130.97      143.48     3695.89     3763.68     5192.77
200109      129.42      133.74      144.51     3692.40     3698.07     4815.94
200110      116.53      124.53      130.02     3240.98     3470.95     4541.38
200111      119.13      126.47      136.02     3276.68     3484.66     4672.49
200112      110.94      119.95      130.55     3227.35     3438.28     4703.00
200201       97.26      109.09      116.73     3004.91     3197.52     4318.78
200202       91.76      103.40      110.44     2787.13     2928.17     4011.22
200203       99.98      110.16      116.10     2949.90     3076.67     4186.51
200204      101.79      112.53      122.09     3094.83     3169.17     4502.33
200205      107.82      119.10      129.59     3301.67     3351.05     4677.46
200206      119.57      129.48      141.94     3541.40     3595.53     4950.77
200207      111.37      123.20      124.45     2840.19     3319.86     5232.27
200208      110.36      121.68      120.67     2694.48     3082.60     4891.17
200209      108.84      121.05      116.33     2679.35     3062.28     4796.37
200210      105.46      116.71      108.21     2606.66     2923.07     4446.27
200211       96.80      109.34       99.22     2477.81     2712.61     4211.15
200212       94.60      107.79       97.13     2548.39     2815.50     4357.92
200301       94.29      108.45       96.49     2546.99     2786.89     4135.21
200302       95.74      108.03       96.53     2482.13     2683.56     3935.93
200303      102.65      114.85       99.49     2570.40     2709.42     3930.20
200304      103.35      114.86       98.13     2509.33     2606.41     3772.79
200305      108.15      118.45      103.19     2624.34     2611.15     3731.59
200306      114.55      125.01      109.83     2707.98     2704.82     3954.12
200307      103.88      119.23      110.52     2366.41     3108.91     3484.14
200308      106.18      120.60      114.80     2515.02     3207.06     3550.53
200309      118.57      130.38      122.97     2830.02     3478.20     3845.87
200310      127.92      140.21      135.59     2961.91     3695.79     4151.09
200311      136.46      145.13      150.15     3171.56     3758.55     4277.67
200312      125.52      137.34      139.49     3024.85     3642.91     4168.80
200401      132.38      146.06      146.15     3239.50     3859.41     4425.73
200402      142.87      153.95      156.27     3331.47     3870.64     4549.21
200403      141.60      155.35      156.34     3242.24     3846.42     4662.17
200404      171.75      184.41      193.66     3707.01     4288.69     5251.13
200405      171.78      184.75      202.04     3535.07     4027.11     4977.31
200406      161.21      177.32      188.20     3418.43     3927.98     4874.02
200407      146.77      168.20      200.76     3252.40     4086.69     4466.30
200408      136.61      160.14      183.72     2984.34     3871.71     4191.73
200409      139.57      161.63      185.52     2994.21     3925.92     4251.81
200410      135.86      157.07      175.55     2908.37     3816.26     4117.75
200411      140.98      160.40      178.26     2980.14     3906.90     4222.76
200412      147.08      163.52      184.07     3146.01     4086.07     4423.98
200501      153.79      171.39      192.76     3283.52     4302.64     4655.69
200502      162.51      178.93      202.69     3263.48     4244.85     4547.63
200503      170.18      186.95      208.06     3345.98     4316.13     4572.60
200504      171.21      187.96      207.87     3275.26     4242.32     4442.19
200505      169.78      188.47      211.36     3204.03     4163.62     4297.58
200506      162.23      181.79      201.89     3130.25     4078.28     4199.49
200507      153.62      181.32      194.88     4063.68     4216.24     3191.94
200508      157.20      185.27      198.35     4056.87     4265.41     3217.27
200509      163.81      191.67      202.63     4305.68     4561.73     3420.61
200510      168.95      197.90      204.75     4692.73     4907.36     3606.49
200511      173.13      200.75      210.52     4695.75     4897.65     3562.91
200512      176.58      206.17      217.34     4858.36     5003.37     3784.99
200601      196.80      229.41      251.00     5275.79     5392.86     4287.66
200602      202.94      242.21      258.43     5514.63     5640.59     4387.69
200603      188.92      227.70      241.31     5402.01     5586.16     4280.98
200604      192.39      234.05      247.51     5526.51     5727.71     4380.76
200605      194.47      238.91      249.05     5630.16     5920.90     4481.40
200606      175.89      220.73      226.35     5352.32     5491.38     4118.24
200607      188.05      223.80      236.88     5454.32     5016.27     6227.67
200608      175.84      214.29      213.22     5412.13     4979.48     6095.49
200609      178.25      217.14      220.19     5600.28     4992.20     6301.27
200610      172.52      211.40      212.61     5527.69     4917.08     6198.63
200611      171.50      210.15      210.63     5612.55     4978.09     6380.78
200612      167.53      209.60      205.10     5665.01     4961.65     6381.72
200701      167.59      210.79      202.50     5710.44     5049.46     6611.19
200702      171.21      212.23      205.72     5769.85     5102.75     6639.34
200703      177.96      220.72      207.05     6076.85     5275.02     6840.36
200704      174.85      218.72      202.35     6057.61     5190.70     6676.41
200705      169.46      214.64      192.79     5855.42     5149.45     6503.15
200706      165.39      209.16      189.29     5847.60     5222.23     6661.37
200707      182.99      233.97      209.64     6376.33     5622.95     7827.24
200708      184.85      236.63      207.99     6350.08     5610.61     7901.72
200709      175.15      225.88      190.62     6361.88     5389.23     7591.45
200710      172.06      224.41      186.89     6452.60     5446.47     7796.95
200711      172.57      224.48      200.66     6544.28     5364.05     7855.75
200712      169.87      215.63      189.96     6567.23     5251.80     7598.16
200801      161.25      205.82      177.56     6355.53     5052.00     7294.29
200802      158.03      196.30      165.14     6070.44     4812.49     6931.64
200803      161.03      201.05      171.19     6081.00     4862.98     7029.64
200804      160.38      198.78      165.01     6013.74     4617.10     6492.79
200805      160.93      198.48      166.09     6343.29     5042.43     6963.52
200806      167.64      206.46      171.43     6415.39     5202.60     7104.12
200807      157.87      207.86      165.33     6282.52     4394.19     8002.64
200808      154.79      201.29      153.75     6351.35     4276.42     7571.74
200809      147.44      190.33      139.62     6084.37     4116.82     7271.56
200810      134.83      175.15      123.70     5652.34     3620.07     6254.11
200811      128.15      165.08      105.11     5066.73     3062.07     5268.04
200812      133.81      171.32      109.41     5160.53     3120.13     5036.05
200901      146.61      186.18      119.40     5698.96     3336.08     5399.28
200902      141.83      177.42      115.89     5349.12     3030.39     5097.35
200903      124.41      155.20       98.59     4673.23     2586.94     4647.69
200904      125.78      156.94      100.83     4482.46     2695.91     4802.45
200905      129.75      160.75      107.20     4677.78     2958.44     5402.35
200906      142.75      178.30      126.44     5067.35     3335.53     5969.13
200907      133.56      163.64      143.77     3498.12     5016.33     4818.31
200908      134.80      169.68      148.87     3698.89     5195.55     5052.93
200909      142.92      180.04      160.11     3791.65     5438.41     5162.06
200910      140.83      180.60      162.09     3699.07     5414.37     5089.26
200911      136.22      176.34      158.60     3617.79     5224.93     5071.43
200912      128.36      168.52      148.37     3497.27     5215.34     4956.43
201001      126.97      164.47      145.23     3619.07     5105.15     5041.85
201002      130.97      169.26      147.85     3653.53     5246.23     5209.06
201003      133.22      170.76      149.35     3652.77     5288.86     5251.01
201004      138.95      177.01      155.29     3809.89     5480.04     5482.82
201005      146.40      183.13      164.66     3846.00     5480.58     5452.92
201006      135.39      171.33      152.57     3485.55     5116.01     4968.17
201007      133.96      160.18      161.05     4692.94     4735.46     4677.56
201008      136.71      161.83      163.97     4872.52     4895.15     4812.53
201009      128.47      158.09      161.09     4648.85     4773.86     4782.90
201010      139.88      167.35      172.14     5010.12     4938.54     4828.68
201011      136.69      162.60      169.57     5104.79     5000.89     4910.51
201012      144.33      164.51      170.54     5303.12     5087.22     4919.28
201101      162.12      181.59      185.92     5659.71     5465.51     5269.14
201102      167.25      186.05      189.26     5770.04     5458.03     5215.51
201103      177.05      193.18      197.89     6032.89     5709.30     5488.06
201104      162.92      182.25      184.40     5423.28     5111.56     4954.53
201105      161.09      180.66      184.80     5486.76     5146.95     5022.92
201106      158.90      174.97      181.32     5466.56     5008.71     4977.74
201107      131.36      195.47      175.87     4575.97     6526.63     3969.60
201108      136.00      205.16      184.74     4756.16     6826.58     4112.01
201109      131.08      199.70      178.80     4310.59     6312.00     3821.81
201110      128.24      200.50      176.11     4205.11     6263.29     3792.04
201111      125.22      191.01      170.59     4206.70     6209.33     3715.54
201112      123.84      187.99      165.63     4073.74     5976.48     3498.99
201201      126.36      192.47      169.06     4079.94     6075.22     3528.95
201202      137.11      205.66      175.97     4259.34     6348.11     3636.92
201203      138.71      205.60      178.57     4430.16     6569.76     3797.08
201204      141.19      207.00      182.98     4514.03     6565.46     3827.07
201205      141.86      208.33      187.76     4376.35     6460.19     3752.51
201206      128.35      192.84      174.99     3974.68     5968.18     3395.27
201207      137.72      169.89      152.37     4784.11     4807.34     3992.22
201208      134.43      167.21      150.44     4673.96     4703.90     3994.66
201209      133.10      165.84      148.90     4675.60     4656.64     3972.06
201210      134.24      168.33      151.78     4770.16     4719.82     4061.26
201211      133.25      163.23      149.57     4732.49     4593.71     3974.39
201212      134.71      165.34      150.35     4842.35     4670.12     4030.90
201301      141.12      169.35      152.60     5064.09     4860.87     4153.56
201302      148.63      176.22      161.60     5287.72     5014.31     4293.57
201303      152.10      180.10      168.48     5481.71     5159.61     4365.11
201304      164.87      189.22      186.09     5686.10     5405.84     4554.74
201305      183.87      199.74      210.16     6255.29     5838.15     4955.52
201306      168.78      186.88      203.06     5963.88     5509.82     4694.78
201307      139.72      209.32      182.95     4741.45     7161.56     5355.43
201308      146.13      216.17      191.67     4769.11     7199.10     5477.51
201309      141.65      211.92      187.08     4639.00     7020.40     5326.32
201310      158.88      230.33      206.27     5037.96     7551.60     5812.92
201311      158.02      229.00      206.30     5015.88     7576.51     5814.93
201312      157.13      226.14      203.46     5087.69     7666.51     5914.89
201401      159.62      227.71      205.65     5102.86     7708.57     5991.98
201402      163.48      232.49      211.31     4949.49     7402.05     5860.44
201403      159.19      227.10      204.15     4978.39     7350.69     5829.44
201404      157.63      227.47      203.08     4859.93     7197.49     5691.92
201405      152.86      224.17      198.99     4761.76     7022.65     5543.24
201406      158.19      227.22      204.77     5023.23     7273.83     5727.05
201407      167.83      230.56      207.08     4430.78     6168.80     7661.61
201408      170.96      231.92      207.78     4508.19     6195.30     7712.73
201409      173.44      232.58      207.50     4425.60     6078.75     7491.06
201410      167.88      228.53      198.38     4308.92     5982.06     7473.03
201411      159.67      219.69      188.20     4250.29     5890.27     7293.59
201412      157.85      214.19      186.80     4190.42     5876.22     7391.25
201501      158.37      218.84      187.46     4179.99     5759.29     7319.03
201502      162.40      225.14      191.44     4369.47     5861.76     7526.54
201503      165.74      228.99      193.83     4563.38     6259.16     7943.43
201504      164.48      230.80      200.44     4571.69     6356.68     8058.01
201505      169.80      238.07      204.96     4746.18     6629.55     8273.34
201506      169.04      238.69      203.41     4791.79     6707.26     8346.81
201507      171.86      223.03      230.03     5750.13     6366.83     8516.28
201508      172.34      221.47      231.40     5990.91     6367.49     8531.09
201509      167.79      216.46      220.42     5771.96     5997.48     7964.49
201510      161.52      208.29      211.05     5383.39     5582.86     7396.02
201511      169.03      219.31      221.88     5835.07     6109.15     8209.21
201512      170.89      223.87      227.30     5692.28     6096.08     8280.29
201601      173.03      225.15      228.72     5772.79     6098.46     8255.61
201602      162.29      208.15      211.62     5446.21     5574.13     7589.61
201603      162.25      206.64      210.29     5420.69     5424.39     7382.68
201604      170.49      219.78      229.00     5548.29     5693.51     7669.20
201605      178.59      228.41      240.58     5849.86     5945.90     8119.53
201606      175.43      229.03      241.88     5780.03     5886.79     8025.53
201607      160.64      225.34      204.88     6153.54     4786.62     7886.95
201608      170.62      242.94      214.85     6482.05     5084.26     8582.85
201609      166.82      234.76      208.00     6282.24     5010.25     8678.93
201610      175.55      246.52      221.14     6479.42     5139.78     8632.63
201611      179.99      252.78      225.44     6539.02     5193.71     8878.93
201612      172.32      241.88      213.44     6275.20     5047.05     8524.21
201701      174.71      247.20      218.14     6318.72     5095.38     8677.42
201702      184.31      260.33      230.66     6523.82     5289.78     9024.33
201703      191.11      269.06      238.50     6607.15     5323.59     9079.92
201704      192.05      271.05      242.07     6687.21     5303.98     9048.22
201705      191.94      272.25      241.94     6820.92     5383.18     9131.96
201706      200.30      282.08      256.45     7044.60     5490.52     9399.17
201707      204.64      239.89      233.41     6378.85     7908.51     6099.20
201708      214.89      249.28      241.07     6584.00     8078.26     6179.63
201709      220.29      256.00      245.85     6611.47     8047.39     6238.68
201710      224.46      260.59      247.60     6741.05     8098.74     6287.08
201711      231.39      268.41      255.46     7065.38     8449.11     6535.24
201712      235.82      273.18      266.02     7181.06     8641.10     6818.40
201801      243.80      281.28      274.19     7383.13     8653.50     6858.43
201802      259.55      293.72      293.20     7701.56     9032.72     7149.26
201803      255.24      289.36      295.19     7596.25     8899.63     7043.49
201804      244.17      281.42      292.37     7307.58     8692.78     7043.78
201805      241.78      281.55      283.72     7371.29     8757.71     7052.00
201806      238.65      278.63      290.02     7211.11     8597.34     7051.50
201807      199.88      275.54      266.43     6813.49     7913.81     6931.15
201808      197.78      274.47      262.46     6850.38     7937.88     6901.99
201809      196.03      271.10      266.37     6790.73     7868.31     7005.49
201810      196.44      274.59      267.09     7018.99     8056.68     7132.70
201811      180.89      251.60      240.65     6495.30     7432.42     6352.79
201812      181.66      256.39      246.06     6485.28     7476.45     6516.96
201901      165.27      231.23      212.61     6098.63     7017.78     5976.14
201902      172.40      237.69      223.73     6491.03     7383.81     6306.70
201903      175.03      243.34      232.16     6444.58     7337.31     6453.94
201904      171.67      238.96      232.36     6383.13     7226.87     6519.49
201905      172.35      241.95      234.43     6364.72     7373.02     6693.73
201906      165.77      234.65      228.10     6169.98     7089.79     6431.53
201907      196.08      233.48      232.49     8429.25     6927.93     6751.33
201908      198.03      235.73      237.50     8370.31     6951.71     6874.81
201909      191.98      229.93      228.47     8307.39     6928.42     6771.80
201910      199.06      236.29      234.26     8540.84     7186.25     6935.56
201911      210.41      250.46      248.39     9007.79     7530.03     7232.52
201912      212.84      252.81      255.78     9081.61     7557.45     7299.16
202001      218.31      261.21      263.74     9180.83     7694.96     7533.60
202002      211.12      253.30      253.89     9052.62     7630.68     7304.76
202003      180.46      218.77      215.97     8195.59     6867.14     6638.50
202004      172.63      208.78      201.38     7644.88     6484.46     6223.41
202005      180.20      217.40      220.19     7817.84     6710.77     6829.28
202006      193.69      232.42      243.65     8196.79     7151.71     7311.53
