This file was created using the 202006 Bloomberg database.

Missing data are indicated by -99.99.



           WML
199011   -2.59
199012   -0.83
199101   -2.63
199102   -2.21
199103    3.17
199104   -1.17
199105    0.50
199106    0.01
199107    4.66
199108    2.81
199109    1.91
199110    2.28
199111    0.67
199112    8.30
199201   -1.03
199202   -0.48
199203   -0.61
199204   -2.80
199205    0.57
199206   -0.56
199207    1.24
199208   -1.00
199209    2.58
199210    2.30
199211    1.88
199212    3.55
199301    4.97
199302    2.71
199303    4.14
199304   -0.29
199305    0.97
199306    4.85
199307    2.45
199308    2.34
199309    3.03
199310   -1.51
199311   -4.39
199312    2.46
199401    1.26
199402   -0.59
199403   -1.40
199404   -0.46
199405   -2.10
199406   -1.27
199407   -0.11
199408    1.51
199409    1.32
199410    1.06
199411   -0.38
199412    3.18
199501   -1.18
199502   -0.46
199503    0.23
199504    1.89
199505   -0.33
199506    3.87
199507    3.01
199508    0.11
199509    2.14
199510    2.92
199511   -0.55
199512    1.32
199601    0.90
199602    1.59
199603   -1.39
199604    0.26
199605    2.02
199606   -1.02
199607   -1.45
199608    0.80
199609    2.62
199610    2.47
199611   -1.93
199612    0.17
199701    2.39
199702   -3.13
199703    0.78
199704    4.78
199705   -3.89
199706    2.74
199707    3.71
199708   -1.69
199709    2.35
199710    0.21
199711    0.82
199712    2.86
199801    0.06
199802   -0.42
199803    1.43
199804    0.93
199805    1.94
199806    7.59
199807    3.41
199808    0.62
199809   -0.15
199810   -3.84
199811    1.78
199812    9.85
199901    5.11
199902   -1.17
199903    1.39
199904   -8.08
199905   -2.00
199906    6.63
199907    1.65
199908    2.77
199909    6.27
199910    3.39
199911    9.27
199912   18.98
200001    3.29
200002   29.32
200003  -12.78
200004  -12.41
200005  -12.30
200006   17.48
200007   -4.32
200008    8.46
200009   -4.47
200010   -7.85
200011  -11.87
200012    4.87
200101  -22.28
200102   10.92
200103    8.23
200104   -8.85
200105    2.24
200106    0.40
200107    5.72
200108    6.21
200109   11.37
200110   -7.31
200111   -8.66
200112    0.20
200201    3.80
200202    6.31
200203   -1.14
200204    7.44
200205    3.47
200206    6.77
200207    3.18
200208    2.15
200209    9.35
200210   -5.82
200211  -15.52
200212    9.66
200301    1.68
200302    1.96
200303    0.82
200304   -8.71
200305   -6.83
200306   -0.75
200307   -0.58
200308    0.45
200309   -0.18
200310    4.56
200311    1.67
200312   -4.86
200401    2.39
200402   -0.62
200403    0.26
200404   -5.28
200405    1.89
200406    2.00
200407   -2.00
200408   -1.31
200409    5.21
200410   -0.95
200411    3.30
200412   -2.46
200501    3.23
200502    3.75
200503    0.96
200504   -0.95
200505    0.24
200506    2.82
200507    0.75
200508    3.54
200509    3.88
200510   -2.60
200511    0.75
200512    1.56
200601    4.73
200602   -2.79
200603    1.75
200604    1.64
200605   -2.73
200606    0.28
200607   -1.20
200608   -3.26
200609   -1.70
200610    0.07
200611   -0.51
200612    0.56
200701    0.70
200702   -0.74
200703    2.12
200704    0.51
200705   -0.16
200706    0.35
200707    2.71
200708   -0.08
200709    5.13
200710    5.48
200711   -0.78
200712    5.23
200801   -8.47
200802    6.97
200803    0.77
200804    1.54
200805    3.45
200806   11.22
200807   -7.70
200808   -5.13
200809   -2.70
200810    5.49
200811    5.56
200812   -3.75
200901   -2.62
200902    2.36
200903   -8.06
200904  -24.99
200905  -10.79
200906    4.74
200907   -4.86
200908   -6.55
200909   -4.04
200910    0.38
200911    2.01
200912    2.59
201001   -4.50
201002    3.49
201003    3.56
201004    2.01
201005   -0.79
201006   -2.49
201007    1.57
201008    1.04
201009    1.53
201010    0.99
201011    2.33
201012   -2.10
201101   -0.51
201102    2.08
201103    2.34
201104    0.08
201105   -0.61
201106    1.42
201107    1.09
201108   -1.05
201109   -3.29
201110   -0.40
201111    3.01
201112    1.15
201201   -5.87
201202    0.39
201203    2.41
201204    3.02
201205    6.29
201206   -0.25
201207    1.86
201208   -2.32
201209   -1.90
201210    0.45
201211    0.92
201212   -2.12
201301   -0.65
201302    2.19
201303    2.01
201304    1.58
201305    0.09
201306    0.98
201307    1.20
201308   -0.81
201309    3.29
201310    0.15
201311    2.03
201312    0.35
201401    1.38
201402    1.60
201403   -3.07
201404   -3.84
201405    1.00
201406    0.83
201407   -0.30
201408    1.07
201409    0.22
201410   -0.76
201411    1.24
201412    0.72
201501    4.67
201502   -2.31
201503    2.48
201504   -6.85
201505    5.79
201506    2.87
201507    7.50
201508   -2.19
201509    3.27
201510   -3.20
201511    2.52
201512    2.93
201601   -0.31
201602   -4.78
201603   -4.15
201604   -3.55
201605    2.43
201606    5.21
201607   -2.26
201608   -3.44
201609    0.19
201610   -0.06
201611   -4.73
201612   -0.93
201701   -0.29
201702   -2.25
201703   -0.62
201704    0.22
201705    1.35
201706   -0.25
201707    1.64
201708    2.12
201709   -0.64
201710    4.92
201711    0.00
201712   -1.91
201801    3.93
201802    3.64
201803   -1.24
201804    0.51
201805    4.00
201806   -1.30
201807   -1.30
201808    5.04
201809   -0.10
201810   -2.33
201811   -1.87
201812    1.24
201901   -5.17
201902    0.79
201903    2.07
201904   -2.09
201905    6.89
201906   -1.89
201907    1.51
201908    5.67
201909   -6.53
201910   -0.85
201911   -1.24
201912   -1.14
202001    5.57
202002    1.73
202003    6.94
202004   -0.67
202005    1.74
202006    2.40



 Annual Factors: January-December
         WML
1991   25.07
1992    6.16
1993   25.14
1994    1.59
1995   16.62
1996    5.46
1997   14.18
1998   25.58
1999   56.06
2000   -9.87
2001    5.30
2002   27.19
2003  -14.28
2004    2.03
2005   19.33
2006   -4.11
2007   21.09
2008    5.45
2009  -64.25
2010    7.14
2011    4.32
2012    4.67
2013   16.20
2014    0.03
2015   17.08
2016  -17.97
2017    5.17
2018    8.96
2019   -0.39
