This file was created using the 202006 Bloomberg database. It contains
value- and equal-weighted returns for the intersections of 2 ME portfolios
and 3 INV portfolios in North_America.

The portfolios are constructed at the end of June.  ME is market cap at the end
of June. Investment is the change in total assets from the fiscal year ending in year t-2
to the fiscal year ending in t-1, divided by t-2 total assets.
The annual returns are from January to December.

The break points include utilities and include financials.

The portfolios include utilities and include financials.

Missing data are indicated by -99.99.



  Average Value Weighted Returns -- Monthly
               Small                 Big
          Low     2    High    Low     2    High
199007  -3.13  -2.88  -4.24   0.86  -0.58  -2.50
199008 -10.37 -10.28 -13.54  -6.88  -9.33  -9.97
199009  -7.50  -7.23  -9.79  -2.84  -4.94  -8.60
199010  -6.00  -4.74  -5.85  -1.08   0.36  -2.98
199011   4.20   5.86   8.79   5.11   6.09   9.53
199012   3.27   4.07   5.48   1.90   2.84   4.98
199101   6.60   6.36   8.59   1.57   4.60   8.76
199102  12.78   9.79  11.97   7.05   7.09   8.06
199103   5.65   4.88   7.36   1.88   2.46   3.52
199104  -0.21   1.30   0.47   0.76   0.14   0.28
199105   4.26   3.43   4.74   2.04   4.70   5.68
199106  -4.15  -2.23  -4.33  -3.41  -4.58  -5.16
199107   3.13   2.45   4.50   4.02   4.28   5.57
199108   2.87   3.07   3.92   2.72   1.75   3.77
199109  -0.59  -0.17   0.96  -0.70  -1.24  -2.22
199110   2.42   2.55   4.03   2.08   1.47   1.77
199111  -4.47  -3.43  -5.15  -3.83  -4.48  -2.40
199112   6.17   6.47   8.83   8.76   8.93  15.05
199201   9.92   6.80   6.73   0.28  -1.61  -1.71
199202   4.17   3.31   2.05   1.95   1.18   0.73
199203  -1.51  -1.63  -4.86  -2.27  -1.86  -2.99
199204  -1.86  -1.55  -5.16   3.32   3.05  -0.03
199205   1.82   0.67  -0.39   0.66   0.59   0.63
199206  -3.90  -2.63  -4.25  -1.29  -1.11  -2.76
199207   3.01   2.97   2.77   3.47   4.30   4.27
199208  -3.12  -1.64  -2.73  -2.23  -1.78  -2.22
199209   0.99   0.82   1.46   0.79   0.64   1.86
199210   2.37   2.15   3.52   0.54   0.01   3.25
199211   5.12   5.98   8.27   2.68   2.99   5.01
199212   4.55   3.38   2.55   2.14   1.52   1.39
199301   4.93   3.70   2.44   2.73  -0.25   0.22
199302   0.50  -0.10  -3.27   3.29   1.55  -2.28
199303   4.59   3.08   2.41   3.66   2.17   1.78
199304  -2.09  -2.33  -3.15  -1.04  -2.25  -4.22
199305   4.73   3.03   5.31   2.20   2.45   4.25
199306   1.47   0.88   1.18   0.56   1.30  -1.41
199307   1.94   1.76  -0.19  -0.14   0.45  -1.58
199308   4.28   4.03   4.57   3.88   3.82   3.71
199309   2.06   1.67   2.75   0.53  -1.40   0.02
199310   4.32   2.97   3.46   2.16   1.39   1.77
199311  -3.10  -2.60  -3.25  -2.38  -1.55  -0.29
199312   2.47   3.30   2.77   1.53   2.16   1.63
199401   4.99   2.31   3.00   3.77   2.88   3.01
199402  -1.17  -0.20  -0.62  -2.94  -3.16  -1.38
199403  -4.35  -4.13  -6.48  -3.95  -4.26  -4.77
199404   0.41   0.66  -0.82   1.56   1.48  -0.21
199405  -0.84  -0.20  -1.70   1.22   1.10   1.43
199406  -2.52  -1.75  -5.04  -2.10  -2.84  -3.36
199407   1.58   1.55   1.61   3.59   2.99   3.36
199408   4.75   3.96   5.74   4.00   3.72   6.01
199409   1.01   0.31   0.64  -1.80  -1.87  -2.39
199410  -0.52  -0.17   0.17   1.64   1.43   2.41
199411  -4.03  -3.48  -4.35  -4.15  -3.14  -3.87
199412   1.10   1.81   0.35   1.45   1.40   1.31
199501   0.56   0.05  -0.18   1.68   2.60   1.70
199502   2.91   3.20   4.05   4.18   3.44   4.82
199503   2.02   0.88   3.46   3.59   2.07   2.71
199504   3.73   2.39   1.89   2.99   2.71   1.89
199505   2.17   2.10   1.39   3.80   3.68   3.56
199506   5.27   4.10   6.88   1.20   2.06   5.42
199507   5.90   4.50   7.38   2.80   3.50   6.05
199508   4.29   2.55   1.36   0.87   0.94   0.29
199509   2.61   2.08   2.09   4.00   4.32   2.67
199510  -5.24  -4.08  -5.78  -0.68  -0.69  -0.43
199511   3.57   4.59   3.68   4.85   5.04   2.46
199512   3.52   1.31   1.02   2.58   1.94  -1.08
199601   1.97   0.20  -0.29   3.67   3.19   1.89
199602   2.40   2.91   4.42   0.91   1.39   2.60
199603   1.37   2.78   2.90   0.96   1.21   1.01
199604   6.52   4.88   8.35   1.22   1.21   4.35
199605   6.14   4.29   5.65   1.61   2.38   3.25
199606  -4.30  -3.48  -4.98   0.88  -0.08  -1.95
199607  -6.99  -6.65 -12.09  -4.93  -4.11  -6.69
199608   4.81   5.13   6.78   1.70   3.69   3.86
199609   2.89   3.57   3.92   3.91   5.52   8.25
199610   0.50   1.19  -2.98   2.82   2.47  -0.05
199611   3.29   3.94   2.18   6.75   6.90   8.34
199612   2.14   2.30   0.92  -0.11  -2.62  -1.66
199701   4.42   3.26   4.09   4.64   5.47   7.43
199702   0.40  -1.23  -5.72   0.39   2.17  -3.80
199703  -4.03  -3.44  -7.37  -3.37  -4.76  -5.32
199704  -1.52  -0.33  -2.98   2.95   5.85   6.64
199705   9.82   9.69  14.28   5.92   6.38   9.06
199706   4.69   6.01   4.77   3.75   5.21   2.71
199707   5.57   5.22   5.49   6.67   7.18  11.77
199708   2.62   3.09   3.49  -4.15  -5.46  -2.71
199709   6.97   8.26   9.69   5.47   5.75   5.35
199710  -2.84  -3.19  -5.48  -3.35  -2.55  -4.54
199711  -1.00  -1.05  -4.92   4.46   4.06   1.59
199712   0.13   1.37  -0.34   3.35   2.49  -0.66
199801  -0.28  -0.99  -1.67  -0.25   0.34   2.41
199802   6.39   7.26   8.11   5.78   7.51   9.49
199803   5.12   3.55   5.47   4.17   6.51   4.13
199804   2.31   1.80   0.76   0.31   1.54   2.17
199805  -3.91  -4.09  -6.64  -1.71  -1.45  -4.23
199806  -0.55  -0.17   0.49   1.06   3.77   6.87
199807  -6.68  -6.65  -8.54  -2.23  -0.95  -3.00
199808 -17.79 -17.76 -24.78 -12.47 -15.73 -19.28
199809   4.60   5.13   7.90   6.62   5.70   8.17
199810   3.52   4.41   4.26   7.24   8.70   6.38
199811   6.66   5.69   6.75   5.79   5.91   7.11
199812   3.46   4.07   6.35   3.60   7.18   9.47
199901   1.61  -0.07   4.40   0.60   3.42   9.67
199902  -5.45  -6.38  -9.91  -2.22  -2.70  -6.81
199903   0.54  -0.77   3.36   4.04   2.56   6.81
199904   8.15   7.82  11.06   5.87   4.11   2.84
199905   2.79   2.83  -0.99  -1.54  -2.00  -2.90
199906   5.12   7.16   6.60   2.38   5.90   6.91
199907   0.09  -0.72  -2.69  -3.00  -2.84  -3.85
199908  -2.07  -2.61  -3.87  -2.29  -0.04  -0.70
199909  -0.35  -0.04   1.01  -3.47  -3.12  -0.99
199910   0.21  -1.22   0.39   5.20   7.59   6.28
199911   5.89   4.16  10.01   0.92   1.76   5.94
199912  11.19   7.16  13.37   3.10   4.88  14.13
200001   1.59  -2.67  -1.40  -1.42  -3.94  -6.44
200002  18.80  11.74  20.93  -2.46  -1.13   4.41
200003  -8.36  -1.57  -6.08  10.95   8.12   9.11
200004  -6.58  -1.71 -13.30  -1.31  -0.71 -10.23
200005  -5.43  -2.89  -6.50  -2.60  -0.11  -7.06
200006  11.51   5.54  13.91   0.96   0.91   9.25
200007  -0.59  -0.92  -7.00  -0.42  -0.92  -3.48
200008   8.61   6.80   6.02   5.83   7.26   9.41
200009  -1.81  -0.78  -8.39  -0.96  -1.94 -12.08
200010  -3.27  -2.93 -12.22   1.35  -0.92  -6.03
200011  -6.86  -6.15 -19.40  -3.18  -7.08 -19.42
200012   7.74   9.51   3.83   5.50   3.69  -6.82
200101   3.68   4.10  14.65   0.92   1.08  11.51
200102  -3.61  -3.62 -13.53  -2.94  -8.20 -19.23
200103  -3.05  -3.44 -10.25  -3.25  -6.74 -12.57
200104   6.79   6.58  11.63   6.13   6.68  14.23
200105   4.43   3.93   5.00   2.51   0.90  -1.51
200106   1.02   3.73   3.08  -2.90  -2.39  -0.85
200107  -2.93  -1.18 -11.44  -1.02   0.16  -4.36
200108  -0.62  -2.70  -8.79  -2.94  -4.84 -11.14
200109 -13.01 -11.79 -18.54  -6.53  -7.05 -12.84
200110   4.72   4.86  12.49   1.17   0.40   6.41
200111   6.99   7.00  10.31   5.80   7.77  10.15
200112   5.86   6.89   7.24   2.71   1.76  -0.70
200201   1.38   0.23  -4.54  -0.73  -1.40  -2.41
200202  -0.19  -0.43  -8.23   0.68  -1.18  -6.20
200203   8.71   7.30   8.41   4.30   3.54   4.53
200204   2.29   3.65  -5.09  -3.28  -4.88  -9.72
200205  -1.39  -2.14  -6.08   1.01  -0.49  -3.36
200206  -4.05  -3.61  -8.71  -5.67  -8.81  -6.97
200207 -15.31 -11.31 -14.77  -9.49  -6.02  -8.52
200208  -0.20   0.17   0.75  -0.05   0.90   1.36
200209  -8.59  -6.12  -7.08 -11.38 -10.14  -9.40
200210   3.94   2.88   4.12   8.24   8.11   8.03
200211  10.94   6.35   8.67   9.27   5.23   3.37
200212  -5.91  -3.43  -4.78  -6.95  -5.07  -4.65
200301  -1.55  -1.10  -2.00  -1.87  -2.95  -2.16
200302  -3.05  -2.35  -2.22  -1.95  -1.81  -0.56
200303   1.16   1.46  -0.22  -0.40   1.35   1.50
200304  10.20   9.30   9.21   8.32   7.87   8.26
200305  12.39   8.74  11.63   8.75   3.93   6.93
200306   2.36   2.86   3.08   0.99   1.51   1.92
200307   7.25   5.12   5.60   2.00   1.86   1.58
200308   6.12   4.12   5.68   4.34   2.08   0.93
200309   0.25  -0.90  -1.63  -2.72  -0.45  -0.56
200310   9.60   8.24   8.96   8.07   5.33   4.68
200311   4.07   3.98   3.13   1.80   1.49   0.55
200312   3.70   2.16   2.18   5.31   4.55   4.88
200401   6.81   2.84   2.44   2.04   1.49   2.44
200402   0.25   2.13   1.91   0.78   2.23   1.32
200403   0.24   0.98   1.28  -2.05  -0.84  -1.50
200404  -5.46  -3.19  -4.27  -2.54  -2.14  -0.75
200405   1.41   1.16   1.42   1.96   1.02   1.28
200406   3.87   3.98   3.78   2.22   1.72   1.96
200407  -7.10  -4.66  -6.65  -4.32  -2.78  -3.94
200408  -1.24  -0.28  -0.90  -0.45   0.57   0.24
200409   4.77   5.13   6.96   1.78   1.38   2.76
200410   2.08   2.21   2.39   3.32   1.45   0.83
200411   8.51   8.63   8.96   4.17   4.10   5.02
200412   3.98   2.77   3.09   3.53   3.54   3.38
200501  -3.79  -2.95  -3.14  -3.51  -1.46  -3.35
200502   2.75   2.15   2.62   1.77   3.07   1.30
200503  -2.64  -1.94  -3.47  -0.13  -1.66  -1.76
200504  -6.81  -5.79  -6.13  -2.48  -2.46  -1.71
200505   6.11   5.70   5.62   3.67   2.82   4.83
200506   4.08   3.62   4.86   1.21   0.48   1.11
200507   6.37   6.39   7.07   3.57   3.75   4.95
200508  -0.32  -0.55  -0.64  -0.97  -0.14  -0.41
200509   1.42   0.75   2.04   0.55   0.58   2.88
200510  -4.05  -2.47  -4.86  -2.52  -2.21  -1.29
200511   4.59   4.79   5.72   3.98   3.77   4.77
200512   1.37  -0.02   0.61   0.25   0.16   1.08
200601   8.66   8.29  10.40   3.38   2.78   3.89
200602   1.17  -0.58  -1.90   0.53  -0.08  -0.91
200603   3.94   4.54   4.64   1.32   1.38   1.69
200604   0.86   1.78   2.01   1.54   1.34   1.72
200605  -5.23  -3.96  -5.83  -1.95  -1.97  -4.66
200606  -0.91  -0.08  -1.42   0.04  -0.42   0.49
200607  -2.77  -2.62  -3.45  -0.26   0.34  -0.55
200608   3.44   3.11   2.41   3.97   2.08   1.01
200609  -0.03   0.56  -0.86   2.90   1.53   1.42
200610   5.99   5.01   6.03   3.36   3.07   4.48
200611   2.54   2.04   2.16   1.28   2.07   3.83
200612   0.82   1.29  -0.03   2.38   1.06  -0.81
200701   2.85   1.08   1.14   1.73   1.30   2.31
200702   0.15  -0.20   0.07  -2.22  -1.23  -1.05
200703   1.22   1.46   1.34   0.65   1.26   2.51
200704   3.10   2.07   3.66   5.03   4.25   3.89
200705   3.64   3.88   4.69   3.79   3.59   5.69
200706  -0.44  -0.94  -1.05  -1.74  -1.30  -1.12
200707  -6.72  -5.97  -4.70  -3.52  -2.95  -1.69
200708  -0.57   1.76  -1.01   1.26   0.90   1.74
200709   1.35   1.12   4.65   2.52   4.16   6.22
200710   2.78   1.95   4.15   3.08   2.21   2.64
200711  -8.20  -7.62  -9.65  -4.54  -4.05  -5.88
200712   0.27  -0.57   0.69  -1.21  -0.41   0.63
200801  -6.34  -5.25  -8.81  -5.68  -4.96  -7.96
200802  -2.85  -2.40  -0.93  -2.97  -1.96  -1.60
200803   0.33   0.08  -3.00  -1.18  -0.86  -1.37
200804   2.09   3.17   3.58   3.43   5.14   6.63
200805   4.67   4.17   5.97   3.10   1.04   3.55
200806  -7.87  -8.90  -5.79  -8.01  -7.99  -7.25
200807   2.77   2.88  -1.47  -0.35  -1.21  -3.76
200808   3.50   3.87   2.02   2.17   0.97  -0.58
200809  -8.52  -8.52 -13.62  -8.81  -8.01 -14.14
200810 -21.84 -19.83 -24.51 -16.22 -17.86 -19.83
200811 -11.96 -11.85 -13.27  -5.71  -6.86  -9.61
200812   4.59   4.87   7.01   1.26   0.70   1.62
200901 -10.40 -10.67  -7.31  -7.46  -8.60  -4.55
200902 -12.19 -11.01 -10.74 -10.13 -10.71  -7.19
200903   9.22   9.41   9.76   7.27   8.74  10.58
200904  17.38  16.18  16.19   8.91   9.23  12.17
200905   4.91   3.55   7.59   5.56   6.15   9.49
200906   0.87   1.06   1.67   1.07  -0.98  -0.66
200907  12.41   9.27   9.67   8.03   8.24   7.42
200908   6.04   2.60   2.21   3.97   2.22   2.93
200909   7.61   6.84   7.90   3.14   4.07   5.50
200910  -7.60  -5.33  -5.78  -1.95  -2.77  -2.04
200911   3.47   3.36   4.83   5.52   6.28   6.01
200912   8.77   7.29   7.52   1.50   2.38   3.67
201001  -2.51  -2.97  -3.78  -3.00  -2.88  -5.45
201002   5.45   4.88   4.82   3.13   3.74   3.69
201003   9.10   7.84   6.73   5.91   5.56   6.91
201004   6.60   6.10   4.12   1.57   1.40   1.56
201005  -9.08  -7.06  -7.56  -7.10  -7.39  -9.22
201006  -8.89  -6.94  -6.05  -4.81  -4.76  -6.39
201007   8.02   7.35   5.80   7.88   7.04   6.04
201008  -7.43  -5.92  -5.56  -6.74  -4.04  -2.34
201009  13.70  11.74  12.71   8.78   8.71  10.03
201010   4.58   4.01   4.81   3.87   4.13   3.41
201011   4.34   4.18   4.19   1.02   0.57  -0.18
201012   9.72   7.56   7.90   8.80   6.11   5.64
201101   1.05  -0.18  -0.36   2.61   2.39   1.55
201102   5.62   6.13   5.84   3.49   3.83   4.06
201103   2.55   2.90   1.15   0.16   0.41   0.05
201104   1.81   3.14   3.05   2.11   3.78   2.09
201105  -2.88  -1.99  -2.58  -2.21  -1.07  -1.05
201106  -2.69  -1.41  -2.87  -2.27  -1.22  -2.27
201107  -3.18  -3.16  -2.87  -3.70  -2.68  -0.20
201108  -9.79  -7.63  -8.59  -5.66  -5.62  -5.54
201109 -12.33 -11.09 -13.09  -7.99  -8.68  -7.69
201110  14.50  14.58  14.42  10.74  11.75  11.11
201111  -0.89  -0.18  -2.41  -0.21  -0.22  -0.73
201112   0.79   0.49  -1.13   2.24   0.71  -1.76
201201   7.37   6.22   8.20   3.82   5.32   5.86
201202   3.84   2.93   2.72   4.53   3.69   5.36
201203   2.50   2.14   0.33   3.14   2.07   2.50
201204  -1.26  -1.31  -2.11  -0.21  -0.85  -0.40
201205  -6.24  -6.50  -8.72  -4.70  -7.18  -7.65
201206   4.89   3.85   4.36   4.39   3.29   3.56
201207  -1.45  -0.49  -1.17   1.31   1.45   0.83
201208   3.95   2.60   4.16   2.33   1.87   4.38
201209   3.63   3.72   3.93   3.90   2.36   2.10
201210  -1.55  -0.86  -3.03  -0.68  -0.88  -3.74
201211   1.35   1.02  -0.67   1.02   0.13   1.32
201212   3.62   3.08   3.18   1.51   1.14   0.54
201301   6.31   6.12   5.06   6.60   5.49   3.42
201302   0.43   0.62  -0.48   1.30   1.47   0.02
201303   4.98   4.16   3.89   4.63   3.92   2.00
201304   0.03  -0.98  -2.21   1.32   1.59   1.58
201305   4.07   3.71   4.91   2.01   2.13   3.16
201306  -0.90   0.03  -0.87  -2.15  -0.85  -2.46
201307   8.60   6.56   7.01   5.06   4.94   7.11
201308  -3.21  -2.95  -0.90  -3.05  -3.21  -0.72
201309   5.23   5.57   6.09   2.98   3.46   4.70
201310   3.01   2.88   1.72   4.39   4.12   4.43
201311   4.33   3.51   2.87   2.45   2.89   2.67
201312   2.32   2.11   2.23   2.67   2.17   3.60
201401  -2.34  -4.11  -1.98  -4.38  -3.52  -2.40
201402   4.90   3.98   5.57   4.69   4.28   5.41
201403  -0.17   1.15  -1.61   1.06   2.00  -1.78
201404  -2.76  -2.02  -3.23   1.38   0.46  -0.15
201405   0.14   1.02   0.02   1.22   1.91   3.67
201406   5.39   3.91   7.52   1.51   2.50   3.71
201407  -4.74  -5.29  -7.03  -2.43  -1.98  -0.13
201408   4.66   4.43   4.55   3.84   3.64   4.94
201409  -6.88  -5.90  -5.88  -2.07  -2.37  -1.50
201410   3.03   4.56   3.96   2.39   1.57   1.88
201411   0.37   0.31  -0.37   2.78   1.88   3.17
201412   1.16   2.18   1.78   0.59  -0.04  -1.87
201501  -4.90  -4.83  -4.50  -3.73  -3.98  -1.91
201502   6.10   5.43   8.38   5.84   5.39   7.48
201503   0.60   0.99   1.36  -1.61  -1.38  -1.26
201504  -0.82  -0.93  -0.95   1.10   1.10   1.88
201505   0.99   1.03   2.43   1.43   0.52   1.19
201506   0.03  -0.03   1.61  -2.20  -1.92  -1.69
201507  -5.68  -2.92  -2.93   0.88   1.76   2.47
201508  -4.51  -4.99  -6.54  -6.03  -5.98  -6.01
201509  -8.23  -3.38  -6.82  -2.99  -2.52  -3.89
201510   6.36   5.72   5.25   8.14   6.40   9.24
201511   2.00   2.08   3.19   0.24  -0.05   0.82
201512  -5.64  -5.21  -5.47  -1.89  -2.03  -2.74
201601  -8.75  -6.33 -11.14  -4.64  -4.66  -7.66
201602   2.81   2.35   0.11   0.83   0.72  -1.78
201603  10.37   7.45   8.31   6.47   6.81   7.63
201604   5.46   2.81   3.47   1.76   1.51  -1.60
201605  -0.45   1.17   1.20   0.71   0.86   3.66
201606   0.27   0.65  -0.20   1.34   0.13  -2.85
201607   5.68   4.99   6.29   2.56   3.41   5.32
201608   1.90   1.23   2.12  -0.10   0.77   0.14
201609   2.74   0.80   1.69  -0.04  -0.36   1.10
201610  -5.44  -3.41  -5.83  -1.77  -1.21  -2.22
201611  11.34  10.77   7.78   4.66   5.39   1.64
201612   1.58   3.20   1.49   1.93   2.06   1.12
201701   1.92   0.09   1.74   0.64   1.98   4.20
201702  -0.07   1.42   2.56   3.19   3.68   3.61
201703  -0.14  -0.06   1.17   0.22  -0.47   1.15
201704  -0.61   1.07   0.81   0.23   0.68   1.96
201705  -2.41  -2.31  -1.08   0.27   1.17   2.46
201706   2.19   3.55   4.91   1.31   0.88   0.32
201707   1.77   0.92   0.88   2.22   1.08   3.21
201708  -1.71  -1.81  -0.50  -1.55  -0.04   2.10
201709   6.46   5.52   5.53   3.26   2.76   0.90
201710  -1.07   1.16   0.87   0.16   1.06   5.19
201711   2.04   2.92   3.03   3.43   3.63   2.08
201712   1.82  -0.31   1.25   2.24   1.34   0.56
201801   3.86   1.27   2.89   4.33   4.84   7.46
201802  -4.57  -4.13  -3.98  -6.28  -4.10  -1.68
201803  -0.44   0.57   1.45  -1.25  -2.36  -3.06
201804   2.13   1.40   0.53   0.77  -0.32   0.89
201805   5.53   4.58   5.53   1.17   1.01   4.59
201806   1.20   0.67  -0.09   0.96   0.22   0.50
201807   1.01   2.26   0.69   3.99   3.38   3.21
201808   2.99   3.06   4.43   0.75   2.22   6.24
201809  -1.38  -1.99  -2.17   0.57   0.59   0.17
201810 -10.17  -9.88 -12.70  -6.09  -6.20  -9.21
201811  -0.22   1.74  -0.51   2.17   3.34   0.39
201812 -11.68 -11.34 -11.10  -9.37  -9.10  -8.93
201901  11.25  10.20  12.70   7.93   7.97   9.61
201902   4.70   3.81   7.22   3.14   3.85   3.17
201903  -1.87  -3.23  -1.53   0.45   0.88   2.90
201904   2.35   4.18   2.87   3.23   4.07   5.10
201905  -7.75  -7.46  -7.71  -5.60  -6.35  -7.35
201906   6.79   7.09   8.46   7.37   6.72   7.40
201907   0.39   1.32  -0.69   1.14   1.02   2.19
201908  -6.63  -4.75  -5.17  -2.22  -1.36  -2.45
201909   3.10   3.29   0.49   2.82   2.52  -0.92
201910   1.43   1.79   2.23   1.64   1.82   2.73
201911   3.63   2.77   5.71   3.65   3.78   4.36
201912   5.04   3.07   3.69   3.86   2.45   2.12
202001  -4.77  -4.56  -2.58  -1.31   0.15   2.19
202002  -9.75  -9.36  -7.80  -9.20  -8.24  -6.39
202003 -24.81 -22.92 -22.89 -12.57 -14.60 -11.30
202004  19.17  13.03  17.66  13.23  11.00  15.62
202005   6.33   4.45   9.55   4.22   5.21   6.57
202006   4.31   1.90   4.29   2.23   1.83   3.07



  Average Equal Weighted Returns -- Monthly
               Small                 Big
          Low     2    High    Low     2    High
199007  -2.61  -2.89  -4.26  -1.10  -2.08  -2.64
199008 -10.49 -10.14 -12.56  -8.50  -9.76 -11.13
199009  -8.43  -7.35  -9.48  -5.47  -6.73  -9.69
199010  -5.92  -5.21  -6.54  -3.89  -1.97  -4.23
199011   3.86   5.25   8.05   6.53   8.48  11.07
199012   1.32   2.25   2.84   3.62   3.89   5.93
199101  11.25   7.64  11.05   4.53   5.96   7.89
199102  16.77  12.47  14.45   8.96   8.30  10.04
199103   8.54   6.09   8.16   2.63   2.89   4.07
199104   0.92   1.68   1.40   1.02   0.73   0.49
199105   4.35   3.13   3.98   3.15   5.04   4.91
199106  -4.01  -2.16  -3.65  -3.07  -4.25  -5.01
199107   3.07   2.42   3.99   4.30   3.34   5.68
199108   2.43   2.56   3.67   2.96   1.94   3.26
199109  -0.39  -0.31   1.64  -1.17  -1.04  -1.12
199110   2.70   1.87   3.61   1.95   2.10   1.99
199111  -2.95  -2.67  -3.61  -4.34  -4.25  -3.93
199112   3.03   4.99   6.95   8.06   8.73  11.92
199201  18.56   9.43  10.22   3.29   0.62   1.98
199202   6.21   4.18   4.17   3.60   1.78   1.38
199203  -0.78  -0.68  -3.54  -2.88  -2.15  -3.14
199204  -2.60  -1.73  -5.12   1.35   0.69  -1.56
199205   1.44   0.25   0.43   0.67   0.54   0.98
199206  -3.92  -3.37  -4.20  -1.65  -0.83  -3.61
199207   2.90   2.91   2.22   3.07   4.35   4.84
199208  -3.28  -1.31  -2.30  -3.27  -1.45  -2.27
199209   0.98   0.89   1.05   0.64   0.86   2.08
199210   1.80   2.01   3.19   1.42   1.49   3.22
199211   6.55   6.36   9.02   3.09   3.58   5.73
199212   5.86   3.64   3.57   3.63   3.04   2.56
199301   8.08   4.91   4.16   4.13   0.67   0.47
199302   1.00   0.39  -3.05   2.47   1.83  -2.53
199303   4.56   3.39   1.91   3.34   3.15   3.27
199304  -1.02  -1.85  -3.09  -1.04  -1.72  -3.14
199305   4.77   3.37   4.49   2.87   2.30   4.78
199306   2.53   0.31   0.64   1.45   0.90  -0.52
199307   2.19   1.84  -0.06  -0.02   0.77  -0.70
199308   3.68   3.71   4.68   4.33   4.03   4.56
199309   2.91   2.31   2.53  -0.05  -0.28   1.47
199310   5.97   4.28   4.71   2.52   1.06   1.77
199311  -0.94  -1.44  -3.08  -2.04  -2.21  -1.90
199312   1.80   2.34   1.12   2.80   3.40   4.21
199401   6.21   4.11   4.45   3.97   2.13   2.96
199402  -0.02  -0.16  -0.64  -1.36  -1.79  -1.17
199403  -3.05  -3.65  -5.26  -4.32  -3.90  -4.93
199404  -0.43   0.53  -2.10   1.12   0.50  -0.32
199405   0.21   0.48  -1.13   0.03   0.03  -0.12
199406  -2.86  -1.67  -3.58  -1.85  -2.72  -4.05
199407   1.68   1.41   1.09   3.46   3.15   2.82
199408   4.02   3.64   4.34   4.69   4.14   7.61
199409   2.29   1.31   1.80  -0.90  -1.73  -0.96
199410  -0.08  -0.37   0.00   0.17   0.39   1.31
199411  -3.81  -3.45  -5.08  -4.63  -4.12  -4.45
199412  -0.44   0.08  -1.95   1.68   1.89   1.66
199501   3.13   2.10   2.13   0.32   1.23  -0.60
199502   2.96   3.15   3.28   4.44   4.34   4.93
199503   2.18   1.05   3.23   3.54   1.70   3.06
199504   4.50   2.78   2.77   2.18   1.94   1.27
199505   2.76   1.88   2.01   2.87   2.64   2.46
199506   5.22   4.13   5.96   2.13   2.45   4.67
199507   5.97   4.48   5.96   4.93   4.42   7.56
199508   6.12   3.44   2.61   1.38   1.59   0.84
199509   3.56   2.67   2.28   2.64   1.90   2.05
199510  -5.06  -3.39  -6.02  -2.11  -2.16  -2.57
199511   0.96   1.84   2.15   5.02   4.69   4.00
199512   2.46   2.23   0.22   1.51   1.73  -0.77
199601   5.61   1.53   2.30   2.31   2.14   0.45
199602   5.11   3.40   3.90   1.31   2.18   3.79
199603   3.34   3.32   3.92   1.75   2.43   1.25
199604   6.52   6.01   7.77   4.01   2.30   6.26
199605   7.28   5.34   6.75   1.35   1.75   1.68
199606  -2.79  -2.97  -4.98   0.06  -1.15  -4.35
199607  -7.21  -6.16 -11.09  -5.29  -5.04  -9.62
199608   4.71   4.82   6.50   3.95   5.34   6.95
199609   2.38   3.60   3.72   3.19   4.45   6.64
199610  -0.90   0.95  -3.29   4.14   0.73  -3.01
199611   2.54   3.40   1.93   5.49   5.86   5.61
199612   0.31   1.63   0.11   0.21  -0.35  -1.61
199701   7.10   5.41   6.16   3.03   3.20   3.38
199702   0.27  -0.45  -3.41   0.18   1.35  -3.77
199703  -4.09  -3.26  -7.54  -0.98  -4.17  -6.76
199704  -2.94  -1.96  -4.25   1.36   2.33   0.59
199705   8.59   9.17  12.20   7.20   8.42  14.98
199706   4.21   4.97   2.50   4.03   3.73   3.50
199707   4.58   5.62   4.01   6.68   6.68   8.48
199708   4.16   3.51   4.06  -0.51  -1.50  -0.10
199709   9.25   8.88   9.77   5.34   5.91   6.81
199710  -1.62  -1.78  -4.38  -3.59  -3.24  -5.11
199711  -2.38  -1.89  -6.17   1.43   1.90  -1.66
199712  -2.98  -0.25  -2.59   2.86   3.16  -0.04
199801   1.44   0.37  -0.62  -0.90  -0.99  -0.77
199802   6.53   5.94   6.78   6.59   8.09   9.60
199803   6.21   3.89   4.66   5.38   4.76   4.77
199804   4.01   2.61   1.90   0.79   0.26   1.65
199805  -2.71  -3.49  -6.26  -2.84  -3.23  -6.90
199806  -3.42  -2.55  -4.22  -0.59   0.12   0.18
199807  -5.95  -5.66  -7.96  -4.94  -5.00  -6.43
199808 -19.45 -17.79 -24.14 -14.52 -17.48 -22.53
199809   4.59   3.63   6.45   6.84   5.58   8.52
199810   2.05   3.35   4.29   6.82   7.47   8.35
199811   8.05   6.98   5.92   4.98   5.09   4.15
199812   1.18   1.34   2.95   3.44   4.96   7.25
199901   9.94   3.76   6.16  -0.26  -0.37   2.03
199902  -3.40  -4.89  -7.16  -1.60  -3.69  -6.28
199903  -0.46  -2.33   0.24   2.08   2.45   5.07
199904  10.07   7.46  10.74   9.87   9.34   8.91
199905   6.00   3.86   2.41   0.18   0.95   1.65
199906   3.55   4.40   2.56   3.64   4.40   3.33
199907   2.00   0.32  -0.10  -1.57  -2.28  -3.75
199908  -1.00  -2.19  -3.52  -2.85  -2.61  -1.96
199909   1.02  -0.65  -0.79  -3.50  -3.68  -0.98
199910  -1.34  -1.74  -2.70   2.19   4.85   6.13
199911   8.70   4.42   8.56  -0.02   1.17   7.70
199912  12.10   3.95   9.78   5.40   4.05  12.23
200001  11.92   1.54   4.98  -4.45  -3.54  -3.43
200002  21.93   8.91  12.95  -3.78  -2.17   6.75
200003  -0.67   0.81  -1.16  11.56  11.87   7.25
200004  -8.40  -3.72 -10.50   0.41  -0.34  -6.40
200005  -5.48  -3.16  -6.93   1.61   1.64  -4.42
200006   9.62   5.34   8.01  -1.48  -2.33   6.32
200007  -1.29  -0.60  -5.21  -0.34   0.50  -5.44
200008   7.16   5.33   5.03   8.21   8.27  12.22
200009  -2.52  -1.09  -8.56  -1.42  -0.43 -10.14
200010  -6.46  -4.49 -11.75   1.86   0.88 -10.67
200011 -10.57  -6.88 -19.50  -4.15  -6.02 -25.22
200012  -0.23   3.65  -5.35   7.70   7.93   0.21
200101  22.37  15.14  36.42   4.30   5.47  19.14
200102  -4.79  -3.15 -13.44  -3.60  -4.82 -23.15
200103  -5.04  -3.32 -11.92  -4.58  -6.37 -19.00
200104   7.46   6.03  11.15   7.62   9.77  20.65
200105   8.07   7.40   7.88   3.28   1.34   1.67
200106   1.34   3.58   0.24  -0.75  -1.53  -2.65
200107  -2.27  -0.60  -9.08   0.48  -0.42  -7.43
200108  -2.21  -2.16  -8.24  -2.63  -3.94  -9.86
200109 -11.87 -10.71 -18.26  -9.09 -10.53 -19.58
200110   5.99   4.73  14.94   1.47   2.70  15.17
200111   6.94   6.85  11.40   8.69   8.32  12.71
200112   5.89   6.26   9.04   4.55   4.88   2.24
200201   6.89   3.42  -0.51   1.43  -1.24  -5.08
200202   1.01  -0.70  -8.81   2.01  -0.65  -8.92
200203   9.84   8.29   7.87   5.63   5.78  10.12
200204   3.28   4.05  -4.69  -0.70  -1.44  -9.99
200205   1.87   0.21  -5.22   0.28  -0.55  -6.21
200206  -5.18  -3.76 -10.33  -6.04  -8.07 -14.24
200207 -13.63 -10.23 -14.43 -11.07  -8.32 -10.44
200208   0.00   0.43   0.82   2.07   1.22  -0.16
200209  -9.38  -5.85  -7.87 -11.33  -8.89  -9.67
200210   4.41   2.85   4.77   6.44   5.01   6.88
200211  14.41   8.10  11.41  12.44   6.67   8.86
200212  -2.46  -1.74  -2.90  -5.17  -2.60  -5.03
200301   3.09   0.91   1.01  -2.17  -1.88  -1.23
200302  -2.13  -1.81  -1.57  -2.74  -1.81  -1.52
200303   0.60   0.59  -1.06   0.26   0.49   1.16
200304  10.24   8.26   9.71  10.82   8.28   9.57
200305  16.30  11.05  14.28  10.49   8.39  10.27
200306   6.75   4.73   5.17   1.73   1.52   2.43
200307   8.16   5.65   5.57   3.41   2.43   2.38
200308   7.06   4.47   6.76   5.07   4.05   3.83
200309   6.07   2.10   1.84  -1.28  -1.12  -0.98
200310  10.12   7.73   8.44   8.04   6.54   7.17
200311   5.12   4.90   3.94   2.72   2.86   2.48
200312   4.90   3.49   3.84   5.05   4.51   2.64
200401  10.38   4.76   3.71   3.53   1.61   1.59
200402   1.27   2.13   1.82   1.24   2.50   3.38
200403   0.21   1.11   0.95  -0.35  -0.54   0.46
200404  -4.73  -2.98  -4.13  -4.39  -2.78  -2.39
200405  -0.33   0.81  -0.49   2.86   1.54   1.50
200406   3.00   3.41   3.24   2.87   2.66   2.01
200407  -5.82  -4.18  -6.62  -4.73  -3.70  -4.91
200408  -1.83   0.27  -1.34  -1.04   0.23  -0.47
200409   4.97   4.78   7.45   3.02   3.45   4.97
200410   1.89   2.42   2.61   3.81   1.88   2.45
200411   8.46   8.68   9.07   6.30   6.14   6.10
200412   6.31   3.63   4.53   4.00   3.49   4.74
200501  -3.23  -2.64  -3.77  -4.10  -1.52  -2.51
200502   1.95   2.12   2.78   2.22   3.14   2.11
200503  -2.70  -2.12  -3.37  -0.90  -0.85  -1.30
200504  -7.13  -5.52  -6.35  -3.93  -3.36  -4.28
200505   4.62   4.24   4.91   5.25   4.45   5.53
200506   3.31   3.66   5.04   1.77   2.02   2.87
200507   6.14   6.43   7.40   4.17   4.69   6.41
200508   0.41  -0.61  -0.05  -0.75   0.12  -0.56
200509   1.65   1.21   2.12   0.85   0.68   2.21
200510  -4.69  -2.60  -4.53  -3.50  -2.88  -2.88
200511   2.94   3.52   4.66   3.98   4.60   5.56
200512   1.92   1.67   1.88   1.50   0.92   1.44
200601   9.67   7.43  10.53   3.64   4.69   5.16
200602   2.50   0.64  -0.68   0.29   0.09  -0.72
200603   4.38   3.80   4.31   2.13   2.03   2.24
200604   1.97   2.13   1.86   2.03   1.55   1.23
200605  -4.16  -3.26  -5.78  -2.35  -2.82  -4.44
200606  -1.93  -0.76  -2.13  -0.39  -1.23  -0.24
200607  -3.54  -1.86  -2.95  -2.00  -2.20  -2.59
200608   3.05   2.02   2.27   3.57   2.61   1.75
200609  -0.32   1.00  -0.82   2.19   1.30   0.52
200610   4.81   4.44   5.64   4.09   3.85   4.40
200611   2.33   2.02   1.44   2.46   3.04   4.35
200612   1.90   1.71   1.18   1.44   0.45  -0.86
200701   3.95   1.72   1.29   2.60   2.44   2.59
200702   1.19   0.69   0.63   0.10   0.28   0.12
200703   0.94   0.61   0.18   1.13   1.40   1.27
200704   3.60   2.17   4.19   4.26   4.03   4.53
200705   1.94   3.13   3.09   4.62   4.63   5.71
200706  -0.55  -0.43  -0.86  -1.75  -0.90  -1.66
200707  -4.48  -4.75  -4.45  -4.82  -4.01  -1.26
200708  -3.32  -0.82  -3.27  -0.26   0.04  -0.01
200709   1.74   1.41   4.21   2.51   3.06   6.15
200710   1.41   1.16   3.38   1.82   3.20   3.84
200711 -10.77  -8.49 -10.81  -6.18  -4.77  -7.33
200712  -1.18  -1.03  -0.49  -1.84  -0.93  -0.59
200801  -5.07  -3.84  -6.86  -4.18  -5.06  -6.30
200802  -0.56  -1.39   0.20  -2.86  -2.29  -0.23
200803  -3.34  -1.50  -4.97  -2.50  -1.95  -3.97
200804   1.37   1.90   2.55   5.74   5.53   6.13
200805   4.76   3.06   5.02   3.99   3.08   4.87
200806  -8.39  -9.40  -7.23 -10.38  -9.90  -8.34
200807  -0.30   1.88  -2.25  -0.65  -0.96  -5.25
200808   0.73   2.98  -0.69   1.94   1.48   0.08
200809 -11.97  -9.18 -15.24 -10.66 -11.89 -15.65
200810 -24.73 -21.08 -27.71 -20.14 -21.44 -25.19
200811 -15.47 -15.25 -15.66  -9.50  -8.41 -11.69
200812   3.73   4.68   6.74   2.73   4.19   3.83
200901   0.30  -5.37   0.99  -6.55  -7.36  -3.51
200902 -11.49 -11.87 -11.39 -10.88 -10.97  -9.36
200903  12.08  11.60  12.77   9.92  10.01  11.64
200904  23.97  20.64  22.07  19.17  18.79  20.38
200905  14.57  10.21  15.30   7.06   8.19  10.68
200906   2.53   1.69   2.07   0.05  -1.13  -0.72
200907  11.39   7.77   8.95   9.82   8.56   8.97
200908  10.71   3.34   3.00   6.46   4.07   2.61
200909  10.57   6.42   8.73   5.44   5.25   7.78
200910  -6.38  -4.15  -5.09  -4.52  -3.61  -3.31
200911   3.22   1.84   3.42   5.27   5.52   5.80
200912   8.19   6.15   7.01   5.18   4.83   5.20
201001   0.48  -0.19  -1.24  -2.83  -2.94  -4.40
201002   3.92   4.40   3.86   4.49   4.11   5.16
201003   9.78   7.32   6.74   7.67   6.34   6.80
201004   8.94   7.69   6.17   3.36   3.11   2.09
201005  -9.08  -7.18  -8.54  -7.11  -6.69  -8.02
201006  -8.47  -6.58  -7.11  -6.30  -5.09  -6.22
201007   6.91   6.67   5.11   7.67   7.13   6.53
201008  -6.51  -5.63  -5.56  -6.41  -4.00  -2.72
201009  12.78  10.37  11.94  10.98  10.48  10.67
201010   4.71   4.15   6.31   4.30   3.44   3.94
201011   3.26   3.51   3.93   2.25   1.49   2.14
201012  10.24   8.74   8.69   9.24   6.23   6.37
201101   2.99   0.96   0.02   2.63   1.80   1.62
201102   6.16   4.86   5.02   4.00   4.49   4.59
201103   0.87   1.49   0.54   1.18   1.50   1.60
201104   1.42   1.78   2.14   3.14   3.22   2.34
201105  -3.60  -1.93  -2.71  -1.21  -0.55  -0.96
201106  -3.94  -1.81  -3.79  -2.30  -1.58  -2.67
201107  -1.71  -1.95  -1.60  -3.92  -3.48  -1.84
201108 -10.33  -8.27  -9.71  -7.55  -5.98  -7.49
201109 -12.09 -10.48 -13.93 -10.30 -10.31 -11.45
201110  10.83  12.50  13.67  13.50  14.54  14.78
201111  -2.93  -0.76  -4.65  -0.65   0.14  -1.22
201112   0.50   0.90  -1.68   0.46   0.07  -2.64
201201  10.98   8.08  11.05   6.46   5.93   8.02
201202   5.38   2.67   3.53   4.60   4.33   5.32
201203   3.61   2.29  -0.06   2.06   0.96   0.37
201204  -2.14  -1.24  -2.59  -0.65  -0.16  -1.23
201205  -6.57  -6.90  -9.95  -7.02  -7.93  -9.75
201206   3.55   3.49   3.44   3.79   2.42   2.06
201207  -0.23   0.16  -0.69   0.38   0.70   0.20
201208   2.94   2.57   4.19   3.64   3.49   3.45
201209   4.87   3.86   4.36   3.16   2.08   2.71
201210  -2.28  -1.74  -3.71  -0.01  -0.38  -1.94
201211  -0.53   0.05  -1.87   2.03   0.79   2.14
201212   3.51   2.80   2.57   2.12   1.85   2.61
201301   7.82   6.97   5.77   7.14   5.86   6.34
201302   0.03  -0.23  -2.57   1.62   0.99  -0.01
201303   3.96   3.23   2.85   5.13   4.45   2.94
201304  -0.48  -1.10  -2.75   1.21   0.94   0.29
201305   4.81   3.46   3.06   2.81   2.56   2.98
201306  -0.62  -0.18  -3.12  -1.86  -1.36  -2.16
201307   8.46   7.16   7.31   6.20   5.71   6.89
201308  -0.95  -2.29  -0.11  -2.42  -2.90  -1.29
201309   4.87   5.35   5.24   4.72   4.36   5.72
201310   2.06   2.86   1.17   3.57   4.38   2.74
201311   2.59   3.69   1.38   2.99   1.87   1.41
201312   3.08   1.69   3.30   2.95   2.61   3.67
201401   2.38  -2.06   1.38  -3.19  -3.12  -1.71
201402   5.44   4.38   5.70   5.76   4.63   6.00
201403   0.13   0.81  -0.92   0.84   0.82  -0.95
201404  -2.38  -2.21  -3.59   0.32  -0.06  -1.78
201405  -0.74   0.52   0.02   1.56   1.64   2.43
201406   4.75   3.67   6.76   3.10   3.62   5.11
201407  -3.91  -4.27  -6.79  -3.24  -3.11  -2.85
201408   2.48   3.86   3.79   3.95   4.20   5.51
201409  -6.52  -5.91  -6.42  -3.98  -3.89  -3.28
201410  -0.88   2.40   1.65   1.49   1.82   1.74
201411  -1.01  -0.89  -2.04   1.88   1.78   0.59
201412  -0.11   2.05   1.79   0.70  -0.32  -0.99
201501  -4.11  -4.94  -5.07  -2.86  -3.42  -3.55
201502   6.38   5.85   8.67   6.26   6.30   8.22
201503  -1.44  -0.05   0.09  -1.15  -0.63  -0.47
201504   2.86   1.92   1.91   1.60   1.32   1.81
201505  -0.81  -0.10   1.98   0.21   0.45   1.11
201506  -1.13   0.07   0.80  -3.48  -2.01  -1.57
201507  -7.76  -4.22  -4.64  -0.55   0.73  -0.34
201508  -3.33  -3.76  -4.65  -5.17  -5.07  -6.61
201509  -7.22  -2.97  -7.05  -4.21  -3.23  -6.55
201510   5.07   5.83   4.86   8.16   6.16   5.57
201511  -0.98   1.00   1.60   0.23   0.19   0.04
201512  -5.54  -3.60  -5.37  -3.48  -3.13  -4.09
201601  -8.37  -6.88 -10.54  -6.63  -5.14  -9.41
201602   5.11   2.37   0.77   2.70   2.06  -0.13
201603  11.61   8.09   9.62   8.29   8.28   8.79
201604   9.90   5.42   6.59   2.34   1.67   3.66
201605  -1.10   0.16  -0.94   0.36   1.32   1.29
201606   2.24   1.12  -0.14  -0.65  -0.27  -2.36
201607   4.71   5.01   5.77   3.90   3.44   5.55
201608   2.50   1.75   3.23   0.15   0.51   0.66
201609   3.14   1.72   4.88   0.69   0.12   0.29
201610  -5.08  -3.82  -6.01  -2.81  -1.37  -3.20
201611   7.62   9.15   6.61   6.26   4.91   4.78
201612   2.63   4.44   1.89   0.61   1.63   0.21
201701   4.72   0.72   3.05   2.47   2.70   3.43
201702   0.04   0.72   2.89   2.10   2.84   2.22
201703   0.42   0.54   1.85   0.31   0.46   0.08
201704  -1.70   1.17  -0.55   0.21   0.65   1.23
201705  -2.68  -2.67  -1.92  -0.96   0.94   1.01
201706   3.08   3.90   5.12   0.96   1.17   2.54
201707   0.91   0.32   1.26   2.18   1.35   2.10
201708  -1.84  -0.65  -1.07  -1.52  -0.29   0.41
201709   8.58   6.28   6.01   4.30   2.82   2.51
201710  -1.07   0.90   0.05   0.94   1.33   2.28
201711   4.64   3.72   3.69   3.52   3.86   2.60
201712   4.76   1.24   3.96   2.51   1.05   0.98
201801   3.44   1.53   3.28   4.11   4.28   4.85
201802  -5.07  -3.60  -5.59  -5.41  -4.14  -2.83
201803   0.32   1.13   0.39  -0.40  -0.24  -0.84
201804   2.09   1.91   0.68   1.01  -0.21  -0.52
201805   4.13   3.96   4.36   1.59   1.80   2.78
201806   0.39   0.59  -0.11   0.79   0.63   0.89
201807  -0.73   1.34  -1.40   2.42   2.99   1.64
201808   2.39   2.39   3.55   0.41   2.25   5.55
201809   0.16  -1.85  -0.40  -0.15  -0.26  -0.08
201810  -9.55  -9.49 -13.15  -8.09  -7.96 -10.00
201811  -2.36   0.20  -2.75   1.21   3.05   2.08
201812 -12.85 -10.93 -12.23 -10.50  -9.88 -10.14
201901  15.38  10.71  15.13  10.64  10.27  12.52
201902   5.19   4.45   5.58   3.79   3.85   5.22
201903  -1.78  -3.30  -1.31  -0.08  -0.16   0.68
201904   1.07   2.90   1.18   3.68   4.22   4.00
201905  -7.55  -7.23  -7.79  -7.80  -7.25  -6.62
201906   4.73   5.95   5.27   8.03   7.65   7.24
201907  -1.84   0.54  -3.08   1.22   0.65   2.08
201908  -4.59  -5.52  -5.15  -3.32  -2.84  -3.68
201909   2.73   3.73  -0.44   2.68   2.98  -1.04
201910  -1.99   0.86  -0.84   0.18   1.10   0.94
201911   2.51   1.91   2.93   3.79   3.78   5.66
201912   6.99   4.83   5.73   3.04   2.78   1.80
202001  -0.49  -4.06  -1.32  -2.31  -1.70   1.35
202002  -8.67  -9.16  -7.47  -9.13  -9.08  -7.46
202003 -25.58 -24.79 -24.13 -19.29 -19.98 -18.02
202004  23.96  18.75  22.90  17.18  13.40  18.32
202005  10.14   4.59   9.52   5.12   5.36  10.07
202006   9.56   5.04   8.00   1.42   1.88   2.26



  Average Value Weighted Returns -- Annual
           Small                 Big
       Low    2      High   Low    2      High
1991  38.79  39.44  54.74  24.62  27.02  49.69
1992  22.80  19.70   9.27  10.27   7.96   7.27
1993  28.98  20.90  15.52  18.11  10.08   3.32
1994  -0.07   0.37  -7.88   1.81  -0.71   0.95
1995  35.60  26.03  30.08  36.76  36.46  34.21
1996  21.79  22.36  13.72  20.70  22.71  24.61
1997  27.15  30.16  13.25  29.21  35.39  29.00
1998  -0.05  -0.65  -6.87  17.46  29.89  28.98
1999  30.09  17.54  34.82   9.36  20.48  41.58
2000  12.13  12.97 -31.38  11.87   2.23 -36.36
2001   8.64  13.21  -5.88  -1.17 -11.31 -24.27
2002 -10.75  -7.73 -33.57 -15.25 -19.87 -30.52
2003  65.20  49.40  51.46  36.75  27.12  31.11
2004  18.31  23.18  21.24  10.54  12.14  13.51
2005   8.38   9.25   9.58   5.17   6.61  12.65
2006  19.24  20.46  13.93  19.94  13.89  11.82
2007  -1.35  -2.59   3.01   4.40   7.58  16.37
2008 -37.06 -34.36 -44.86 -34.12 -36.18 -44.65
2009  42.36  32.97  48.25  26.10  24.13  50.09
2010  34.83  32.44  29.14  18.89  18.02  12.40
2011  -7.77  -0.70 -11.37  -1.96   1.96  -1.57
2012  21.80  16.99  10.57  21.88  12.52  14.74
2013  40.66  35.65  32.98  31.61  31.61  33.36
2014   1.93   3.45   2.18  10.67  10.48  15.51
2015 -13.94  -7.56  -6.13  -1.67  -3.34   4.60
2016  28.95  27.58  14.48  14.10  16.01   3.65
2017  10.35  12.56  23.10  16.65  19.15  31.40
2018 -12.58 -12.46 -15.62  -8.94  -7.21  -0.96
2019  22.99  22.86  29.92  30.18  30.11  31.58



  Average Equal Weighted Returns -- Annual
           Small                 Big
       Low    2      High   Low    2      High
1991  53.91  43.63  63.44  32.05  32.55  46.41
1992  36.89  24.20  18.86  13.38  13.04  12.35
1993  41.41  25.93  15.44  22.58  14.60  11.91
1994   3.32   1.96  -8.30   1.56  -2.41  -0.33
1995  40.20  29.49  29.44  32.70  29.71  29.93
1996  29.20  27.06  17.01  24.40  22.12  13.32
1997  25.43  30.49   8.41  29.90  30.60  19.90
1998  -0.85  -3.99 -14.12   9.12   6.84   2.85
1999  56.64  16.79  27.41  13.55  14.60  37.75
2000  10.72   4.52 -35.46  15.25  15.80 -32.87
2001  31.62  31.32  19.03   8.54   2.81 -21.13
2002   7.91   3.47 -28.60  -6.59 -13.73 -38.49
2003 107.21  65.39  74.26  48.61  39.21  44.48
2004  24.92  27.09  21.58  17.78  17.30  20.62
2005   4.39   9.05  10.08   6.15  12.21  14.82
2006  21.79  20.58  14.80  18.24  13.85  10.86
2007  -6.33  -5.13  -3.90   1.58   8.27  13.32
2008 -48.21 -40.71 -52.55 -39.92 -40.82 -49.76
2009 106.54  54.53  85.78  52.31  46.17  67.49
2010  39.63  36.01  31.79  28.12  24.33  22.44
2011 -13.21  -4.49 -17.73  -2.98   1.90  -5.42
2012  24.32  16.47   9.10  21.82  14.29  13.67
2013  41.32  34.63  23.01  39.29  33.27  33.27
2014  -1.01   1.76   0.29   9.06   7.83   9.63
2015 -17.55  -5.56  -7.83  -5.22  -3.01  -7.25
2016  38.61  31.10  21.81  15.33  17.87   9.30
2017  21.02  17.11  26.84  18.22  20.51  23.56
2018 -17.62 -13.22 -22.56 -13.27  -8.48  -7.77
2019  20.65  20.07  16.36  27.55  29.20  31.17



  Number of Firms in Portfolios
              Small                 Big
          Low    2      High   Low    2      High
199007    757    598    655    286    380    287
199008    752    598    655    286    380    287
199009    752    598    655    285    379    286
199010    751    596    654    284    378    286
199011    751    595    653    284    378    286
199012    751    594    653    282    378    286
199101    751    594    652    282    378    286
199102    751    594    652    282    378    286
199103    751    595    651    282    378    285
199104    751    595    651    282    378    285
199105    749    593    650    282    378    285
199106    747    591    649    281    378    285
199107    927    571    652    282    376    282
199108    922    571    652    281    375    282
199109    921    571    651    281    375    282
199110    917    569    651    281    375    282
199111    912    569    651    281    375    282
199112    908    568    647    281    375    282
199201    908    568    646    280    375    282
199202    907    567    646    280    375    282
199203    907    566    645    280    375    282
199204    905    565    645    279    375    282
199205    903    564    645    278    375    282
199206    901    563    645    278    375    281
199207   1286    790    960    318    423    318
199208   1280    790    958    318    422    318
199209   1277    789    958    318    422    318
199210   1272    788    957    318    422    317
199211   1272    788    952    318    422    316
199212   1269    787    951    318    422    316
199301   1269    786    950    318    421    316
199302   1266    786    950    318    420    316
199303   1263    783    950    318    420    316
199304   1259    783    948    318    420    316
199305   1256    783    947    318    420    315
199306   1255    782    946    318    420    315
199307   1397    943   1281    373    498    374
199308   1391    939   1280    373    498    374
199309   1388    938   1280    373    497    374
199310   1386    935   1280    372    497    374
199311   1380    933   1279    371    496    374
199312   1374    932   1274    371    495    373
199401   1367    928   1272    367    495    373
199402   1361    923   1271    367    494    373
199403   1358    920   1266    365    494    373
199404   1354    916   1262    365    493    373
199405   1349    915   1260    364    493    373
199406   1344    912   1255    364    491    373
199407   1556   1094   1489    432    580    434
199408   1550   1088   1486    431    580    434
199409   1541   1084   1482    431    577    433
199410   1528   1080   1479    427    577    432
199411   1526   1077   1474    426    574    432
199412   1510   1075   1468    426    573    431
199501   1498   1071   1461    425    571    429
199502   1488   1068   1456    424    569    427
199503   1476   1062   1451    423    569    425
199504   1468   1057   1445    420    568    423
199505   1462   1051   1442    417    567    422
199506   1455   1047   1436    413    566    422
199507   1526   1331   1765    433    581    436
199508   1517   1325   1758    431    579    436
199509   1508   1321   1752    428    578    435
199510   1494   1317   1742    425    575    435
199511   1484   1310   1732    423    575    433
199512   1476   1302   1728    421    570    432
199601   1463   1292   1722    420    566    432
199602   1455   1282   1709    416    563    429
199603   1447   1276   1698    415    560    428
199604   1437   1267   1693    411    557    427
199605   1427   1263   1685    410    555    426
199606   1411   1257   1679    409    555    424
199607   1854   1596   1711    474    633    475
199608   1842   1588   1705    474    628    472
199609   1826   1581   1697    473    624    466
199610   1813   1573   1692    471    623    466
199611   1802   1567   1682    471    620    466
199612   1790   1560   1674    470    619    465
199701   1772   1543   1669    466    612    462
199702   1757   1536   1660    463    611    462
199703   1745   1525   1649    462    610    461
199704   1738   1512   1640    462    607    460
199705   1730   1502   1636    461    603    458
199706   1719   1491   1629    459    600    456
199707   1824   1681   2193    444    588    443
199708   1802   1670   2183    439    582    441
199709   1781   1654   2169    434    574    438
199710   1753   1645   2156    431    571    437
199711   1743   1622   2146    428    569    434
199712   1730   1608   2136    425    567    432
199801   1707   1583   2113    422    567    429
199802   1682   1568   2098    420    565    424
199803   1664   1548   2080    419    562    424
199804   1647   1534   2063    414    558    424
199805   1631   1520   2045    412    555    423
199806   1609   1509   2031    409    553    421
199807   2030   1866   2026    393    523    393
199808   2002   1848   2011    389    519    391
199809   1977   1837   1995    385    514    391
199810   1932   1819   1977    382    510    389
199811   1901   1797   1966    377    505    388
199812   1873   1788   1957    372    503    387
199901   1841   1760   1942    370    501    384
199902   1815   1741   1925    368    499    383
199903   1784   1724   1904    366    498    383
199904   1745   1704   1879    363    497    381
199905   1720   1694   1855    361    493    378
199906   1700   1676   1836    357    493    377
199907   2124   1925   1855    308    410    308
199908   2086   1898   1836    307    406    306
199909   2041   1879   1815    305    401    305
199910   2011   1862   1800    305    397    305
199911   1986   1839   1787    301    393    302
199912   1953   1814   1759    297    390    300
200001   1936   1799   1737    296    387    300
200002   1910   1785   1722    295    386    298
200003   1892   1753   1706    294    384    296
200004   1872   1735   1685    292    382    295
200005   1847   1718   1665    290    380    295
200006   1829   1696   1643    289    375    292
200007   2356   2139   1356    298    397    299
200008   2325   2113   1346    296    394    297
200009   2293   2093   1330    294    391    293
200010   2252   2070   1311    293    389    292
200011   2216   2045   1299    291    388    289
200012   2190   2014   1283    287    384    286
200101   2150   1997   1266    285    380    285
200102   2118   1967   1251    284    378    284
200103   2095   1943   1240    283    375    282
200104   2068   1924   1216    283    375    279
200105   2035   1907   1188    281    374    277
200106   2017   1884   1167    276    373    275
200107   2083   1755   1551    292    388    292
200108   2045   1739   1533    290    387    291
200109   2016   1720   1513    287    384    290
200110   1993   1712   1509    287    383    289
200111   1959   1694   1500    286    378    288
200112   1930   1680   1481    286    376    288
200201   1907   1670   1465    284    373    283
200202   1885   1664   1446    281    371    281
200203   1864   1652   1432    281    371    277
200204   1842   1638   1411    281    369    276
200205   1805   1626   1389    281    369    275
200206   1775   1612   1359    278    366    275
200207   2193   1391   1262    298    395    298
200208   2145   1375   1248    298    393    298
200209   2113   1369   1238    296    393    297
200210   2065   1361   1233    296    393    297
200211   2028   1353   1224    295    391    297
200212   1996   1346   1212    294    391    297
200301   1965   1337   1195    293    391    297
200302   1934   1327   1192    292    390    297
200303   1906   1317   1181    292    390    296
200304   1886   1308   1173    291    390    295
200305   1873   1300   1166    290    390    293
200306   1856   1292   1162    289    390    293
200307   2030   1205   1192    293    390    293
200308   2014   1200   1183    293    387    293
200309   1991   1193   1178    292    387    291
200310   1972   1190   1172    292    385    291
200311   1959   1183   1163    291    385    290
200312   1936   1181   1160    291    385    289
200401   1917   1173   1152    290    385    289
200402   1905   1170   1144    290    384    289
200403   1889   1164   1135    289    383    288
200404   1873   1159   1130    288    380    288
200405   1860   1150   1122    288    377    287
200406   1850   1140   1112    288    377    287
200407   1953    989   1291    333    443    333
200408   1935    978   1278    333    442    332
200409   1922    973   1272    329    442    332
200410   1911    970   1267    329    442    331
200411   1893    966   1264    328    439    331
200412   1810    945   1220    327    438    330
200501   1791    939   1214    325    438    330
200502   1782    932   1204    325    438    329
200503   1764    931   1200    324    438    329
200504   1757    926   1195    323    435    329
200505   1737    920   1185    322    434    328
200506   1720    910   1183    322    434    327
200507   1509   1102   1464    347    463    347
200508   1493   1095   1457    347    460    343
200509   1481   1090   1451    344    457    340
200510   1464   1080   1444    341    456    340
200511   1447   1074   1434    341    456    338
200512   1438   1067   1423    337    456    337
200601   1429   1063   1418    334    454    336
200602   1413   1054   1408    330    451    334
200603   1401   1046   1398    328    449    333
200604   1384   1037   1386    327    445    329
200605   1379   1030   1381    326    444    328
200606   1362   1024   1375    324    443    326
200607   1463   1301   1399    363    484    363
200608   1445   1296   1396    361    483    361
200609   1435   1285   1390    360    483    359
200610   1425   1279   1380    360    481    359
200611   1410   1267   1372    359    479    357
200612   1393   1257   1364    357    474    353
200701   1385   1251   1348    357    472    352
200702   1365   1239   1331    355    467    350
200703   1354   1231   1326    355    466    349
200704   1339   1221   1314    353    464    347
200705   1329   1209   1307    351    463    346
200706   1318   1199   1294    351    462    342
200707   1398   1192   1625    353    470    353
200708   1377   1186   1618    352    466    349
200709   1361   1174   1609    351    464    346
200710   1349   1160   1597    349    459    345
200711   1335   1148   1582    345    457    343
200712   1314   1138   1566    343    452    338
200801   1301   1135   1555    341    448    336
200802   1290   1125   1543    341    447    333
200803   1274   1117   1527    341    446    330
200804   1259   1105   1511    341    445    329
200805   1246   1093   1495    341    444    328
200806   1230   1085   1488    340    443    327
200807   1684   1157   1398    304    403    304
200808   1666   1152   1394    302    403    302
200809   1648   1142   1382    302    402    299
200810   1624   1136   1371    296    402    299
200811   1581   1126   1348    294    401    299
200812   1561   1121   1337    293    398    299
200901   1542   1113   1326    292    398    297
200902   1526   1106   1316    289    396    295
200903   1514   1103   1299    289    395    295
200904   1497   1098   1288    289    395    294
200905   1477   1091   1276    289    394    294
200906   1455   1084   1265    288    394    294
200907   1724   1155   1073    282    378    283
200908   1703   1146   1069    282    378    282
200909   1687   1138   1068    282    378    281
200910   1665   1137   1057    282    378    281
200911   1645   1128   1044    282    375    279
200912   1623   1118   1034    281    374    279
201001   1607   1106   1026    281    374    277
201002   1595   1098   1018    280    374    276
201003   1577   1093   1015    278    372    275
201004   1572   1085   1011    277    372    274
201005   1554   1082   1007    276    371    273
201006   1541   1078   1001    276    371    272
201007   1808    956    948    306    408    307
201008   1789    951    937    306    405    304
201009   1775    944    935    305    404    304
201010   1761    940    932    303    403    302
201011   1745    934    927    301    402    302
201012   1718    929    917    299    401    302
201101   1696    922    910    299    401    302
201102   1688    913    905    298    401    302
201103   1674    910    900    296    400    301
201104   1654    903    895    295    399    299
201105   1645    896    890    294    399    297
201106   1632    892    877    294    396    296
201107   1592    873   1136    312    418    314
201108   1580    868   1128    311    418    312
201109   1571    866   1125    311    418    311
201110   1562    865   1120    311    416    310
201111   1545    860   1110    310    415    310
201112   1526    854   1107    309    414    308
201201   1510    853   1103    307    413    307
201202   1477    845   1097    307    413    305
201203   1482    848   1088    306    412    304
201204   1474    847   1083    303    411    303
201205   1467    847   1076    301    411    303
201206   1441    845   1067    301    408    303
201207   1577    872   1177    289    385    289
201208   1562    867   1170    288    384    287
201209   1549    864   1164    287    382    286
201210   1529    861   1162    287    381    285
201211   1514    856   1154    286    381    284
201212   1495    850   1149    285    381    284
201301   1480    843   1144    285    379    283
201302   1474    837   1141    284    379    283
201303   1459    833   1137    282    379    283
201304   1444    825   1129    282    379    283
201305   1436    820   1121    282    379    282
201306   1421    815   1120    281    377    282
201307   1652    806   1052    291    387    291
201308   1634    803   1049    290    385    290
201309   1613    800   1049    290    385    290
201310   1600    795   1046    288    383    290
201311   1582    790   1038    287    383    289
201312   1564    785   1033    286    383    289
201401   1552    780   1028    284    383    289
201402   1541    774   1025    284    382    289
201403   1521    765   1016    283    382    289
201404   1509    765   1013    282    382    289
201405   1500    765   1007    282    382    288
201406   1486    763   1004    282    381    288
201407   1436    918   1174    305    404    305
201408   1426    916   1167    305    404    305
201409   1415    910   1164    303    404    304
201410   1409    905   1162    303    403    303
201411   1396    901   1155    302    402    303
201412   1389    900   1149    302    402    301
201501   1377    895   1147    301    400    299
201502   1357    890   1146    299    400    296
201503   1344    885   1138    299    399    295
201504   1334    882   1132    297    399    294
201505   1328    880   1127    297    398    293
201506   1316    874   1120    296    398    291
201507   1306    946   1363    293    393    294
201508   1290    943   1353    290    391    292
201509   1277    939   1351    289    389    291
201510   1260    931   1350    289    388    291
201511   1246    928   1341    288    386    291
201512   1227    924   1334    288    385    291
201601   1213    915   1330    287    383    291
201602   1195    904   1325    287    380    290
201603   1187    896   1318    287    378    289
201604   1177    894   1310    285    377    286
201605   1165    890   1300    282    375    286
201606   1146    887   1287    280    373    286
201607   1392    956   1254    262    347    261
201608   1377    950   1246    262    346    261
201609   1365    944   1237    262    345    261
201610   1344    937   1228    258    342    260
201611   1330    933   1224    258    340    260
201612   1319    921   1213    258    340    259
201701   1317    918   1204    258    339    256
201702   1311    912   1195    257    338    256
201703   1297    905   1187    256    338    256
201704   1292    898   1177    255    338    253
201705   1283    896   1167    254    338    252
201706   1270    890   1161    254    337    252
201707   1488    891   1222    267    355    267
201708   1477    889   1216    264    355    267
201709   1460    883   1214    263    355    265
201710   1444    877   1208    262    353    264
201711   1431    871   1198    259    351    264
201712   1420    866   1187    259    350    262
201801   1411    862   1181    259    350    261
201802   1400    857   1174    258    349    261
201803   1387    851   1168    258    349    261
201804   1373    846   1161    255    349    260
201805   1362    841   1155    255    349    258
201806   1346    837   1148    255    349    257
201807   1526    831   1256    274    364    274
201808   1515    826   1253    272    362    272
201809   1508    823   1247    272    362    272
201810   1499    821   1242    272    361    270
201811   1485    817   1238    270    360    270
201812   1468    813   1233    269    358    269
201901   1449    811   1225    269    357    269
201902   1439    807   1217    268    356    269
201903   1425    804   1213    268    354    267
201904   1414    800   1207    268    353    267
201905   1401    797   1204    265    353    267
201906   1392    795   1202    265    353    266
201907   1328    910   1539    245    327    245
201908   1316    903   1533    244    327    241
201909   1309    899   1524    243    327    241
201910   1293    893   1519    243    327    240
201911   1272    886   1506    242    327    239
201912   1262    881   1502    242    327    238
202001   1255    875   1490    241    325    238
202002   1237    869   1480    241    325    237
202003   1227    867   1472    241    324    237
202004   1217    860   1463    241    322    237
202005   1207    854   1453    241    320    235
202006   1199    848   1443    239    320    235



  Average Firm Size
                       Small                                Big
              Low         2           High        Low         2           High
199007       93.53      127.16      128.43     2921.22     3618.82     2366.57
199008       90.90      123.25      122.89     2938.46     3589.36     2305.57
199009       81.20      110.00      106.07     2732.38     3243.01     2074.54
199010       74.72      101.67       95.47     2652.96     3079.66     1891.17
199011       70.08       96.42       89.89     2615.64     3082.42     1832.61
199012       72.67      101.91       97.63     2749.91     3254.23     2003.16
199101       74.82      105.66      102.92     2790.60     3338.66     2096.14
199102       79.64      112.15      111.68     2826.99     3483.98     2278.46
199103       89.56      122.68      125.02     3012.05     3715.77     2462.24
199104       94.45      128.25      134.05     3060.42     3799.44     2544.26
199105       94.35      129.26      134.44     3073.59     3796.91     2549.80
199106       98.39      133.64      140.81     3125.94     3959.49     2689.28
199107       91.02      140.01      134.70     2231.47     3941.00     3237.06
199108       94.19      143.22      140.56     2319.82     4108.13     3415.11
199109       96.72      147.28      145.81     2370.67     4162.96     3536.77
199110       96.36      147.11      147.10     2348.65     4102.12     3451.14
199111       98.13      150.66      152.96     2392.01     4154.79     3510.18
199112       93.63      145.12      145.70     2289.38     3947.51     3420.26
199201       99.07      154.15      158.59     2484.93     4289.31     3925.01
199202      108.84      164.60      169.16     2484.96     4213.67     3855.84
199203      113.16      169.22      171.69     2522.03     4246.72     3878.45
199204      111.49      165.97      163.18     2463.71     4156.90     3753.71
199205      109.49      163.26      154.69     2529.20     4276.76     3750.15
199206      111.44      162.91      153.86     2535.12     4284.94     3769.08
199207       77.58      122.60      121.91     3040.19     4010.70     2698.13
199208       80.12      125.63      125.46     3140.91     4184.16     2811.18
199209       77.63      123.23      121.92     3054.94     4096.39     2744.34
199210       78.50      123.69      123.72     3074.26     4109.49     2796.48
199211       80.30      126.18      127.52     3086.21     4103.17     2892.16
199212       84.44      133.44      138.03     3152.61     4211.32     3033.10
199301       88.15      137.85      141.56     3215.09     4271.93     3070.39
199302       92.52      142.81      144.98     3298.92     4261.60     3075.00
199303       92.91      142.50      140.13     3391.86     4315.19     3001.14
199304       97.27      146.60      143.08     3507.29     4394.57     3049.76
199305       95.08      143.03      138.62     3466.40     4289.03     2926.05
199306       99.52      147.06      145.90     3525.64     4380.77     3046.18
199307       86.81      115.41      127.77     3420.83     3418.05     3173.54
199308       88.62      117.14      127.54     3409.80     3428.95     3121.15
199309       92.39      121.78      133.29     3526.12     3554.76     3232.67
199310       94.33      123.61      136.87     3547.01     3495.53     3227.46
199311       98.52      127.17      141.61     3623.21     3542.95     3282.05
199312       95.33      123.66      137.01     3521.23     3479.31     3259.30
199401       97.68      127.71      140.42     3587.16     3545.36     3306.70
199402      102.17      130.63      144.44     3716.15     3648.32     3402.32
199403      101.00      129.95      143.70     3589.63     3522.62     3351.39
199404       96.52      124.64      134.63     3443.16     3362.23     3184.73
199405       97.02      125.40      133.58     3492.46     3408.02     3175.45
199406       96.22      124.72      131.36     3519.00     3441.20     3216.55
199407       81.78      110.49      110.89     3417.17     2865.77     2600.41
199408       82.94      111.87      112.60     3530.66     2945.85     2685.90
199409       86.83      115.75      119.08     3654.00     3052.09     2843.30
199410       87.95      115.86      119.76     3587.07     2987.67     2759.90
199411       87.58      115.72      119.73     3645.62     3027.35     2824.35
199412       83.71      111.29      114.55     3478.13     2927.41     2696.38
199501       84.62      113.36      114.82     3529.64     2966.19     2735.15
199502       84.70      112.96      114.28     3588.75     3044.72     2786.23
199503       87.18      116.82      118.07     3729.97     3142.10     2927.52
199504       89.03      117.81      122.05     3871.21     3202.23     2999.47
199505       92.45      120.10      124.42     4004.70     3281.31     3059.16
199506       94.53      122.34      126.51     4159.86     3397.61     3164.75
199507       98.11      126.86      120.40     3969.13     4031.11     2735.90
199508      103.82      132.61      129.43     4080.42     4166.14     2899.31
199509      108.58      135.76      130.97     4119.00     4200.73     2906.62
199510      111.82      138.48      133.46     4287.72     4393.54     2982.02
199511      105.54      132.58      125.28     4254.42     4356.78     2964.64
199512      109.42      138.07      129.93     4451.52     4574.53     3026.27
199601      113.13      139.69      130.90     4542.38     4669.87     2991.08
199602      115.57      140.04      130.14     4718.86     4830.99     3060.25
199603      117.66      144.23      135.62     4755.68     4874.28     3139.68
199604      119.10      147.64      139.17     4823.62     4902.53     3173.11
199605      127.12      155.02      150.76     4884.82     4963.36     3295.92
199606      135.64      161.61      159.16     4954.19     5024.04     3413.16
199607      114.61      140.68      149.94     5045.02     4558.26     3002.75
199608      106.91      131.27      131.88     4788.63     4376.76     2804.49
199609      111.83      137.94      141.08     4860.99     4555.03     2929.91
199610      114.92      142.53      146.41     5055.81     4799.76     3169.26
199611      115.43      143.74      141.57     5172.46     4919.83     3165.58
199612      119.20      148.97      145.00     5513.63     5255.13     3433.54
199701      122.11      151.51      146.40     5531.27     5114.34     3361.22
199702      127.82      156.15      152.31     5787.83     5394.84     3608.67
199703      127.41      154.41      143.55     5800.78     5510.12     3475.53
199704      122.14      148.78      132.79     5592.91     5258.63     3289.49
199705      120.39      148.10      128.48     5722.84     5586.89     3514.22
199706      132.03      161.98      146.91     6066.28     5926.92     3837.83
199707      128.67      176.54      171.26     6117.49     6730.58     4311.75
199708      135.85      186.02      180.78     6563.13     7234.85     4834.94
199709      138.68      191.70      185.83     6320.27     6846.72     4721.30
199710      148.22      207.18      203.37     6684.43     7263.23     4978.97
199711      143.76      200.19      192.31     6458.53     7090.46     4773.74
199712      142.82      197.69      182.37     6771.81     7385.30     4845.85
199801      141.94      198.14      182.28     7019.48     7558.63     4806.49
199802      141.58      195.64      179.78     6989.35     7600.53     4958.07
199803      150.86      209.97      194.96     7393.45     8179.67     5425.80
199804      158.27      216.95      205.21     7730.95     8752.02     5647.27
199805      161.67      221.21      206.87     7728.42     8918.50     5776.94
199806      156.21      212.51      192.93     7620.67     8801.81     5530.80
199807      154.90      221.26      221.67     9365.28     9723.74     5991.53
199808      145.50      205.54      203.26     9166.42     9669.27     5832.61
199809      119.16      168.54      152.24     8061.06     8189.70     4703.31
199810      125.75      178.00      164.69     8523.92     8637.48     5098.95
199811      129.19      185.57      172.19     9206.60     9338.13     5432.24
199812      138.24      196.42      183.92     9721.97     9853.74     5821.15
199901      143.44      203.61      196.15     9911.44    10567.69     6370.83
199902      147.04      202.02      205.94    10004.10    10949.41     6968.02
199903      140.25      189.49      186.56     9793.99    10664.46     6488.46
199904      140.34      188.09      193.18    10142.86    10924.75     6953.26
199905      152.51      203.36      215.21    10740.29    11443.75     7189.52
199906      156.15      209.20      213.18    10632.02    11205.98     6983.91
199907      178.08      273.86      273.54     9983.75    15452.77    12131.62
199908      178.53      269.52      265.27     9679.79    15106.86    11702.47
199909      176.11      262.53      255.98     9489.67    15239.01    11643.51
199910      175.53      261.04      258.43     9148.18    14813.19    11521.66
199911      175.47      256.92      259.74     9700.59    15855.87    12337.16
199912      184.77      265.69      281.37     9591.02    16213.17    13140.62
200001      204.44      284.94      320.64     9882.85    17044.57    14993.64
200002      208.60      275.85      314.86     9743.69    16398.27    14065.98
200003      249.07      305.56      382.79     9475.47    16253.62    14763.52
200004      227.39      297.80      359.52    10455.66    17629.38    16144.42
200005      211.50      293.42      311.57    10358.52    17509.72    14489.98
200006      199.51      284.23      292.42    10090.93    17462.21    13562.01
200007      230.70      290.74      355.96    10674.40    17713.50    16592.03
200008      228.40      289.15      332.80    10662.76    17649.51    16089.60
200009      248.16      307.80      352.39    11317.83    19022.95    17765.70
200010      244.36      304.61      322.48    11221.91    18702.67    15651.94
200011      236.79      295.46      283.34    11339.06    18555.42    14810.85
200012      220.15      276.96      229.23    11030.79    17319.77    11986.19
200101      238.14      303.99      239.47    11571.94    18023.20    11132.47
200102      247.87      316.22      276.91    11621.11    18236.28    12159.37
200103      240.28      302.57      240.10    11289.56    16758.77     9795.09
200104      234.01      291.46      216.38    10908.65    15613.29     8640.72
200105      252.53      310.94      245.39    11615.46    16681.05     9933.18
200106      264.50      324.45      261.38    12021.50    16847.22     9778.37
200107      206.48      296.04      294.99    11534.71    14485.27    13317.04
200108      201.77      292.83      261.93    11467.22    14523.61    12760.02
200109      202.02      283.73      239.16    11087.09    13855.80    11363.77
200110      175.47      250.89      195.11    10352.70    12887.99     9905.62
200111      184.52      263.78      220.62    10483.16    12935.58    10559.35
200112      197.88      283.42      244.04    11067.61    13980.86    11625.84
200201      211.22      301.77      261.83    11390.00    14299.34    11681.24
200202      216.06      302.18      251.53    11385.44    14138.63    11460.15
200203      217.48      302.03      232.03    11439.65    13952.21    10876.68
200204      237.27      324.82      254.48    11922.71    14482.70    11403.53
200205      247.25      338.16      244.39    11522.08    13762.40    10303.17
200206      246.75      332.58      231.94    11649.37    13774.22     9950.22
200207      178.58      288.22      298.60     9450.66    12697.10     9539.21
200208      153.86      255.37      256.20     8542.74    11947.11     8717.24
200209      155.39      256.35      257.86     8562.20    12040.61     8800.86
200210      144.53      241.35      239.67     7577.60    10799.08     7967.83
200211      152.32      248.32      249.14     8208.52    11704.03     8594.55
200212      170.72      263.96      272.71     8963.07    12297.59     8875.40
200301      162.64      255.53      261.92     8330.56    11652.29     8453.45
200302      161.49      253.76      256.19     8184.37    11315.93     8257.22
200303      157.70      246.63      252.30     8005.97    11087.56     8224.02
200304      160.12      250.89      252.79     7983.37    11218.87     8326.20
200305      177.25      275.45      277.21     8455.93    12089.95     9045.91
200306      199.91      300.76      310.17     9197.98    12549.62     9659.14
200307      209.08      316.39      307.45     8560.12    12577.36    11334.81
200308      225.50      332.61      325.13     8716.01    12859.87    11506.64
200309      241.11      345.78      342.15     9100.55    13104.67    11660.89
200310      243.11      342.67      335.83     8845.92    13081.85    11580.81
200311      267.66      372.09      364.50     9565.38    13758.35    12145.85
200312      280.42      386.41      375.94     9725.75    13936.89    12213.28
200401      292.01      395.43      384.21    10196.90    14546.77    12790.65
200402      312.82      407.18      395.16    10391.93    14775.62    13097.33
200403      313.88      416.59      402.88    10471.69    15110.89    13283.07
200404      316.37      421.31      409.14    10117.08    15047.37    13072.93
200405      299.63      408.87      392.13     9845.82    14721.40    13004.73
200406      304.51      411.32      399.47    10025.62    14839.67    13154.61
200407      274.35      401.09      377.63     9008.25    15065.56    10001.46
200408      255.69      382.70      352.23     8605.04    14657.54     9620.64
200409      252.53      382.54      348.81     8602.08    14717.29     9625.11
200410      265.36      402.14      372.89     8745.11    14892.46     9911.34
200411      270.35      409.76      380.92     9004.92    15070.63     9990.65
200412      302.21      452.48      427.01     9391.62    15670.27    10349.18
200501      315.29      465.75      439.04     9689.76    16218.19    10690.66
200502      302.15      450.90      427.63     9336.60    15969.48    10332.57
200503      310.83      460.61      437.69     9506.78    16423.84    10448.22
200504      303.07      450.20      422.81     9462.23    16185.78    10251.89
200505      283.93      420.47      398.13     9232.35    15794.01    10092.76
200506      302.57      444.36      419.41     9556.25    16211.49    10583.82
200507      309.99      427.09      405.45    10014.72    15161.12    10346.75
200508      330.17      452.91      434.74    10363.21    15777.02    10930.95
200509      330.08      450.15      431.43    10278.03    15701.08    10902.54
200510      336.75      455.60      440.53    10383.26    15678.89    11211.25
200511      324.41      443.97      419.57    10106.39    15320.34    11091.77
200512      340.85      465.79      443.06    10541.38    15853.96    11614.18
200601      343.26      462.36      443.80    10586.68    15882.38    11755.37
200602      375.46      500.41      488.89    10925.27    16388.59    12240.88
200603      380.02      499.25      480.36    11021.68    16388.00    12132.23
200604      393.04      524.64      503.55    11163.63    16686.45    12317.06
200605      395.32      534.22      514.01    11325.34    16870.63    12546.81
200606      374.02      513.35      482.93    11054.08    16526.27    11976.24
200607      327.57      438.42      433.51    13838.95    14393.05     8880.80
200608      319.06      426.90      416.84    13846.75    14450.50     8859.29
200609      330.73      441.54      427.14    14357.12    14714.45     8963.88
200610      332.52      444.09      422.81    14752.83    14930.23     9084.54
200611      354.43      464.06      447.15    15265.68    15416.91     9520.10
200612      363.53      473.23      455.04    15441.74    15760.00     9879.22
200701      367.22      479.03      453.39    15781.82    15930.15     9809.21
200702      377.03      482.75      456.75    15879.04    16237.37    10065.28
200703      376.63      480.80      456.78    15478.71    16025.02     9969.65
200704      381.67      489.08      464.45    15612.23    16185.55    10184.54
200705      395.10      496.71      480.15    16457.04    16878.96    10504.96
200706      407.10      515.06      501.42    17040.93    17474.16    11157.54
200707      367.03      512.09      497.13    14781.63    15840.03    14429.18
200708      344.20      480.70      472.54    14280.20    15448.87    14257.79
200709      341.54      484.64      467.71    14458.98    15603.44    14566.05
200710      345.69      488.10      487.54    14789.39    16322.69    15495.60
200711      354.20      496.63      506.86    15274.26    16712.80    15903.66
200712      327.37      457.14      457.60    14491.47    16113.65    15113.00
200801      327.57      454.09      460.28    14343.42    16055.51    15241.09
200802      303.62      431.07      417.78    13516.85    15239.26    14102.22
200803      295.41      421.00      413.90    13077.64    14932.11    13955.70
200804      296.26      422.44      403.16    12894.62    14798.49    13775.14
200805      304.23      433.74      421.02    13327.01    15560.00    14693.45
200806      320.64      448.80      446.12    13735.06    15710.47    15236.51
200807      306.49      442.46      434.00    12888.63    17915.17    12925.93
200808      316.17      453.54      427.63    12832.92    17673.53    12481.27
200809      329.01      471.74      437.11    13080.51    17817.85    12439.41
200810      303.51      432.81      377.64    12085.00    16355.18    10666.35
200811      240.83      343.65      283.22    10112.34    13402.15     8545.39
200812      212.28      303.50      244.73     9514.13    12374.66     7708.10
200901      223.51      316.82      261.52     9625.50    12425.79     7833.79
200902      200.99      284.37      242.28     8928.83    11366.70     7485.23
200903      176.39      253.22      216.79     7997.18    10125.30     6935.51
200904      194.11      276.94      238.86     8521.13    10987.17     7339.67
200905      229.44      323.43      279.63     9252.01    11977.17     8228.86
200906      243.33      336.35      302.89     9772.49    12674.41     8998.12
200907      245.89      324.58      335.92    11267.95    11433.61    10911.58
200908      278.17      354.97      368.41    12154.51    12361.11    11737.59
200909      296.32      365.68      376.44    12606.04    12604.82    12034.01
200910      320.23      390.38      406.77    12978.37    13095.31    12684.08
200911      296.37      371.04      382.99    12708.20    12617.54    12461.69
200912      309.42      384.86      402.00    13250.61    13407.89    13187.15
201001      338.84      413.12      434.41    13427.20    13696.87    13700.74
201002      330.95      403.11      419.71    13030.24    13288.80    12972.48
201003      351.53      423.44      440.57    13456.30    13723.42    13468.22
201004      383.80      457.08      469.16    14260.30    14460.22    14427.58
201005      411.63      485.91      488.99    14509.31    14674.85    14663.58
201006      374.25      451.62      450.48    13442.31    13557.42    13321.85
201007      295.15      421.74      434.49    10217.94    13093.16    12333.01
201008      318.98      452.88      458.96    11001.51    14075.24    13144.38
201009      295.57      424.54      432.24    10261.29    13472.92    12820.55
201010      336.82      473.06      487.82    11198.14    14650.00    14125.53
201011      354.04      492.43      508.81    11644.73    15268.34    14595.02
201012      372.86      514.27      527.86    11799.50    15342.51    14546.30
201101      408.82      553.21      569.79    12814.87    16249.81    15342.54
201102      414.30      550.37      569.33    13167.21    16620.70    15567.36
201103      439.56      583.75      604.04    13673.28    17244.24    16209.49
201104      454.54      601.39      610.09    13711.36    17296.76    16285.15
201105      464.16      620.94      624.37    14016.73    17934.20    16487.88
201106      451.46      607.10      608.16    13687.72    17789.13    16339.15
201107      363.48      618.85      555.86    14433.10    15702.98    15625.94
201108      351.50      597.68      539.31    13907.21    15265.06    15638.29
201109      316.89      551.79      490.62    13096.99    14360.53    14757.50
201110      278.05      488.48      424.62    12016.68    13131.90    13632.63
201111      319.90      560.72      486.35    13318.77    14676.50    15136.26
201112      319.70      559.10      474.11    13282.67    14622.33    15063.40
201201      323.56      561.59      467.42    13609.63    14719.89    14822.96
201202      351.97      599.63      506.39    14096.86    15488.39    15738.53
201203      361.43      613.35      519.57    14742.75    16044.01    16600.55
201204      370.37      624.41      520.67    15177.32    16380.03    17047.94
201205      365.92      615.81      506.60    15188.67    16223.47    16968.18
201206      344.15      573.29      463.54    14447.39    15022.21    15643.08
201207      388.64      579.28      501.00    14401.66    18766.07    14385.84
201208      384.81      577.60      495.99    14607.54    19013.11    14523.87
201209      401.89      591.73      517.57    14950.36    19397.28    15163.81
201210      418.83      614.37      536.66    15494.75    19871.61    15506.87
201211      411.95      608.95      521.60    15403.01    19664.89    14946.51
201212      420.49      614.56      517.52    15532.64    19623.45    15107.39
201301      433.08      628.28      532.59    15714.25    19859.73    15194.93
201302      461.72      665.05      559.04    16771.20    20918.51    15706.32
201303      463.58      665.65      552.54    16973.58    21171.71    15677.12
201304      489.31      696.90      572.69    17719.34    21968.47    15973.52
201305      490.98      688.65      562.09    17935.60    22287.58    16252.03
201306      514.85      713.54      584.78    18313.06    22782.88    16728.08
201307      443.78      718.73      647.97    19428.86    20985.68    15154.88
201308      483.27      767.05      690.32    20433.72    22040.74    16265.37
201309      470.84      744.76      683.46    19778.99    21277.71    16112.04
201310      496.92      786.37      725.08    20421.96    22077.76    16856.25
201311      511.86      810.24      738.85    21327.66    22955.54    17571.41
201312      534.65      840.28      762.07    21845.47    23561.22    18002.93
201401      546.55      860.71      773.93    22486.90    24031.66    18640.63
201402      532.33      825.55      758.15    21473.52    23209.47    18182.58
201403      561.88      863.41      801.87    22457.46    24146.05    19131.91
201404      560.24      871.86      789.92    22688.04    24589.91    18773.54
201405      543.62      853.68      766.61    22971.65    24671.92    18754.35
201406      544.69      861.37      767.87    23204.73    25132.51    19405.73
201407      516.67      861.85      789.95    19534.36    25904.14    19258.23
201408      492.70      814.43      731.84    19039.83    25350.15    19220.79
201409      516.69      851.06      764.97    19831.08    26204.97    20186.48
201410      481.69      802.60      719.24    19372.44    25597.40    19913.09
201411      499.97      840.28      747.61    19863.52    26006.24    20273.60
201412      500.66      841.85      746.32    20375.72    26423.49    20958.64
201501      504.46      857.29      758.63    20506.58    26436.55    20656.14
201502      474.18      819.09      723.28    19679.02    25343.34    20382.59
201503      504.35      864.80      781.82    20776.80    26691.28    21930.36
201504      506.94      872.83      789.61    20463.88    26273.89    21472.01
201505      501.79      865.25      784.51    20674.10    26578.49    21897.81
201506      505.95      875.83      800.82    20970.44    26650.27    22167.12
201507      507.47      846.56      773.67    28160.59    23122.88    18717.55
201508      477.33      822.72      754.36    28447.71    23565.69    19100.06
201509      455.48      781.08      704.41    26720.46    22177.24    17960.04
201510      422.42      755.88      655.94    25860.21    21599.87    17248.59
201511      449.69      797.54      687.38    28012.41    23023.81    18836.02
201512      463.78      814.36      710.60    28006.50    22969.53    18961.21
201601      438.19      775.44      668.47    27371.83    22537.96    18424.47
201602      403.75      723.00      595.38    26062.86    21434.68    17046.28
201603      416.15      742.59      593.45    26194.79    21555.64    16747.61
201604      460.54      792.74      642.36    27971.57    23026.77    18132.02
201605      488.88      813.32      664.23    28634.11    23407.49    17836.46
201606      491.33      821.47      675.89    28674.99    23635.05    18455.35
201607      554.47      836.83      674.54    25869.45    23741.42    25691.94
201608      590.07      874.59      717.65    26500.76    24570.01    27026.84
201609      600.95      880.58      732.15    26403.49    24751.01    27019.07
201610      618.05      891.77      741.25    26535.18    24635.17    27348.52
201611      588.13      860.60      699.02    26034.47    24417.07    26704.73
201612      659.30      952.70      748.28    27165.46    25664.97    27170.14
201701      669.27      979.40      758.06    27635.09    26208.63    27653.20
201702      678.36      982.26      771.98    27857.28    26712.59    28782.01
201703      673.49      998.77      789.36    28679.62    27626.60    29772.40
201704      673.66      990.07      799.71    28747.42    27453.83    30326.74
201705      665.81      999.54      807.46    28867.52    27609.08    30971.91
201706      651.27      975.16      800.23    28877.49    27902.31    31687.13
201707      592.60      938.44      863.51    26250.71    26540.31    32512.01
201708      605.84      946.80      872.09    26663.12    26791.53    33539.12
201709      598.48      933.50      867.10    26006.10    26703.00    34081.79
201710      636.39      983.80      915.50    26879.47    27546.27    34456.92
201711      632.12      998.07      926.71    27117.24    27887.04    36229.55
201712      646.62     1025.84      954.25    27976.76    28887.28    37158.77
201801      660.59     1024.71      967.34    28553.06    29236.68    37388.06
201802      686.10     1041.83      998.45    29794.03    30652.73    40162.89
201803      654.83      989.35      960.23    27862.84    29326.83    39424.57
201804      649.40      996.80      972.02    27693.47    28590.39    38283.41
201805      662.98     1014.13      977.00    27860.78    28461.55    38846.47
201806      700.05     1060.86     1028.51    28118.30    28664.73    40695.06
201807      672.47     1198.54      839.87    29175.81    27522.87    36059.83
201808      679.69     1226.35      844.70    30477.31    28533.88    37361.80
201809      699.18     1261.14      882.62    30621.11    29100.72    39636.23
201810      692.33     1231.15      865.19    30734.66    29272.78    39857.05
201811      617.71     1109.25      755.79    28983.07    27354.25    36178.80
201812      617.14     1126.03      749.17    29363.72    28285.92    36308.31
201901      543.95      998.33      667.12    26551.82    25581.19    33039.27
201902      603.11     1102.29      746.99    28682.93    27630.48    36204.32
201903      632.08     1141.77      801.16    29524.81    28749.60    37526.68
201904      619.47     1095.09      789.96    29578.83    28785.32    38581.42
201905      637.44     1137.15      813.44    30755.55    29903.04    40539.51
201906      588.94     1050.13      750.29    28952.08    27934.81    37606.39
201907      677.30     1146.34      825.43    39012.92    34960.44    33364.77
201908      681.81     1161.77      821.85    39472.51    35271.65    34208.00
201909      638.47     1106.17      782.01    38508.38    34716.33    33342.44
201910      661.33     1139.13      786.16    39521.41    35534.45    33048.24
201911      675.20     1163.27      806.75    40271.67    36133.78    34025.03
201912      702.26     1197.35      851.29    41604.52    37428.36    35314.91
202001      739.28     1232.64      882.35    43291.58    38385.08    36029.25
202002      703.51     1179.32      858.03    42679.19    38390.33    36851.28
202003      638.17     1064.58      793.18    38610.54    35215.91    34476.70
202004      481.08      815.57      609.99    33677.12    30070.89    30549.55
202005      576.84      925.86      718.09    38097.93    33408.40    35536.52
202006      616.46      970.56      785.20    39599.40    35078.19    37847.52
