This file was created using the 202006 Bloomberg database. It contains
value- and equal-weighted returns for the intersections of 2 ME portfolios
and 3 OP portfolios in North_America.

The portfolios are constructed at the end of June.  ME is market cap at the end
of June. OP for June of year t is annual revenues minus cost of goods sold, interest expense,
and selling, general, and administrative expenses divided by book equity for the last fiscal year end in t-1.
Firms with negative BE are not included in any portfolio.

The annual returns are from January to December.

The break points include utilities and include financials.

The portfolios include utilities and include financials.

Missing data are indicated by -99.99.



  Average Value Weighted Returns -- Monthly
               Small                 Big
          Low     2    High    Low     2    High
199007  -3.48  -3.81  -3.28  -0.61  -0.49  -0.47
199008 -10.93 -11.85 -13.51  -8.77  -8.62  -8.90
199009  -8.59  -8.42  -9.30  -7.61  -5.15  -4.03
199010  -7.33  -4.69  -4.47  -3.77  -2.09   1.81
199011   5.68   8.13   7.97   8.07   6.59   5.68
199012   3.47   5.29   5.38   2.71   2.73   3.15
199101   6.71   8.08   9.99   4.84   5.66   3.93
199102  13.27  10.88  10.74   8.43   6.76   7.56
199103   6.44   6.62   5.07   2.03   1.08   3.37
199104   0.92  -0.74   1.50   0.88   0.39   0.10
199105   4.44   4.59   5.33   4.78   5.12   3.63
199106  -4.36  -3.01  -3.12  -5.40  -4.80  -3.68
199107   3.42   2.53   5.19   3.56   3.65   5.81
199108   3.44   3.43   3.90   1.62   1.98   3.41
199109   0.19   0.30   0.34  -1.55  -1.08  -1.87
199110   4.06   1.99   2.50   2.74   1.39   1.59
199111  -5.51  -3.76  -4.46  -5.22  -4.43  -2.43
199112   6.27   6.96   9.78   9.29   9.10  12.79
199201   9.71   5.94   7.89  -0.41  -0.07  -2.50
199202   3.61   1.74   4.11   2.67   1.89  -0.16
199203  -2.70  -2.55  -4.65  -2.59  -2.24  -2.16
199204  -3.67  -2.01  -3.83   1.21   2.76   1.95
199205   1.34   0.71  -1.46   1.24   0.56   0.52
199206  -3.75  -4.06  -3.68  -0.53  -1.22  -2.54
199207   3.00   3.00   3.42   2.40   4.02   4.97
199208  -3.93  -1.87  -1.02  -4.55  -2.01  -0.74
199209   0.42   1.86   2.84   0.56   0.82   1.01
199210   2.18   2.73   5.09   0.03   0.80   1.53
199211   6.60   7.09   8.13   4.46   2.86   3.34
199212   3.50   3.17   3.06   1.85   2.08   1.04
199301   3.72   3.92   2.88   3.00   1.25  -0.94
199302  -1.14  -1.02  -3.57   1.73   2.20  -0.57
199303   3.40   3.52   3.48   4.19   2.91   1.11
199304  -1.54  -2.96  -3.13  -0.31  -1.08  -4.59
199305   4.92   4.30   4.42   2.30   2.41   3.46
199306   1.47   0.29   1.90   1.61   0.63  -0.71
199307   0.97   0.79   0.57   1.32  -0.07  -1.43
199308   4.49   4.11   5.22   4.47   3.36   3.74
199309   2.15   1.92   3.28  -0.37   0.19  -1.13
199310   3.80   2.36   3.95   1.15   0.22   3.32
199311  -3.07  -2.67  -2.18  -1.31  -2.12  -0.54
199312   2.23   3.55   3.53   2.29   2.62   0.83
199401   4.24   2.00   2.95   4.92   2.92   2.73
199402  -1.70   0.22  -0.03  -3.38  -1.97  -2.50
199403  -5.18  -4.32  -5.83  -4.08  -4.00  -4.73
199404  -0.10   0.24   0.01   1.02   0.42   1.54
199405  -0.42  -0.85  -1.51   2.19   1.00   0.95
199406  -3.44  -2.86  -3.76  -3.55  -2.89  -2.42
199407   1.17   1.92   2.00   4.29   3.30   2.86
199408   4.04   5.21   5.86   4.90   3.69   4.87
199409   0.49   1.03   0.90  -1.64  -2.39  -1.83
199410  -0.96   0.42   0.80   1.17   2.12   1.94
199411  -4.16  -3.17  -4.12  -4.41  -4.30  -2.78
199412   0.09   1.90   1.45   1.58   1.27   1.42
199501   0.26  -0.91   0.94   1.06   1.78   2.59
199502   3.38   3.59   3.90   3.59   4.84   3.66
199503   2.68   2.17   1.90   3.25   2.57   2.89
199504   3.21   2.39   1.45   2.73   1.70   3.31
199505   2.40   1.62   1.76   2.94   4.06   3.63
199506   5.80   5.65   5.69   2.64   1.42   3.57
199507   5.34   5.92   7.40   4.64   3.60   3.72
199508   3.29   2.13   1.47   2.45   0.02   0.61
199509   3.01   1.18   2.32   2.51   3.40   4.72
199510  -5.42  -4.71  -4.14  -1.75  -1.81   0.75
199511   4.53   3.27   3.28   5.65   4.77   3.63
199512   2.04   1.71   1.30   1.46   1.46   1.49
199601   1.81  -1.56   0.42   2.35   2.21   3.93
199602   3.09   3.32   4.19   1.97   1.93   1.05
199603   1.73   2.85   4.04   1.28   1.95   0.53
199604   6.85   6.28   7.83   1.85   2.09   1.84
199605   6.01   4.62   5.04   1.37   1.86   3.11
199606  -5.68  -3.10  -3.26  -2.19  -0.51   0.69
199607  -9.23  -7.85  -7.64  -6.25  -4.34  -4.90
199608   5.50   5.82   5.86   4.34   3.55   2.19
199609   3.37   3.73   3.86   4.85   4.97   6.17
199610  -1.32   1.21   0.22   1.75   3.23   1.21
199611   2.77   3.82   3.31   6.26   6.25   8.15
199612   1.37   2.27   1.41  -1.40  -1.82  -1.47
199701   4.07   3.63   3.82   3.93   5.10   6.64
199702  -1.69  -2.70  -2.86   0.08   0.24   0.23
199703  -6.14  -3.28  -4.31  -4.70  -3.35  -5.11
199704  -2.81   0.24  -0.77   2.38   3.36   7.01
199705  10.52  11.35  12.59   8.56   6.29   6.64
199706   4.65   5.28   5.78   3.96   4.24   4.19
199707   4.91   5.67   5.92   7.96   9.83   6.84
199708   2.97   3.26   3.78  -3.25  -3.71  -5.39
199709   8.80   8.38   7.44   6.81   6.09   4.84
199710  -4.61  -3.37  -3.55  -3.92  -3.36  -3.05
199711  -3.40  -1.09  -2.97   0.04   2.78   5.44
199712  -0.21   1.39   0.56   2.72   2.15   1.74
199801  -1.43  -1.02  -0.79   0.52  -2.03   2.48
199802   7.09   7.20   7.88   8.47   8.39   6.49
199803   4.74   4.37   4.76   6.71   4.98   4.98
199804   1.59   2.01   0.66   3.33   1.34   0.47
199805  -5.16  -4.64  -5.31  -3.74  -2.57  -1.42
199806   0.03  -0.42  -0.62   4.32   1.50   4.81
199807  -7.70  -7.17  -7.30  -3.79  -1.98  -1.04
199808 -22.08 -18.56 -19.29 -19.09 -16.22 -13.51
199809   7.42   4.86   4.28   7.34   4.67   7.63
199810   3.62   4.73   5.05   6.80   8.57   7.40
199811   6.95   5.26   5.83   5.52   5.62   6.73
199812   4.36   4.12   5.59   5.90   6.85   6.21
199901   4.14  -0.06  -0.51   4.08   2.10   4.94
199902  -7.57  -7.46  -7.64  -0.88  -3.35  -4.36
199903   1.48  -0.53   1.13   5.61   5.37   2.53
199904   8.94   9.95   8.72   7.09   4.72   3.23
199905   0.83   1.02   2.86  -1.34  -2.50  -2.01
199906   6.85   5.08   5.24   2.87   4.85   5.94
199907  -1.53  -1.15  -0.26  -3.82  -3.66  -2.63
199908  -1.96  -3.30  -3.80  -2.12  -1.95   0.66
199909   0.37  -0.18  -0.36  -2.32  -1.68  -3.42
199910   0.36  -0.78  -1.51   7.74   8.25   5.05
199911   8.56   3.31   6.27   4.42   1.35   3.31
199912  14.43   6.12   9.00  12.40   6.06   6.29
200001   2.39  -1.95  -7.23  -2.57  -4.20  -4.98
200002  27.38   8.55   3.88   6.14  -0.99  -1.26
200003 -11.48   1.14   3.61   3.15  10.85  10.10
200004 -12.41  -1.76  -2.53  -6.95  -2.09  -3.99
200005  -6.84  -2.06  -3.54  -5.86  -1.13  -2.97
200006  14.92   5.58   5.14   5.42   0.48   4.62
200007  -7.35   0.50   2.15  -4.37   0.86  -2.68
200008   8.24   7.38   5.88  12.28   7.61   6.03
200009  -6.62  -0.57  -1.90  -8.01  -3.16  -5.36
200010  -9.94  -2.39  -0.83  -8.68  -3.28   1.87
200011 -17.51  -4.40  -3.73 -21.30  -8.02  -7.20
200012   3.86   9.88   9.30   3.13   3.78  -0.96
200101  11.15   3.41   3.24   7.16   3.03   2.84
200102 -12.46  -2.70  -0.92 -15.56 -10.46  -7.27
200103  -7.37  -2.90  -3.50 -11.90  -4.80  -7.75
200104   9.64   6.50   6.57  12.82   6.78   8.16
200105   5.28   3.97   3.73  -0.16   1.47   0.46
200106   1.92   2.75   2.51  -3.10  -2.15  -2.00
200107  -9.24  -1.68  -1.62  -6.38  -1.09   0.35
200108  -6.03  -1.53  -3.65  -9.79  -5.98  -4.91
200109 -15.94 -12.01 -13.85 -12.48  -8.49  -7.02
200110   8.95   4.45   7.53   2.78   2.50   1.74
200111   9.12   7.12   6.87  10.10   8.01   6.98
200112   6.63   6.70   6.57  -0.04   2.05   1.13
200201  -2.74   0.06   1.84  -5.28  -1.53  -0.07
200202  -6.97   0.55   0.79  -6.71  -2.09  -0.27
200203   8.09   7.54   8.75   4.81   5.08   2.83
200204  -2.61   3.26   2.62  -8.06  -4.31  -6.17
200205  -4.25  -1.85  -2.59  -1.46  -0.61  -0.66
200206  -6.56  -3.67  -4.28 -12.86  -4.93  -7.73
200207 -14.91 -13.08 -12.75 -10.03  -8.66  -5.55
200208  -0.82   0.83   2.36   0.33   2.47  -0.35
200209  -9.28  -5.62  -5.42 -11.05 -10.17 -10.09
200210   5.03   2.99   1.55  10.02   7.96   7.37
200211  12.12   5.71   3.79  10.52   4.88   4.15
200212  -7.23  -2.34  -2.09  -8.52  -5.78  -3.63
200301  -1.09  -2.10  -2.00  -0.70  -3.61  -2.49
200302  -2.75  -2.46  -1.97  -2.91  -0.26  -1.85
200303   0.67   0.44   1.51   0.06   0.40   1.72
200304  10.78   8.15   8.06  11.16   8.48   6.34
200305  13.55   7.77   9.21   8.89   5.26   4.90
200306   2.49   2.29   3.68   1.06   1.58   1.44
200307   7.26   5.12   3.58   4.27   2.41  -0.16
200308   6.26   4.42   3.64   3.20   2.73   1.13
200309  -0.21  -1.49  -0.31  -2.87  -0.38  -0.64
200310   9.48   8.23   9.36   7.75   5.64   4.65
200311   3.86   3.53   3.82   1.78   1.14   1.11
200312   2.48   2.98   2.94   5.73   4.75   4.48
200401   6.08   1.95   2.72   4.16   1.18   1.18
200402   0.18   2.40   2.62   0.94   1.85   1.85
200403   0.17   1.32   2.58  -1.63  -1.25  -1.25
200404  -5.88  -3.15  -2.02  -3.93  -2.55   0.28
200405   1.62   0.99   0.87   2.40   2.11  -0.16
200406   2.93   4.53   5.21   2.36   2.23   1.27
200407  -8.45  -4.06  -2.86  -4.96  -2.37  -3.41
200408  -0.95  -0.20  -1.76  -1.13   0.51   0.92
200409   5.56   5.44   6.41   2.90   1.81   1.05
200410   2.00   2.34   2.94   1.43   2.48   1.01
200411   8.13   9.03  10.10   5.89   3.31   4.46
200412   3.79   2.57   2.91   3.89   2.79   3.98
200501  -4.78  -2.34  -0.94  -3.93  -2.35  -1.41
200502   1.94   2.75   4.08   0.67   3.29   2.41
200503  -3.73  -1.20  -2.05  -2.15  -0.97  -1.22
200504  -7.09  -5.34  -5.91  -2.80  -1.87  -2.38
200505   5.58   6.17   6.01   4.95   3.05   3.09
200506   4.03   3.83   5.49   0.05   0.99   1.06
200507   6.63   6.41   7.01   3.82   4.02   4.08
200508  -0.27  -1.25  -0.17   0.50  -1.38  -0.05
200509   1.51   0.94   2.24   0.48   1.22   1.56
200510  -3.91  -3.32  -4.66  -0.49  -1.67  -3.43
200511   5.02   4.78   5.99   4.97   4.39   3.05
200512   0.81  -0.19   1.31   0.50   0.46   0.31
200601   9.83   7.84   9.55   4.00   2.18   3.82
200602   0.07  -0.51  -2.73  -0.35   0.98  -1.27
200603   4.16   4.83   4.13   1.10   1.82   1.27
200604   0.99   2.00   3.15   1.16   1.42   1.85
200605  -5.78  -3.98  -4.56  -2.91  -2.60  -2.67
200606  -1.26  -0.26  -0.03  -0.68  -0.69   1.00
200607  -3.32  -2.18  -2.58  -1.46   0.37   0.42
200608   3.77   2.16   1.84   3.20   3.09   1.42
200609  -0.55   0.43  -0.37   1.85   2.85   1.04
200610   5.36   5.38   6.59   3.70   2.93   3.86
200611   2.43   1.69   2.02   2.64   1.79   2.29
200612   0.54   1.13  -0.31   1.49   1.90  -0.10
200701   1.31   1.59   1.99   1.87   1.41   1.78
200702   0.02   0.18   0.02  -0.88  -1.90  -1.53
200703   0.79   1.95   1.73   1.10   0.88   2.00
200704   2.39   2.65   4.77   4.13   4.25   4.84
200705   3.53   4.28   5.51   3.31   4.09   4.49
200706  -0.96  -0.85  -0.32  -1.68  -1.77  -0.80
200707  -5.48  -5.34  -6.04  -4.19  -2.83  -1.65
200708  -0.22   1.80  -2.14   1.09   2.02   0.47
200709   3.70   1.54   2.03   3.94   3.98   4.86
200710   3.44   2.73   2.21   1.45   3.06   2.80
200711  -9.67  -6.64  -8.24  -6.31  -4.45  -4.09
200712   0.44  -0.40   0.72  -1.61  -1.16   1.52
200801  -7.62  -5.91  -6.84  -5.00  -6.08  -6.71
200802  -1.68  -2.11  -1.11  -3.13  -3.53   0.10
200803  -2.16   0.50  -1.20  -1.43  -1.61  -0.20
200804   1.76   4.31   5.25   4.84   4.20   6.11
200805   4.85   4.36   7.25   1.79   1.93   3.21
200806  -8.08  -7.34  -3.86 -10.70  -9.50  -4.26
200807   1.11   1.46   0.32   1.33  -1.31  -3.78
200808   2.25   3.86   3.99  -0.84   1.36   1.41
200809 -10.71  -8.55 -12.29  -8.47 -10.40  -9.67
200810 -22.67 -20.26 -22.66 -21.78 -16.71 -16.92
200811 -11.90 -12.10 -14.08 -12.20  -6.83  -4.74
200812   5.70   4.84   5.96   1.46   0.69   1.37
200901  -8.86 -10.21  -9.63  -9.80  -8.34  -4.99
200902 -11.71 -10.64 -11.42 -10.90 -10.23  -8.77
200903   9.65   8.61  10.12  12.30   7.93   8.08
200904  14.78  17.27  20.48  11.75  10.02   8.70
200905   6.29   3.71   5.94   9.00   6.44   6.13
200906   1.69   0.87  -0.36  -0.82  -0.72   0.38
200907  10.03  10.04  11.95   9.26   8.95   6.03
200908   3.54   3.81   3.94   5.69   2.62   1.37
200909   6.89   7.33   9.46   3.72   4.70   4.14
200910  -7.87  -4.27  -5.63  -5.71  -2.19  -0.17
200911   3.89   3.49   3.73   4.65   6.78   5.84
200912   7.51   7.58   9.46   2.10   3.08   1.94
201001  -2.83  -3.40  -3.18  -2.24  -3.75  -4.73
201002   5.02   4.93   5.78   4.43   3.32   3.21
201003   8.04   7.62   8.16   7.18   6.61   4.62
201004   6.02   4.78   7.16   1.37   0.85   2.22
201005  -8.54  -7.16  -7.29  -7.74  -7.45  -8.33
201006  -7.26  -7.01  -8.13  -5.46  -5.37  -4.91
201007   7.13   7.34   6.50   5.77   7.70   6.79
201008  -6.47  -5.72  -7.19  -5.60  -4.06  -3.48
201009  13.49  11.40  12.58   8.58   9.57   9.07
201010   4.41   4.56   4.31   2.54   3.97   4.31
201011   4.72   3.25   4.82   0.79   0.13   0.38
201012  10.21   6.97   6.76   8.90   7.08   5.09
201101   0.12   0.28   0.56   2.06   2.74   1.87
201102   6.35   5.99   4.16   4.62   4.25   3.01
201103   1.40   2.46   3.29  -1.46   0.47   0.97
201104   1.95   3.05   2.74   1.76   2.86   3.37
201105  -3.72  -2.24  -0.75  -2.98  -1.26  -0.57
201106  -3.92  -1.27  -0.86  -3.38  -1.64  -1.05
201107  -3.04  -3.16  -2.20  -4.01  -2.18  -0.98
201108  -9.71  -6.52  -9.08  -7.35  -5.39  -4.62
201109 -13.42 -10.85 -11.56 -10.20  -8.53  -6.75
201110  14.90  13.23  15.19  12.72  11.47  10.29
201111  -1.90   0.07  -1.06  -2.36   0.25   0.26
201112  -0.19   0.27   0.11   0.63   0.37   0.32
201201   8.13   6.27   6.61   6.42   4.46   4.74
201202   3.20   2.53   4.14   4.69   4.07   4.59
201203   1.48   1.82   1.04   3.78   1.69   2.51
201204  -1.80  -1.43  -1.09  -1.74   0.02  -0.34
201205  -8.01  -6.26  -6.45  -8.16  -6.61  -5.71
201206   4.78   3.80   3.87   4.80   3.00   3.75
201207  -1.55   0.08  -1.38   0.01   1.94   1.38
201208   3.83   3.86   3.16   3.69   2.68   2.12
201209   3.87   3.90   3.25   4.34   2.91   1.60
201210  -2.01  -1.39  -1.82  -0.42  -1.38  -2.47
201211  -0.20   1.01   1.72   0.34   1.63  -0.07
201212   3.39   3.03   3.60   3.11   1.27  -0.29
201301   5.77   5.38   6.58   6.30   5.85   3.97
201302   0.21  -0.19   0.40   1.02   0.96   1.21
201303   3.84   4.24   5.50   3.88   3.17   3.79
201304  -1.35  -0.75  -1.59   1.05   1.26   2.04
201305   3.98   4.17   4.08   4.63   1.12   2.15
201306  -0.93  -0.35  -1.09  -1.85  -0.90  -2.19
201307   7.71   7.09   7.13   6.67   5.47   4.81
201308  -2.27  -2.84  -1.82  -3.04  -2.72  -1.94
201309   4.83   6.15   5.94   3.87   3.98   2.95
201310   1.38   4.08   3.71   3.35   4.66   4.49
201311   3.55   3.22   4.05   2.96   1.88   3.48
201312   2.35   2.03   2.08   3.53   2.39   2.41
201401  -0.95  -4.42  -4.70  -2.89  -2.40  -5.15
201402   5.08   5.04   4.18   4.06   4.94   4.79
201403  -1.30   1.03   1.26   0.44   0.51   1.19
201404  -3.92  -1.55  -1.03  -1.06   0.20   2.09
201405   0.21   0.61  -0.35   1.73   2.24   2.24
201406   6.56   5.25   4.12   3.40   2.88   1.66
201407  -5.89  -5.57  -5.58  -2.15  -2.04  -0.86
201408   4.44   4.11   5.32   4.41   3.38   4.53
201409  -6.61  -6.60  -4.48  -2.18  -2.16  -1.83
201410   3.43   5.13   2.74   0.81   2.03   2.08
201411  -0.09  -0.45   0.48   2.02   1.23   4.08
201412   2.35   1.07   0.71   0.19   0.33  -1.54
201501  -4.97  -4.97  -3.88  -5.32  -3.47  -2.12
201502   7.07   6.69   6.42   7.41   5.56   5.96
201503   0.46   1.72   1.30  -1.18  -1.04  -2.02
201504  -0.41  -0.96  -1.28   1.96   0.73   1.55
201505   2.19   0.72   0.59   1.85   0.61   0.77
201506   0.44   1.04   0.30  -1.16  -2.21  -2.12
201507  -3.68  -3.84  -2.87   0.88   1.60   1.95
201508  -5.76  -4.71  -5.80  -6.33  -5.95  -5.79
201509  -6.16  -5.43  -5.82  -4.89  -2.79  -2.13
201510   5.27   6.20   6.05   7.78   8.18   7.17
201511   3.89   1.00   1.06   1.18   0.09  -0.13
201512  -4.96  -5.73  -5.89  -2.56  -1.62  -2.55
201601 -10.38  -6.24  -7.49  -8.28  -4.12  -5.22
201602   0.74   2.36   2.07  -1.27  -0.01   1.20
201603   8.19   9.11   8.45   6.94   6.83   6.89
201604   5.18   2.80   1.60   2.81   1.27  -0.82
201605   0.97   0.51   1.01   1.50   1.52   1.47
201606   0.46   0.27  -0.75  -1.62   0.26   0.27
201607   5.94   4.44   6.78   3.36   3.57   4.30
201608   2.15   1.33   1.33   1.15   0.08   0.03
201609   2.93   0.96  -0.55   0.41  -0.20   0.58
201610  -6.13  -3.35  -3.87  -0.80  -1.35  -2.64
201611  10.22  10.19   8.72   7.41   2.44   3.67
201612   1.74   2.65   2.57   1.97   2.09   1.21
201701   1.92   0.52   0.33   1.52   2.25   2.66
201702   1.94   0.80   0.86   2.60   3.16   4.18
201703   0.00   0.19   1.26  -1.18   0.45   0.82
201704  -0.23   0.59   2.12   0.15   1.12   1.37
201705  -2.22  -1.37  -1.43  -1.12   1.35   2.77
201706   4.37   2.92   2.42   2.94   0.75  -0.48
201707   1.26   1.24   0.71   2.71   2.20   1.89
201708  -1.19  -1.67  -1.29  -1.48   0.59   1.19
201709   5.86   5.71   5.47   3.85   2.04   1.58
201710  -0.34   1.29   1.05   1.43   2.28   2.98
201711   1.73   3.02   4.15   1.67   2.30   4.63
201712   1.25  -0.14   2.20   1.62   0.63   1.81
201801   3.01   2.47   2.14   5.44   5.33   6.31
201802  -3.76  -5.06  -4.07  -5.07  -3.79  -3.03
201803   0.60   0.78   0.82  -1.62  -2.43  -2.76
201804   2.07   0.55  -0.25   1.53   0.38   0.03
201805   6.44   5.10   1.94   1.44   2.33   3.20
201806  -0.11   0.58   2.17   0.77  -0.01   0.86
201807   0.67   2.12   1.92   3.10   3.03   4.10
201808   4.07   3.41   1.65   1.63   2.13   5.19
201809  -1.91  -2.01  -2.04  -0.06   0.14   0.81
201810 -11.21  -9.88 -11.44  -8.19  -6.72  -7.49
201811  -0.08   1.15   0.45   2.29   2.35   1.33
201812 -11.20 -10.86 -12.37  -9.75  -8.86  -8.99
201901  11.64  10.33  12.35   9.72   9.33   7.30
201902   5.45   4.83   4.74   3.23   2.89   3.86
201903  -1.98  -2.72  -2.31  -0.18   0.93   2.82
201904   2.07   4.34   4.46   4.54   3.82   4.45
201905  -7.19  -8.05  -8.66  -7.65  -5.87  -6.70
201906   6.99   8.18   8.36   8.09   6.17   7.63
201907   0.35   0.47   0.15   1.02   1.30   1.78
201908  -5.81  -4.87  -6.40  -3.68  -2.84  -0.27
201909   0.59   3.87   3.92   1.81   1.99   1.31
201910   2.02   1.31   2.95   1.58   1.59   2.77
201911   5.40   2.74   2.88   4.59   3.66   3.77
201912   4.19   3.80   3.06   2.90   2.01   3.65
202001  -3.96  -3.58  -4.40   1.00  -1.52   1.34
202002  -7.77  -9.66 -10.04  -8.40  -8.38  -7.79
202003 -21.18 -23.82 -28.47 -17.45 -14.24  -9.81
202004  16.20  14.99  19.66  12.90  12.63  13.59
202005   6.61   6.95   8.83   5.51   5.41   5.08
202006   3.57   3.17   3.75   1.90  -0.17   4.52



  Average Equal Weighted Returns -- Monthly
               Small                 Big
          Low     2    High    Low     2    High
199007  -2.75  -3.90  -3.81  -3.34  -1.75  -1.69
199008 -10.52 -11.11 -12.86  -9.49 -10.20 -10.70
199009  -8.80  -8.01 -10.04  -8.90  -7.35  -6.00
199010  -6.15  -5.21  -4.45  -5.24  -3.30  -1.35
199011   4.94   8.38   6.92   9.17   8.98   7.40
199012   1.45   3.99   3.73   3.16   4.66   5.20
199101  10.22   9.71  10.50   6.20   6.22   6.70
199102  15.96  12.04  12.34  10.76   8.47   8.54
199103   7.36   6.99   6.93   3.01   2.49   3.47
199104   2.46   0.23   1.14   0.57   0.71   0.30
199105   4.23   4.14   5.14   5.09   5.11   4.16
199106  -3.12  -2.07  -3.16  -4.78  -4.10  -3.40
199107   3.24   1.88   4.59   3.94   3.91   5.16
199108   2.82   2.54   3.50   2.31   2.79   2.85
199109   1.04   0.17   0.93  -1.82  -1.03  -1.16
199110   3.25   2.37   3.03   3.52   1.76   1.46
199111  -2.80  -3.08  -2.92  -4.71  -3.98  -3.63
199112   2.97   4.76   6.99   8.18   9.86  10.60
199201  16.53  10.16  11.15   2.61   2.09   0.67
199202   6.18   3.62   4.86   2.27   2.30   0.95
199203  -1.30  -2.01  -2.39  -3.32  -2.12  -2.61
199204  -3.44  -2.92  -4.06  -0.14   0.59   0.02
199205   1.45   0.93  -0.43   1.24   0.32   0.95
199206  -3.69  -3.34  -4.06  -1.73  -1.97  -2.05
199207   3.06   2.46   3.97   3.16   4.65   4.46
199208  -3.29  -1.10  -1.48  -3.92  -1.55  -1.28
199209   1.01   1.85   1.52   0.52   1.00   1.32
199210   2.25   2.65   3.45   1.78   1.68   2.72
199211   7.47   7.98   7.70   3.96   3.35   5.22
199212   5.18   3.83   4.27   4.05   2.57   2.58
199301   6.87   5.22   5.33   3.03   1.26   0.63
199302   0.49  -0.80  -2.94   0.95   1.60  -1.12
199303   3.81   3.40   3.11   3.91   2.98   2.64
199304  -0.68  -2.74  -2.36  -1.26  -1.69  -3.08
199305   5.14   4.13   3.41   3.35   2.52   4.33
199306   2.25   0.78   1.26   1.40   0.58  -0.49
199307   1.24   1.34   0.49   0.73  -0.40   0.06
199308   3.56   4.82   4.74   5.14   3.62   4.05
199309   3.17   1.08   2.73  -0.01   0.30   0.77
199310   5.52   3.89   5.79   2.02   0.45   2.75
199311  -2.02  -2.36  -1.04  -0.97  -2.42  -2.25
199312   1.56   2.87   1.66   3.84   3.61   2.83
199401   5.76   3.55   4.35   3.85   2.49   2.59
199402  -0.68   0.21  -0.54  -2.30  -1.07  -1.03
199403  -3.63  -3.98  -4.93  -4.21  -3.96  -5.03
199404  -0.63  -0.52  -0.60   0.25   1.10  -0.51
199405   0.18  -0.03  -1.54   0.61  -0.58   0.28
199406  -3.11  -2.03  -3.09  -3.12  -2.34  -3.78
199407   0.84   1.59   2.01   3.57   2.91   2.75
199408   3.15   4.19   4.96   5.77   4.90   5.89
199409   2.09   1.50   1.66  -0.92  -1.32  -1.62
199410  -0.63   0.25   0.63  -0.65   0.75   1.56
199411  -4.39  -3.47  -4.18  -4.98  -4.31  -3.94
199412  -1.36  -0.41  -0.25   1.92   1.50   1.86
199501   2.89   0.71   2.31  -0.54   0.56   1.14
199502   3.37   2.86   2.88   4.29   4.77   4.57
199503   3.20   1.67   1.65   3.32   2.30   2.60
199504   3.95   2.98   2.36   2.47   1.70   1.69
199505   2.58   1.57   3.00   1.90   2.89   2.87
199506   5.81   4.42   4.76   3.27   2.49   3.46
199507   5.06   5.35   6.16   7.54   4.76   4.79
199508   4.76   2.08   2.11   2.14   0.94   0.85
199509   3.54   0.80   2.22   1.48   2.53   2.26
199510  -5.18  -4.55  -4.49  -2.35  -2.49  -1.78
199511   1.54   2.12   1.42   4.92   4.25   5.05
199512   2.11   1.17   0.04   2.25   0.55   0.07
199601   4.72   0.56   1.17   1.38   1.37   2.41
199602   4.78   3.18   4.15   1.86   2.78   2.95
199603   3.24   3.74   3.79   1.97   2.02   2.02
199604   6.91   6.58   7.07   5.89   3.28   3.20
199605   7.42   5.23   5.05   1.34   1.94   1.63
199606  -4.35  -2.98  -3.42  -3.14  -1.35  -1.79
199607  -8.24  -7.40  -7.54  -7.61  -5.73  -6.36
199608   5.38   5.52   5.34   6.55   4.96   5.08
199609   3.15   3.51   3.36   4.71   4.73   4.68
199610  -1.56   0.64  -0.02  -0.51   1.03   1.07
199611   2.29   3.81   2.91   5.01   5.79   6.01
199612   0.19   1.64   0.62  -0.54  -0.45  -0.97
199701   6.87   4.83   5.51   3.48   3.33   2.74
199702  -0.53  -1.22  -1.83  -0.30  -0.38  -0.91
199703  -5.92  -3.19  -4.22  -5.71  -4.26  -2.02
199704  -3.84  -1.88  -2.09  -0.11   1.83   2.50
199705   9.21  10.68  11.72  11.41   9.03  10.14
199706   3.15   4.91   4.60   3.68   3.31   4.21
199707   3.88   5.79   5.72   6.91   7.59   7.11
199708   4.06   3.57   3.77  -0.05  -0.96  -1.51
199709   9.71   8.53   8.52   7.23   6.05   4.94
199710  -2.97  -2.20  -1.64  -5.49  -2.92  -3.92
199711  -4.52  -1.76  -2.81  -1.27   1.35   1.69
199712  -2.66   0.02  -1.47   1.94   2.87   1.41
199801   0.55  -0.92   0.20  -0.32  -2.64   0.64
199802   6.46   5.96   6.61   8.46   7.77   8.46
199803   4.94   4.82   4.86   5.32   5.13   4.62
199804   2.95   2.99   2.52   1.59   0.40   0.39
199805  -3.83  -4.65  -5.27  -5.19  -4.07  -3.40
199806  -4.30  -2.39  -2.06  -0.34  -0.99   0.99
199807  -6.45  -6.77  -7.00  -6.32  -5.10  -5.03
199808 -21.47 -18.33 -19.75 -20.50 -17.26 -16.62
199809   6.06   3.94   2.51   8.85   6.65   5.31
199810   2.81   3.58   3.65   5.71   8.03   8.72
199811   7.71   5.08   6.35   5.29   4.12   5.29
199812   1.65   1.86   1.93   5.49   5.10   4.95
199901   8.46   3.15   2.54   2.56  -1.56   0.26
199902  -4.67  -5.64  -6.59  -3.97  -4.45  -3.30
199903  -0.48  -1.69  -1.19   4.36   2.72   2.08
199904   9.24  10.42   9.46  10.88   8.49   8.58
199905   4.24   3.16   4.48   1.42   1.20   0.28
199906   3.29   3.96   3.53   3.83   3.33   4.52
199907   1.26  -0.40   1.67  -3.02  -2.56  -2.32
199908  -1.62  -2.76  -2.97  -1.37  -2.48  -3.68
199909   0.66  -1.28  -1.67  -1.79  -2.97  -3.50
199910  -1.36  -2.31  -3.15   6.38   4.06   2.64
199911   9.12   3.48   5.61   5.39   0.04   2.96
199912  10.92   4.06   6.73  12.26   3.10   5.25
200001  10.55   0.88  -1.20  -1.77  -3.84  -6.29
200002  20.75   5.51   3.99   4.56  -2.70  -2.12
200003  -1.77   1.92   2.49   5.44  12.84  13.25
200004 -10.37  -2.69  -3.55  -4.19  -0.38  -0.76
200005  -6.68  -1.79  -3.13  -2.99   1.63   0.87
200006   9.89   4.06   4.52   3.63  -1.84  -0.56
200007  -3.98   0.29   0.73  -5.44   0.39   0.16
200008   6.62   5.51   5.86  12.87   9.71   6.02
200009  -5.37  -0.51  -2.33  -9.31  -0.10  -1.66
200010  -9.21  -3.90  -3.59  -8.33  -1.57   3.39
200011 -15.81  -5.01  -6.12 -23.36  -6.26  -3.48
200012  -4.29   4.71   3.91   3.29   8.43   5.07
200101  30.87  12.50  14.77  17.20   5.34   4.93
200102  -9.65  -1.81  -2.08 -19.17  -5.91  -4.32
200103  -8.59  -2.36  -2.89 -16.30  -6.13  -6.86
200104   8.69   6.28   7.32  19.35  11.32   7.79
200105   8.48   6.89   6.45   2.16   1.36   2.85
200106   0.82   3.06   2.92  -2.12  -0.99  -1.38
200107  -5.66  -0.22  -1.20  -7.82   0.10   0.42
200108  -4.77  -1.48  -3.24  -9.46  -3.50  -3.45
200109 -13.96 -10.85 -14.10 -16.30 -10.58 -12.08
200110   9.65   4.49   6.84  11.45   3.31   4.37
200111   9.79   5.62   6.72  11.95   8.42   9.03
200112   7.29   6.39   6.60   3.40   3.91   4.41
200201   3.81   3.14   2.52  -5.84  -0.01   0.75
200202  -4.65   0.41   2.62  -6.72  -1.08   0.76
200203   8.31   8.81  10.97   7.67   7.30   6.08
200204  -1.12   5.07   3.21  -7.56  -1.72  -2.55
200205  -0.99  -0.30  -0.82  -4.58  -0.71  -0.50
200206  -7.77  -3.14  -4.51 -13.25  -7.80  -7.36
200207 -13.52 -11.83 -12.35 -10.41  -9.52  -9.79
200208   0.28   0.61   1.59   0.24   1.60   1.25
200209  -9.23  -5.64  -6.44 -12.22  -9.30  -8.67
200210   5.26   2.39   1.99   9.76   4.62   4.14
200211  14.20   6.79   7.63  13.87   6.87   7.26
200212  -3.38  -1.07  -0.33  -7.20  -2.92  -2.62
200301   2.70  -0.58  -0.88  -0.17  -2.59  -2.41
200302  -2.04  -2.16  -1.15  -3.06  -1.03  -2.24
200303   0.12  -0.40   0.26   0.70   0.25   0.79
200304  10.26   7.82   7.26  11.87   8.35   8.34
200305  16.17   9.61  11.53  11.68   8.82   8.22
200306   6.11   4.07   6.05   1.53   1.31   2.42
200307   7.86   5.31   4.76   3.53   2.56   2.03
200308   7.32   4.46   3.64   6.33   3.46   3.30
200309   5.19   0.71   1.66  -2.19  -0.75  -0.69
200310   9.79   7.74   8.87   8.72   7.19   5.61
200311   5.05   4.43   4.48   2.95   2.60   2.52
200312   3.80   4.59   4.88   5.22   3.46   4.15
200401   8.73   3.05   4.36   4.10   1.19   1.37
200402   1.10   2.26   2.77   1.53   2.75   2.99
200403   0.11   1.80   2.03  -1.45   0.06   0.78
200404  -5.02  -2.84  -1.29  -5.43  -2.86  -1.27
200405  -0.12   0.51   0.67   3.18   1.90   0.59
200406   2.68   4.20   4.54   2.72   2.35   2.60
200407  -6.94  -3.05  -2.96  -6.63  -3.46  -3.20
200408  -1.22  -0.40  -1.42  -1.80   0.58  -0.18
200409   5.47   5.15   6.68   4.34   3.22   3.98
200410   2.26   2.54   2.78   3.25   2.81   1.75
200411   8.11   9.31  10.41   7.01   5.66   6.01
200412   6.04   3.48   4.05   4.14   3.85   3.89
200501  -4.27  -2.21  -0.50  -4.45  -2.06  -1.46
200502   1.96   2.34   3.81   2.44   2.11   3.42
200503  -3.65  -0.61  -2.17  -2.00  -0.37  -0.78
200504  -6.78  -5.25  -6.17  -4.72  -2.96  -3.95
200505   4.71   4.73   5.06   5.85   4.55   4.76
200506   3.66   3.89   5.61   1.66   2.39   2.46
200507   6.86   6.56   7.07   4.66   5.35   4.98
200508   0.09  -0.76   1.46  -0.01  -0.62  -0.46
200509   2.07   1.04   1.54   1.48   1.05   1.10
200510  -4.23  -2.88  -4.34  -2.76  -3.06  -3.25
200511   3.74   4.19   4.92   4.87   4.41   4.76
200512   1.96   0.88   2.78   1.48   0.86   1.38
200601  10.20   6.92   9.00   4.76   3.97   5.12
200602   0.88   0.46  -1.21  -0.30   0.51  -0.82
200603   4.25   4.07   3.48   2.21   1.79   2.38
200604   1.58   2.13   3.68   1.47   1.61   1.66
200605  -5.09  -3.16  -3.66  -3.45  -2.76  -3.56
200606  -1.89  -0.51  -0.85  -1.02  -1.13   0.05
200607  -3.33  -1.24  -2.11  -2.92  -1.85  -1.94
200608   2.92   1.43   2.42   3.88   2.58   1.55
200609  -0.83   0.58  -0.44   0.92   1.48   1.58
200610   4.50   5.20   6.83   4.30   3.25   4.71
200611   1.96   1.14   1.21   3.90   2.86   2.91
200612   1.48   1.75   1.00   0.59   0.57  -0.34
200701   2.76   1.41   1.34   1.90   2.00   3.77
200702   0.99   0.50   0.22   0.65   0.13  -0.18
200703   0.30   1.13   0.68   1.39   1.27   1.50
200704   3.47   2.68   4.39   3.81   4.15   4.88
200705   1.84   4.17   4.97   3.90   5.19   5.43
200706  -0.63  -0.29   0.32  -1.33  -1.31  -1.50
200707  -4.03  -5.12  -5.02  -3.73  -3.38  -2.97
200708  -3.24  -0.03  -3.48  -0.22   0.22  -0.30
200709   3.18   1.69   2.13   4.14   3.43   4.12
200710   2.15   1.77   2.22   2.57   3.57   2.83
200711 -10.63  -8.55  -9.67  -7.55  -5.22  -5.36
200712  -0.90  -0.64   0.67  -1.97  -0.56  -0.45
200801  -5.59  -4.70  -5.70  -5.74  -4.45  -5.58
200802  -0.32  -1.57  -0.24  -3.09  -2.26   0.18
200803  -4.32  -0.81  -2.25  -3.35  -2.35  -2.21
200804   1.32   3.67   3.62   5.89   5.57   6.02
200805   4.42   3.96   5.82   3.77   3.70   4.40
200806  -8.09  -8.80  -7.27 -11.34  -9.34  -7.45
200807  -1.33   1.75   0.67  -1.67  -1.55  -3.50
200808  -0.20   3.04   3.71   0.51   1.40   1.61
200809 -12.83  -9.63 -12.61 -13.15 -12.02 -12.91
200810 -25.18 -22.68 -25.27 -24.28 -20.82 -22.04
200811 -15.91 -14.53 -14.55 -11.23  -8.13 -10.16
200812   5.23   5.57   4.85   4.63   3.19   3.65
200901   1.62  -7.29  -5.16  -6.19  -6.85  -5.13
200902 -11.32 -12.67 -11.53 -11.36 -11.30  -8.70
200903  12.23  11.94  14.01  12.57   9.04  10.15
200904  20.77  23.76  27.06  20.19  18.63  19.96
200905  14.65  10.70  12.39  10.05   8.15   8.20
200906   2.20   1.69   0.68  -0.42  -0.22  -1.57
200907   8.74  10.17  13.22   9.61   8.74   9.29
200908   6.37   4.51   6.93   5.97   2.96   2.81
200909   8.56   8.10  11.54   5.36   6.79   6.34
200910  -5.81  -3.87  -4.67  -5.70  -3.32  -2.54
200911   3.18   2.42   3.57   5.87   5.23   5.65
200912   6.61   8.10   8.36   4.71   5.22   4.86
201001   0.33  -2.03  -0.57  -2.15  -3.60  -4.33
201002   3.84   4.18   4.71   4.24   4.44   5.04
201003   8.19   7.98   8.02   7.15   6.77   6.77
201004   8.45   5.71   8.32   4.23   1.76   2.85
201005  -8.70  -6.91  -8.06  -7.61  -6.45  -7.83
201006  -7.75  -6.27  -7.38  -6.24  -5.16  -5.97
201007   6.13   7.23   5.60   6.98   7.24   7.00
201008  -5.87  -5.65  -6.87  -5.33  -3.42  -4.23
201009  12.19  10.78  11.74  11.12  10.42  10.77
201010   5.23   5.07   4.27   3.63   3.84   3.95
201011   3.68   2.32   4.22   2.06   1.57   1.82
201012  10.56   7.52   7.83   9.21   6.82   6.00
201101   2.17   0.35   0.40   1.91   2.32   1.73
201102   5.46   5.55   4.65   4.82   3.96   4.34
201103   0.47   1.75   1.41  -0.02   1.99   2.07
201104   1.32   2.05   2.02   2.41   2.87   3.60
201105  -3.41  -2.31  -1.46  -1.91  -0.88   0.12
201106  -4.03  -1.96  -1.98  -3.75  -1.54  -1.27
201107  -1.33  -1.93  -1.74  -3.62  -2.82  -2.78
201108 -10.04  -7.60  -9.74  -7.69  -6.31  -6.63
201109 -12.79 -10.76 -11.95 -11.03 -10.92  -9.90
201110  11.56  12.54  14.07  15.18  14.26  13.50
201111  -3.87  -0.37  -1.55  -1.31   0.30  -0.36
201112  -0.62   0.82   0.67  -0.63  -0.41  -0.75
201201  11.36   7.85   7.79   7.51   5.88   6.80
201202   4.32   2.85   4.06   5.08   4.44   4.50
201203   1.87   2.26   1.88   1.59   0.61   1.26
201204  -2.22  -1.45  -2.02  -1.72  -0.02  -0.45
201205  -8.34  -7.08  -5.98  -9.14  -7.81  -7.47
201206   3.02   3.91   4.00   3.34   2.35   2.64
201207  -0.05   0.12  -0.82  -0.36   0.97   0.47
201208   3.36   3.26   3.85   4.62   3.28   2.92
201209   4.67   4.12   4.16   3.48   2.35   2.08
201210  -2.99  -1.46  -2.26  -0.82  -0.72  -0.50
201211  -1.48   0.57   0.11   0.95   2.00   1.46
201212   2.73   3.35   3.62   2.36   2.19   2.08
201301   7.38   5.69   6.41   6.25   6.22   6.54
201302  -1.26  -0.83  -0.03   0.51   0.90   1.32
201303   2.71   4.49   4.30   4.65   3.81   4.02
201304  -2.08  -0.80  -0.85   0.33   0.75   1.35
201305   3.57   3.95   3.73   3.23   2.20   3.15
201306  -2.00  -0.56  -0.50  -1.81  -1.86  -1.61
201307   7.57   6.93   7.41   6.46   5.87   6.36
201308  -0.67  -2.20  -2.23  -2.41  -2.18  -2.39
201309   4.59   5.53   6.15   4.67   4.83   4.90
201310   1.36   3.84   3.70   3.05   3.86   4.03
201311   2.05   2.77   4.25   2.71   1.20   2.38
201312   2.60   2.36   2.44   3.34   3.05   2.55
201401   3.30  -3.45  -3.92  -1.55  -2.45  -4.56
201402   5.40   4.72   4.32   5.25   5.36   5.44
201403  -0.61   1.44   1.42  -0.48   0.59   0.86
201404  -3.30  -1.49  -0.77  -1.26  -0.16   0.03
201405  -0.56   0.55  -0.20   1.74   1.68   2.25
201406   5.61   4.51   4.13   5.23   3.88   2.64
201407  -4.98  -4.60  -4.92  -3.85  -3.00  -2.59
201408   2.83   3.56   4.65   4.82   4.17   4.73
201409  -6.86  -6.20  -5.19  -4.35  -3.49  -3.63
201410  -0.45   4.10   2.22   0.17   2.35   1.89
201411  -1.45  -1.61  -0.91   0.50   0.92   2.59
201412   0.79   1.06   1.16  -0.68   0.42  -0.82
201501  -4.92  -5.52  -5.21  -3.39  -2.94  -3.89
201502   7.17   7.03   5.59   7.56   6.06   7.24
201503  -1.09   0.25   0.11  -1.12  -0.63  -0.81
201504   2.39   1.63   2.54   2.27   1.36   1.32
201505   0.72  -0.28  -1.05   1.22   0.60  -0.29
201506  -0.32   0.31  -0.71  -2.44  -2.73  -1.79
201507  -5.82  -4.96  -5.11  -1.58   0.15   1.22
201508  -3.58  -4.39  -5.76  -6.15  -4.90  -5.55
201509  -5.60  -5.66  -7.02  -6.79  -3.86  -3.49
201510   4.89   5.75   6.59   6.80   6.68   6.48
201511   1.05  -0.18  -0.82   0.39   0.25  -0.22
201512  -4.38  -5.53  -6.41  -3.40  -3.13  -3.89
201601  -9.29  -6.62  -8.80 -10.48  -5.21  -5.78
201602   2.98   2.58   2.30   0.61   1.42   2.38
201603   9.76   9.64  10.59   8.99   8.82   7.38
201604   8.78   6.05   3.50   4.05   2.08   1.29
201605  -0.85  -0.84   0.19   1.25   1.20   0.55
201606   1.43   1.41  -0.65  -1.70  -0.68  -0.66
201607   4.90   4.80   6.74   4.48   3.45   4.91
201608   2.75   1.67   1.43   0.62   0.01   0.90
201609   3.76   1.72   0.60   1.91  -0.01  -0.58
201610  -5.45  -3.40  -4.60  -2.43  -2.09  -2.52
201611   7.17   9.70   9.80   6.52   4.35   5.26
201612   2.89   3.64   3.52   0.16   1.55   0.90
201701   4.14   0.37   0.68   3.58   2.38   2.84
201702   1.53   0.33   0.47   1.34   2.60   2.89
201703   0.89   0.54   1.03  -0.22   0.61   0.13
201704  -0.92   0.75   1.84   0.64   0.61   0.97
201705  -2.44  -1.16  -2.18  -1.22   0.99   1.03
201706   4.43   3.70   2.48   1.59   1.73   1.30
201707   1.14   0.73   0.38   2.80   1.97   0.99
201708  -1.16  -1.52  -2.11  -1.43   0.60  -0.55
201709   6.91   6.24   5.86   4.26   2.33   2.97
201710  -0.18   0.99   0.34   1.12   2.13   1.04
201711   3.72   3.21   4.25   2.06   3.05   4.79
201712   4.61   0.83   2.65   1.42   0.66   2.42
201801   3.21   1.88   1.72   4.08   4.33   4.98
201802  -4.77  -4.62  -4.34  -4.50  -4.19  -3.82
201803   0.00   1.37   1.10   0.18  -0.44  -1.14
201804   1.80   1.14   1.11   1.63  -0.49  -0.69
201805   4.06   4.74   3.42   2.42   2.26   1.31
201806  -0.74   0.88   2.73   0.27   0.20   1.81
201807  -1.05   1.35   1.52   1.79   2.66   2.93
201808   2.62   2.77   1.84   3.22   2.05   2.89
201809  -0.33  -1.75  -2.18  -0.52  -0.37   0.29
201810 -11.01  -9.18 -11.01  -9.20  -8.20  -8.49
201811  -2.12  -0.73  -1.83   1.58   2.48   2.76
201812 -12.17 -10.54 -12.33 -11.08  -9.98  -9.56
201901  14.90  10.96  14.96  12.90  10.53  10.30
201902   4.88   4.75   4.97   3.99   4.48   4.12
201903  -1.11  -3.09  -3.41  -0.17   0.07   0.51
201904   1.09   3.39   2.59   3.47   4.62   3.77
201905  -6.93  -8.65  -9.67  -7.24  -6.81  -7.68
201906   4.47   7.17   7.62   7.32   7.69   7.99
201907  -1.98  -0.58  -1.13   1.63   0.82   1.54
201908  -4.85  -5.45  -6.10  -4.04  -3.34  -2.39
201909   0.56   4.61   5.32   0.90   2.38   1.98
201910  -1.06   0.14   0.29   0.52   0.52   1.62
201911   2.76   2.24   2.80   5.05   4.04   3.92
201912   6.78   5.12   4.66   2.87   2.15   3.25
202001  -0.65  -5.27  -5.94   0.81  -1.69  -2.55
202002  -7.23  -9.87 -10.32  -7.62  -9.22  -8.81
202003 -23.35 -27.10 -30.98 -20.83 -19.32 -17.39
202004  22.28  19.48  27.05  16.25  15.20  16.40
202005   9.11   5.68   7.29   7.39   6.03   6.66
202006   8.42   5.17   7.09   1.94   1.19   2.22



  Average Value Weighted Returns -- Annual
           Small                 Big
       Low    2      High   Low    2      High
1991  45.22  43.67  56.31  27.88  26.62  38.59
1992  16.41  16.20  20.51   6.19  10.51   6.13
1993  23.19  19.24  21.74  21.81  13.09   2.24
1994  -6.20   1.35  -1.86   2.34  -1.27   1.59
1995  34.52  26.30  30.41  35.76  31.36  40.49
1996  16.08  22.51  27.17  16.72  23.05  24.24
1997  16.65  31.32  26.78  26.14  32.74  32.90
1998  -4.80  -2.37  -2.75  20.41  17.66  33.39
1999  38.50  11.46  19.30  37.68  20.28  20.43
2000 -21.78  20.33   9.28 -27.89  -0.78  -7.96
2001  -3.62  13.05  11.88 -27.25 -10.47  -8.50
2002 -28.73  -7.11  -6.91 -34.70 -17.84 -19.63
2003  65.47  42.69  49.23  43.02  31.33  22.19
2004  14.83  24.96  33.17  12.37  12.55  11.51
2005   4.72  10.97  18.83   6.31   9.23   6.98
2006  16.44  19.51  17.01  14.34  17.09  13.50
2007  -1.60   2.93   1.35   1.66   7.35  15.22
2008 -42.06 -33.90 -36.35 -44.60 -39.99 -30.91
2009  37.18  39.73  53.00  31.56  30.13  30.79
2010  35.86  28.47  31.32  18.06  18.17  13.38
2011 -13.17  -0.68  -1.88 -11.21   2.07   5.27
2012  15.09  17.91  17.17  21.90  16.28  11.93
2013  32.61  36.77  40.37  37.02  30.32  30.47
2014   2.33   2.72   1.96   8.77  11.40  13.59
2015  -7.50  -8.91 -10.30  -1.49  -1.12  -0.21
2016  22.20  26.72  20.31  13.41  12.67  10.93
2017  15.02  13.67  19.14  15.54  20.84  28.43
2018 -12.38 -12.36 -18.81  -9.29  -6.89  -1.70
2019  24.59  25.23  26.36  27.77  27.01  36.62



  Average Equal Weighted Returns -- Annual
           Small                 Big
       Low    2      High   Low    2      High
1991  57.34  46.20  59.78  35.87  36.03  39.81
1992  34.07  25.83  25.95  10.56  13.41  13.39
1993  35.18  23.40  24.02  24.25  12.91  11.36
1994  -2.85   0.49  -2.03  -0.84  -0.37  -1.53
1995  38.75  23.00  26.92  34.95  28.10  31.04
1996  25.22  25.77  23.82  17.24  21.72  21.08
1997  15.88  30.50  27.27  22.32  29.29  28.71
1998  -6.65  -7.45  -8.43   4.01   4.13  12.05
1999  44.88  13.97  18.67  41.90   8.48  13.74
2000 -14.59   8.54   0.72 -26.73  15.49  13.22
2001  28.28  29.93  28.07 -14.73   4.48   3.56
2002 -11.50   3.53   4.02 -33.84 -13.60 -12.24
2003  99.57  55.34  64.09  56.76  38.34  36.30
2004  21.83  28.54  36.97  14.92  19.17  20.72
2005   5.23  11.85  19.72   8.07  11.79  13.15
2006  16.94  19.97  20.28  14.84  13.39  13.74
2007  -5.52  -1.97  -2.17   2.90   9.31  11.74
2008 -50.25 -39.55 -42.89 -48.08 -40.32 -41.25
2009  86.17  67.25  98.71  57.72  47.60  57.26
2010  39.18  31.66  33.56  28.28  25.05  21.81
2011 -16.13  -3.72  -7.30  -7.66   0.83   1.84
2012  16.01  19.01  19.08  17.09  15.92  16.22
2013  28.35  35.35  40.17  35.20  32.19  37.37
2014  -1.12   1.84   1.33   5.06  10.26   8.59
2015  -9.99 -11.90 -16.96  -7.47  -3.75  -4.46
2016  30.81  33.31  25.55  13.36  15.21  14.18
2017  24.64  15.81  16.51  16.97  21.49  22.78
2018 -20.00 -13.12 -18.14 -10.91 -10.29  -7.64
2019  19.26  20.69  22.64  29.05  29.33  31.64



  Number of Firms in Portfolios
              Small                 Big
          Low    2      High   Low    2      High
199007    715    399    297    233    310    233
199008    715    399    297    233    310    233
199009    715    399    297    233    310    233
199010    715    398    297    232    310    233
199011    715    398    296    232    310    233
199012    715    398    296    232    310    233
199101    715    398    296    232    310    233
199102    715    398    296    232    310    233
199103    715    399    296    232    309    233
199104    715    399    296    232    309    233
199105    713    399    296    232    309    233
199106    711    399    296    232    309    233
199107   1500    644    437    269    360    269
199108   1499    644    437    268    360    269
199109   1498    644    437    268    360    269
199110   1497    644    437    268    360    269
199111   1494    644    437    268    360    269
199112   1489    644    436    268    360    269
199201   1487    644    436    268    360    269
199202   1487    644    436    268    360    269
199203   1487    644    436    268    360    269
199204   1487    644    436    268    360    269
199205   1487    644    436    268    360    269
199206   1486    643    436    268    360    269
199207   1754    837    556    303    405    303
199208   1751    836    555    303    405    302
199209   1747    836    555    303    405    302
199210   1744    836    555    303    405    302
199211   1743    835    553    302    405    302
199212   1742    835    553    302    405    302
199301   1742    835    552    302    405    301
199302   1741    835    552    302    405    301
199303   1741    834    551    302    405    301
199304   1738    834    550    302    405    301
199305   1735    834    550    302    405    301
199306   1734    833    550    302    405    301
199307   2110    946    613    359    479    358
199308   2106    944    613    359    479    358
199309   2104    943    613    358    479    358
199310   2103    942    612    358    479    358
199311   2100    939    612    357    479    358
199312   2095    935    609    355    478    358
199401   2087    932    608    351    478    357
199402   2080    932    606    351    477    357
199403   2073    931    604    350    477    356
199404   2064    930    602    350    476    356
199405   2059    928    601    350    475    356
199406   2049    928    599    349    474    356
199407   2501    980    740    414    553    416
199408   2491    978    736    414    552    416
199409   2483    971    733    412    552    414
199410   2474    967    731    411    550    413
199411   2468    963    731    410    549    411
199412   2457    956    728    410    548    410
199501   2446    951    723    408    546    409
199502   2435    948    719    405    546    408
199503   2421    945    715    404    544    408
199504   2408    943    712    403    543    404
199505   2399    941    711    402    543    401
199506   2389    939    710    400    541    400
199507   2934   1037    716    418    556    417
199508   2917   1035    715    416    555    416
199509   2905   1032    711    415    552    415
199510   2884   1030    707    414    549    413
199511   2871   1021    704    412    548    412
199512   2858   1017    703    411    543    411
199601   2841   1008    703    411    540    410
199602   2819   1006    696    407    537    408
199603   2805   1002    690    407    533    407
199604   2792    995    685    406    528    405
199605   2774    993    683    404    527    404
199606   2755    985    681    403    525    404
199607   3261   1105    735    466    622    467
199608   3245   1100    732    465    620    462
199609   3226   1091    731    460    619    458
199610   3211   1085    728    459    618    457
199611   3194   1077    725    458    618    455
199612   3174   1074    721    456    617    455
199701   3150   1065    715    452    611    451
199702   3126   1062    712    452    610    448
199703   3104   1057    706    451    609    448
199704   3084   1049    705    450    609    444
199705   3071   1048    700    448    606    442
199706   3054   1041    696    444    603    442
199707   3672   1205    818    435    583    435
199708   3639   1198    816    431    579    431
199709   3609   1189    809    429    570    428
199710   3575   1181    804    427    566    427
199711   3555   1166    798    425    561    426
199712   3539   1157    792    424    558    423
199801   3503   1139    777    421    556    422
199802   3469   1126    772    417    553    420
199803   3433   1112    766    413    553    420
199804   3401   1103    760    413    548    416
199805   3368   1092    756    410    546    415
199806   3334   1086    749    409    544    413
199807   3657   1339    841    385    512    385
199808   3621   1325    836    381    508    383
199809   3586   1315    831    378    503    382
199810   3533   1305    821    373    501    380
199811   3488   1298    816    371    494    378
199812   3458   1291    813    368    490    377
199901   3410   1280    805    364    487    377
199902   3368   1272    797    363    486    374
199903   3328   1258    788    362    485    373
199904   3277   1243    776    361    483    371
199905   3235   1235    768    356    482    368
199906   3202   1224    756    354    480    367
199907   3357   1595    802    296    397    299
199908   3318   1575    786    294    395    296
199909   3271   1555    777    293    392    292
199910   3237   1540    768    292    390    291
199911   3199   1529    760    291    383    290
199912   3145   1512    752    286    379    290
200001   3109   1503    743    285    378    288
200002   3077   1490    740    283    377    287
200003   3042   1477    729    279    377    287
200004   3017   1457    718    278    375    285
200005   2981   1443    706    275    374    285
200006   2948   1423    701    271    371    283
200007   2811   1924    853    287    384    287
200008   2782   1902    840    284    383    284
200009   2748   1882    832    281    378    283
200010   2708   1856    823    280    377    281
200011   2676   1833    815    279    375    279
200012   2641   1810    806    276    371    275
200101   2602   1792    799    274    368    273
200102   2567   1759    794    272    366    273
200103   2536   1745    786    270    363    272
200104   2492   1731    780    269    363    270
200105   2442   1720    769    268    362    268
200106   2402   1707    762    265    361    265
200107   3146   1376    664    288    383    288
200108   3097   1363    655    287    382    286
200109   3057   1347    648    285    380    283
200110   3032   1342    643    285    379    282
200111   2989   1334    636    285    376    278
200112   2948   1323    630    283    376    278
200201   2914   1315    626    279    372    276
200202   2878   1309    622    277    369    274
200203   2848   1300    617    273    369    274
200204   2812   1294    605    272    367    274
200205   2765   1284    601    272    367    273
200206   2711   1275    597    269    365    273
200207   2925   1105    540    292    391    293
200208   2872   1095    531    290    391    293
200209   2833   1091    529    290    390    291
200210   2789   1085    526    290    390    291
200211   2755   1073    521    288    390    291
200212   2719   1067    519    288    389    291
200301   2684   1059    514    288    389    290
200302   2648   1057    509    287    388    290
200303   2614   1051    505    286    388    290
200304   2589   1047    500    285    387    290
200305   2573   1045    496    284    386    289
200306   2554   1041    493    284    385    289
200307   2559   1150    474    287    383    287
200308   2541   1142    472    286    381    287
200309   2523   1135    468    286    378    287
200310   2511   1130    464    284    378    287
200311   2494   1126    462    284    377    286
200312   2479   1122    458    284    376    286
200401   2456   1117    453    283    376    286
200402   2442   1112    451    283    375    286
200403   2424   1106    447    282    374    285
200404   2410   1100    444    281    373    283
200405   2391   1092    443    278    373    282
200406   2374   1085    440    278    373    282
200407   2430   1029    506    325    434    326
200408   2407   1019    501    325    433    325
200409   2397   1015    496    323    432    324
200410   2389   1010    494    323    431    324
200411   2376   1004    492    322    429    323
200412   2292    985    478    321    428    323
200501   2272    978    478    319    428    323
200502   2259    975    472    318    428    323
200503   2242    972    470    318    428    322
200504   2232    968    467    316    427    321
200505   2216    959    464    314    426    321
200506   2196    953    463    314    426    320
200507   2577    815    486    340    453    340
200508   2560    811    481    338    451    338
200509   2546    808    479    337    448    333
200510   2527    805    476    335    448    332
200511   2507    802    472    335    447    332
200512   2489    797    470    334    445    330
200601   2481    793    468    329    444    330
200602   2460    788    465    325    443    326
200603   2442    786    464    323    441    325
200604   2419    783    457    319    439    322
200605   2409    781    453    318    437    322
200606   2394    778    449    314    437    322
200607   2650    923    463    357    477    357
200608   2636    917    460    356    474    356
200609   2620    915    455    356    474    353
200610   2608    909    449    355    473    353
200611   2584    901    446    354    471    351
200612   2560    896    443    350    468    347
200701   2543    892    438    350    465    347
200702   2510    882    432    348    461    345
200703   2499    876    428    346    461    345
200704   2477    866    425    342    461    343
200705   2459    859    423    340    460    342
200706   2440    851    420    339    457    341
200707   2822    857    413    344    460    345
200708   2796    852    412    342    457    341
200709   2770    846    410    338    455    340
200710   2746    838    406    337    451    337
200711   2718    833    401    335    446    336
200712   2688    826    393    331    442    333
200801   2668    822    391    329    439    330
200802   2649    812    390    328    436    330
200803   2620    807    387    328    433    329
200804   2587    800    385    328    431    329
200805   2554    798    379    327    430    329
200806   2533    796    374    326    428    329
200807   2928    817    406    298    400    299
200808   2907    814    404    297    399    298
200809   2879    810    401    297    396    297
200810   2848    806    401    296    393    296
200811   2793    799    395    295    393    294
200812   2764    797    394    294    391    293
200901   2738    792    392    294    388    293
200902   2715    790    391    290    387    292
200903   2688    788    390    289    387    292
200904   2659    788    388    289    387    291
200905   2628    786    386    289    387    290
200906   2597    783    381    289    387    290
200907   2548    889    413    278    370    278
200908   2524    885    411    277    370    278
200909   2508    883    410    277    370    277
200910   2481    879    406    277    370    277
200911   2451    872    403    277    367    275
200912   2423    870    398    276    365    275
201001   2399    866    397    275    365    274
201002   2377    863    393    275    364    273
201003   2355    860    393    275    362    271
201004   2343    859    389    275    362    269
201005   2320    856    388    274    361    268
201006   2311    850    381    274    360    268
201007   2290    839    460    303    404    303
201008   2270    833    455    301    401    302
201009   2255    827    452    299    401    302
201010   2237    824    452    297    399    301
201011   2222    819    450    296    399    299
201012   2191    813    447    295    398    298
201101   2165    806    445    295    398    298
201102   2149    801    443    295    397    298
201103   2136    796    441    294    394    298
201104   2112    794    436    294    392    297
201105   2101    787    433    292    392    296
201106   2084    782    426    290    391    295
201107   2345    719    430    305    408    306
201108   2329    715    429    304    406    306
201109   2323    710    428    303    406    306
201110   2314    707    426    303    405    304
201111   2295    700    424    303    404    304
201112   2277    698    423    302    403    302
201201   2261    695    422    302    401    300
201202   2225    687    420    301    400    300
201203   2226    685    420    300    400    298
201204   2216    682    418    296    400    297
201205   2205    679    417    295    400    296
201206   2179    677    412    293    400    295
201207   2381    730    419    281    376    281
201208   2366    724    416    279    376    279
201209   2349    722    414    278    375    278
201210   2327    721    414    277    374    278
201211   2312    712    411    275    374    278
201212   2290    708    408    275    373    278
201301   2273    703    404    274    371    278
201302   2264    700    401    273    371    278
201303   2250    696    399    272    371    277
201304   2226    695    396    272    371    277
201305   2213    693    392    271    371    277
201306   2197    693    388    269    370    277
201307   2219    737    418    283    378    284
201308   2202    733    417    282    376    283
201309   2187    728    415    282    376    283
201310   2172    727    412    282    374    282
201311   2149    724    409    281    374    281
201312   2127    719    408    280    374    281
201401   2113    715    404    280    372    281
201402   2101    710    402    280    372    280
201403   2079    706    395    280    371    280
201404   2065    706    394    280    370    280
201405   2051    704    394    279    370    280
201406   2036    699    394    279    369    280
201407   2193    755    397    297    398    299
201408   2180    751    396    297    398    299
201409   2169    746    394    296    398    297
201410   2158    745    392    295    397    297
201411   2140    742    391    294    397    296
201412   2131    742    387    293    396    296
201501   2120    740    382    292    394    294
201502   2101    738    382    290    391    294
201503   2082    734    381    289    390    294
201504   2070    730    380    288    389    293
201505   2060    728    379    288    388    292
201506   2042    727    377    286    388    291
201507   2368    715    363    287    383    287
201508   2346    712    360    286    381    284
201509   2336    707    358    283    380    284
201510   2316    705    357    283    379    284
201511   2296    702    355    280    379    284
201512   2270    701    354    280    378    284
201601   2250    697    353    279    377    284
201602   2227    692    350    277    375    284
201603   2210    689    349    276    374    283
201604   2198    683    348    274    370    283
201605   2181    681    341    272    368    282
201606   2155    677    339    272    366    280
201607   2310    735    353    253    336    254
201608   2289    730    352    253    335    254
201609   2268    728    350    252    335    254
201610   2243    724    348    252    330    251
201611   2226    721    347    251    328    251
201612   2199    719    345    250    328    251
201701   2194    714    344    248    326    251
201702   2180    712    340    248    324    251
201703   2163    708    333    247    324    251
201704   2150    704    331    245    323    250
201705   2134    702    328    245    322    249
201706   2115    701    325    245    322    248
201707   2194    806    310    259    346    260
201708   2183    805    308    258    346    258
201709   2165    802    307    258    344    257
201710   2146    798    304    258    341    256
201711   2132    796    301    255    340    256
201712   2115    793    297    253    339    256
201801   2097    790    298    253    339    255
201802   2080    790    295    252    338    255
201803   2062    788    293    252    338    255
201804   2045    785    291    251    337    253
201805   2029    783    290    251    337    251
201806   2010    780    288    250    337    251
201807   2227    779    320    263    351    263
201808   2217    773    319    259    349    263
201809   2209    771    318    259    349    263
201810   2199    770    318    256    349    263
201811   2189    767    315    255    348    262
201812   2163    764    315    255    344    262
201901   2144    761    314    255    343    261
201902   2128    758    314    254    342    261
201903   2112    758    315    253    341    260
201904   2097    755    313    253    340    260
201905   2083    754    312    251    339    260
201906   2073    753    312    250    339    260
201907   2466    731    336    234    310    234
201908   2452    725    335    231    310    232
201909   2433    725    335    231    310    231
201910   2413    721    334    231    310    230
201911   2384    720    331    230    310    229
201912   2369    719    331    230    310    228
202001   2357    712    328    229    308    228
202002   2336    708    325    229    307    228
202003   2320    707    325    228    307    228
202004   2303    704    321    228    306    227
202005   2286    703    319    226    305    226
202006   2268    701    316    225    305    225



  Average Firm Size
                       Small                                Big
              Low         2           High        Low         2           High
199007      104.68      141.31      141.84     2066.03     3052.89     4643.55
199008      100.93      135.80      136.97     2049.41     3034.18     4612.13
199009       89.48      119.43      118.24     1862.02     2758.01     4188.58
199010       81.65      109.21      107.07     1718.26     2610.03     4010.88
199011       75.53      103.95      102.36     1650.92     2551.17     4072.62
199012       79.66      112.15      109.99     1775.52     2704.37     4290.88
199101       82.15      117.80      115.63     1817.67     2770.48     4412.43
199102       87.58      127.13      127.00     1900.82     2923.64     4577.52
199103       99.07      140.63      140.14     2051.77     3112.28     4910.87
199104      105.19      149.67      147.06     2087.98     3140.33     5064.78
199105      106.04      148.43      149.11     2101.84     3149.60     5059.55
199106      110.83      155.01      156.77     2194.90     3293.27     5230.27
199107       80.67      125.77      120.11     1981.76     2955.64     4865.59
199108       83.36      128.72      126.09     2051.70     3058.89     5139.81
199109       86.16      132.83      130.82     2076.88     3105.03     5299.63
199110       86.25      133.04      131.12     2041.00     3064.31     5188.52
199111       89.83      135.52      134.29     2094.04     3102.62     5262.98
199112       84.98      130.07      128.40     1977.74     2951.15     5121.51
199201       90.24      138.83      140.74     2156.54     3211.27     5760.97
199202       98.89      146.77      151.75     2145.27     3205.23     5607.92
199203      102.34      149.08      157.77     2194.94     3251.48     5585.48
199204       99.42      145.03      150.28     2133.06     3170.74     5450.61
199205       95.69      141.97      144.42     2155.68     3254.28     5547.79
199206       96.92      142.91      141.97     2175.94     3257.83     5562.57
199207       83.96      123.62      120.97     2370.76     2994.87     4795.56
199208       86.58      127.32      125.23     2424.68     3111.91     5040.17
199209       83.12      124.71      123.80     2305.58     3035.23     4991.43
199210       83.45      126.84      127.21     2314.34     3053.00     5029.14
199211       85.27      129.78      133.67     2317.71     3074.21     5099.04
199212       90.82      138.75      144.30     2411.81     3147.81     5257.68
199301       93.88      142.93      148.86     2452.51     3206.03     5315.30
199302       97.38      148.44      153.07     2522.95     3243.43     5257.67
199303       96.11      146.63      147.66     2560.31     3299.94     5217.15
199304       99.40      151.48      152.93     2659.21     3388.13     5260.88
199305       97.77      146.84      148.06     2648.06     3348.75     5011.39
199306      102.51      152.80      154.31     2701.39     3414.30     5173.18
199307       91.58      131.99      125.03     2290.62     3017.06     4842.87
199308       92.28      133.02      125.67     2318.51     3011.92     4765.77
199309       96.42      138.39      132.08     2420.62     3100.84     4931.53
199310       98.43      140.83      136.47     2406.80     3100.59     4864.49
199311      102.23      144.13      141.78     2434.90     3104.17     5017.83
199312       98.87      140.38      138.75     2385.51     3030.42     4978.13
199401      100.94      145.00      143.75     2437.10     3103.13     5021.49
199402      105.26      147.78      147.07     2554.63     3195.12     5149.38
199403      103.40      147.76      147.19     2466.27     3120.49     5003.32
199404       98.13      141.21      138.71     2362.27     2987.49     4754.55
199405       98.23      141.32      138.72     2382.82     2998.72     4819.81
199406       97.70      139.92      136.53     2432.76     3017.27     4853.32
199407       84.62      116.96      112.37     1874.98     2585.00     4543.43
199408       85.62      119.06      113.93     1953.93     2661.33     4666.72
199409       89.04      124.84      120.76     2042.20     2748.70     4895.19
199410       89.48      126.01      121.47     2005.55     2672.81     4803.67
199411       88.60      126.42      122.35     2027.57     2730.12     4895.91
199412       84.67      122.53      116.91     1931.96     2605.22     4737.65
199501       84.73      124.75      118.59     1965.89     2639.08     4800.89
199502       84.72      123.03      118.94     1991.13     2682.14     4926.22
199503       87.50      127.45      122.38     2060.76     2809.38     5096.28
199504       89.76      130.20      124.63     2125.65     2877.23     5258.18
199505       92.60      133.18      126.25     2184.67     2922.96     5448.96
199506       95.01      135.23      128.38     2248.17     3034.05     5642.08
199507       93.45      146.94      136.42     2166.42     3197.65     5813.96
199508       98.37      155.53      146.62     2271.11     3301.75     6031.42
199509      101.83      158.27      148.95     2325.87     3300.09     6066.05
199510      104.94      159.54      152.79     2385.34     3420.24     6356.88
199511       99.27      150.58      146.14     2350.19     3347.90     6394.24
199512      103.67      155.06      150.95     2481.71     3485.06     6616.78
199601      105.53      157.57      152.77     2513.38     3517.10     6716.31
199602      107.22      155.08      153.85     2572.64     3599.52     6997.64
199603      109.95      160.36      160.35     2618.70     3640.17     7073.79
199604      111.78      164.04      166.60     2653.66     3704.16     7097.14
199605      119.57      174.27      179.64     2705.57     3778.98     7212.99
199606      126.99      182.30      188.01     2743.02     3844.95     7362.80
199607      114.27      171.40      155.07     2277.65     3794.24     6876.66
199608      103.92      157.90      143.07     2136.59     3631.57     6564.48
199609      109.73      166.97      151.45     2235.19     3753.84     6748.10
199610      113.30      172.79      157.52     2344.63     3935.90     7160.02
199611      111.60      174.50      157.29     2387.27     4057.55     7248.60
199612      114.73      181.18      161.80     2536.04     4306.29     7826.68
199701      116.04      185.58      163.75     2491.82     4225.79     7723.86
199702      120.67      192.22      170.19     2587.92     4424.05     8274.95
199703      118.40      185.97      165.54     2589.44     4430.13     8281.08
199704      111.02      179.11      158.15     2466.24     4273.56     7903.56
199705      107.73      179.45      156.60     2528.42     4423.87     8443.88
199706      118.92      199.15      176.52     2736.14     4688.89     8991.61
199707      128.43      215.93      198.76     3302.81     4885.55     9769.92
199708      135.09      227.35      210.63     3578.31     5388.75    10460.15
199709      138.44      233.89      217.15     3467.97     5215.04     9882.88
199710      150.35      253.12      233.64     3708.53     5553.11    10368.10
199711      143.28      244.04      225.53     3570.41     5376.14    10058.70
199712      138.43      240.67      219.09     3574.91     5534.43    10639.39
199801      138.06      241.20      219.88     3655.29     5657.24    10830.26
199802      135.99      238.92      218.84     3694.94     5533.59    11133.79
199803      145.82      256.39      236.95     4009.61     5986.98    11840.16
199804      151.95      268.13      247.97     4276.03     6299.60    12511.90
199805      154.29      273.65      249.77     4438.16     6358.57    12586.42
199806      146.63      260.60      237.26     4275.05     6200.70    12445.38
199807      158.46      259.40      278.38     4616.53     7995.65    13392.75
199808      146.22      241.14      258.22     4466.85     7856.77    13257.35
199809      113.48      194.95      208.32     3606.63     6615.35    11472.59
199810      122.74      204.86      217.93     3809.78     6854.51    12381.26
199811      126.82      213.77      228.38     4077.46     7387.57    13335.83
199812      136.31      224.47      240.85     4320.37     7762.31    14168.05
199901      142.32      233.78      253.50     4525.98     8191.27    15033.42
199902      148.52      232.71      252.64     4710.77     8366.93    15842.96
199903      138.30      215.72      233.85     4671.84     8080.27    15172.47
199904      141.07      213.90      234.84     4915.38     8518.49    15616.94
199905      154.59      235.66      255.70     5297.23     8927.43    16202.13
199906      155.56      238.72      262.33     5231.04     8708.29    15899.30
199907      174.23      310.71      342.35     6831.22    12355.40    20399.45
199908      170.69      305.21      343.26     6596.91    11912.06    19999.35
199909      168.19      295.05      331.63     6465.56    11728.31    20359.93
199910      169.14      293.47      328.74     6328.84    11522.57    19675.05
199911      169.06      290.62      323.56     6825.47    12617.76    20463.79
199912      181.89      296.67      342.81     7202.38    12656.48    21120.34
200001      208.09      314.61      375.40     8092.72    13418.13    22521.90
200002      213.92      305.28      349.19     7883.88    12863.10    21449.46
200003      273.65      327.18      365.00     8409.03    12716.98    21161.26
200004      242.46      326.59      376.91     8684.56    14064.63    23422.57
200005      212.89      318.07      369.98     8137.51    13729.73    22469.10
200006      197.83      311.04      358.76     7443.95    13631.21    21917.66
200007      221.65      316.22      379.43     8735.88    14439.07    24191.74
200008      206.02      317.83      389.52     8400.84    14588.19    23726.69
200009      222.90      340.11      410.41     9460.91    15833.59    25215.96
200010      208.03      337.53      401.81     8714.46    15347.98    23973.97
200011      187.94      328.01      398.94     7966.56    14882.18    24488.54
200012      154.87      312.96      384.53     6281.89    13704.44    22966.38
200101      161.25      344.42      421.65     6411.30    14222.15    22778.14
200102      179.88      359.32      432.71     6812.57    14445.99    23399.47
200103      158.00      348.25      425.83     5696.89    12919.64    21749.85
200104      146.34      339.09      407.69     5035.58    12288.01    20172.46
200105      162.71      361.35      436.48     5701.50    13146.91    21920.61
200106      172.42      376.18      455.60     5642.64    13342.39    22214.49
200107      194.26      369.72      384.00     8690.29    12671.51    19001.49
200108      177.45      362.42      381.05     8155.32    12543.33    19160.91
200109      167.74      355.64      365.66     7314.16    11791.52    18320.52
200110      141.42      312.36      315.67     6398.45    10797.26    17048.47
200111      154.95      327.13      338.63     6574.44    11019.84    17497.17
200112      168.85      351.89      364.13     7263.76    11887.67    18687.67
200201      181.02      375.38      384.24     7344.00    12195.32    18962.40
200202      177.34      375.45      392.72     6988.26    12061.75    19051.24
200203      165.97      378.35      398.48     6589.97    11795.33    18964.35
200204      180.87      407.29      435.66     6929.07    12423.17    19484.50
200205      178.58      422.92      449.15     6368.24    11876.49    18310.18
200206      172.83      416.67      439.45     6318.35    11786.77    18158.59
200207      185.14      343.44      369.48     7731.53     9591.47    15692.88
200208      159.13      299.56      324.66     6952.03     8753.98    14799.89
200209      158.79      302.41      332.77     6966.92     8975.24    14761.09
200210      145.65      286.07      315.60     6192.77     8047.42    13251.39
200211      154.53      295.79      320.62     6836.25     8678.43    14201.25
200212      174.87      312.08      333.46     7544.30     9102.51    14760.70
200301      163.77      305.76      327.51     6895.17     8560.20    14225.07
200302      162.82      299.56      322.49     6859.64     8252.52    13849.05
200303      158.93      293.02      314.36     6666.25     8217.54    13560.87
200304      160.77      294.00      321.51     6682.66     8223.06    13778.15
200305      178.79      318.07      349.69     7441.34     8780.66    14665.17
200306      204.16      342.25      383.53     8094.56     9246.65    15353.60
200307      215.09      368.05      345.78     8323.36    10656.07    14492.37
200308      231.42      388.34      357.30     8687.65    10935.09    14446.12
200309      246.48      405.20      371.46     8959.33    11279.49    14584.71
200310      246.17      398.80      371.79     8743.24    11218.14    14471.58
200311      269.82      431.87      404.22     9416.40    11857.88    15160.38
200312      280.85      446.89      422.73     9576.52    11982.58    15302.82
200401      288.30      461.12      436.15    10082.89    12532.00    15961.49
200402      306.66      471.50      448.54    10500.34    12689.54    16129.97
200403      306.93      483.65      461.45    10616.17    12912.08    16450.56
200404      308.49      491.54      474.79    10304.74    12754.64    16311.69
200405      290.99      475.96      466.00     9882.20    12413.50    16366.92
200406      295.30      480.55      470.69    10105.65    12652.41    16311.03
200407      282.69      447.11      452.70     9656.80    12179.87    13682.36
200408      257.76      431.13      441.66     9175.73    11894.28    13229.13
200409      255.77      429.31      433.11     9101.96    11937.66    13357.17
200410      270.03      453.37      460.61     9360.62    12163.00    13470.02
200411      274.52      463.33      472.34     9395.05    12452.72    13616.18
200412      304.23      512.28      533.27     9831.91    12826.15    14197.07
200501      315.97      526.12      548.09    10224.73    13162.83    14734.41
200502      300.93      513.46      538.74     9821.75    12841.45    14511.89
200503      306.99      528.04      558.27     9877.85    13229.08    14871.97
200504      296.28      520.49      545.75     9657.36    13100.50    14665.53
200505      274.70      494.45      514.32     9424.35    12854.19    14302.88
200506      291.56      521.48      545.24     9875.94    13221.21    14755.98
200507      307.94      531.89      539.90    10451.24    11860.40    14856.55
200508      327.59      565.55      580.34    10859.86    12365.56    15516.52
200509      327.23      558.05      577.27    10916.27    12217.80    15476.35
200510      333.45      562.52      591.09    11005.37    12351.09    15569.67
200511      321.50      541.61      562.27    10943.81    12147.97    15014.68
200512      338.19      567.29      595.62    11497.05    12689.25    15462.08
200601      338.42      560.50      604.23    11627.79    12728.76    15486.98
200602      372.80      603.41      657.75    12181.98    13013.78    16104.77
200603      373.43      597.95      640.39    12174.57    13156.15    15904.72
200604      389.44      626.88      666.28    12377.39    13402.47    16096.48
200605      393.73      637.26      687.00    12524.29    13569.90    16379.62
200606      369.50      611.81      654.52    12145.16    13194.30    15901.27
200607      310.06      548.86      611.96     9504.15    12891.89    15683.37
200608      299.50      537.03      593.69     9378.16    12989.96    15765.21
200609      310.96      548.50      607.34     9667.09    13354.94    16018.02
200610      309.71      550.80      607.63     9860.85    13696.13    16162.89
200611      325.43      582.96      643.68    10229.83    14122.10    16854.09
200612      331.59      592.98      657.00    10509.43    14390.90    17228.98
200701      332.82      599.33      652.99    10653.79    14689.21    17185.40
200702      335.26      611.23      665.74    10885.61    14781.26    17557.75
200703      334.51      610.72      666.88    10818.07    14454.13    17255.23
200704      338.97      622.32      677.14    10905.57    14561.14    17587.76
200705      346.02      636.66      711.73    11385.64    15185.45    18383.50
200706      358.04      658.14      747.49    11742.87    15854.00    19215.51
200707      369.17      638.09      698.29    11248.22    16185.87    18190.62
200708      348.71      603.36      656.35    10801.29    15787.63    18005.54
200709      346.45      611.99      639.25    10979.52    16135.20    18082.42
200710      357.75      620.30      649.33    11357.70    16830.74    19054.07
200711      368.80      638.45      658.28    11553.89    17419.94    19538.10
200712      333.85      596.16      601.03    10834.02    16669.43    18819.82
200801      334.73      593.46      603.46    10691.29    16452.14    19193.83
200802      308.18      555.65      561.90    10161.09    15481.40    17897.77
200803      302.83      543.18      556.55     9828.62    14977.07    17921.16
200804      296.66      547.18      550.74     9676.05    14746.08    17861.36
200805      303.79      568.78      579.61    10135.22    15364.97    18943.10
200806      319.29      591.47      617.02    10308.02    15698.47    19503.64
200807      305.26      576.71      606.60    10801.99    15997.16    18075.74
200808      308.45      586.09      607.69    10902.21    15780.09    17433.19
200809      316.61      609.10      629.74    10792.57    16014.26    17667.80
200810      284.11      556.61      550.45     9890.95    14399.03    15981.17
200811      220.30      439.15      423.68     7736.52    11964.23    13256.10
200812      193.46      385.95      363.84     6761.64    11148.76    12455.69
200901      203.69      405.62      384.91     6844.33    11235.78    12598.70
200902      185.68      364.71      348.17     6158.11    10296.84    12004.31
200903      164.20      324.32      308.68     5479.54     9214.22    10910.58
200904      181.10      351.42      340.47     6105.72     9921.60    11463.80
200905      209.69      412.63      411.87     6815.59    10888.41    12441.44
200906      224.82      429.02      440.41     7415.41    11566.23    13159.05
200907      222.47      457.85      388.92     8452.07    11358.33    14110.37
200908      245.45      505.22      432.66     9252.64    12355.24    14940.38
200909      254.67      524.80      449.65     9764.11    12657.76    15078.51
200910      273.01      561.97      495.73    10118.67    13230.09    15674.61
200911      251.71      537.76      468.77     9535.34    12826.31    15696.64
200912      263.24      555.51      489.03     9930.82    13612.15    16558.05
201001      284.09      597.19      535.01    10158.36    13996.22    16872.09
201002      277.32      576.53      519.45     9922.84    13471.75    16102.62
201003      292.69      605.48      548.80    10348.79    13950.09    16532.71
201004      317.01      651.37      592.05    11080.03    14847.76    17367.72
201005      337.38      683.59      634.57    11253.72    14977.08    17781.40
201006      308.39      631.88      595.12    10367.49    13862.70    16242.32
201007      275.55      516.48      513.72     9224.52    11259.25    15969.67
201008      295.76      554.15      545.38     9797.33    12158.64    17068.31
201009      276.51      521.68      505.06     9252.35    11639.54    16427.77
201010      313.75      582.07      567.48    10078.47    12767.58    17921.67
201011      328.20      608.75      592.06    10351.60    13256.90    18750.66
201012      345.24      630.84      616.65    10442.22    13276.59    18819.48
201101      379.97      675.66      656.89    11357.68    14189.89    19740.71
201102      382.26      673.13      662.84    11582.01    14592.88    20085.09
201103      406.83      715.88      692.80    12135.41    15257.56    20642.94
201104      414.36      732.04      719.60    11941.53    15370.15    20864.49
201105      422.16      757.89      733.39    12149.87    15792.16    21443.09
201106      405.36      741.36      730.84    11821.72    15590.53    21329.42
201107      370.89      733.47      691.60    12448.09    13980.11    20383.02
201108      359.06      709.80      672.24    11963.35    13682.22    20168.93
201109      323.57      662.50      609.93    11065.97    12919.69    19175.05
201110      280.03      588.92      539.48     9916.28    11821.30    17924.41
201111      322.85      667.83      621.57    11165.41    13169.74    19748.58
201112      317.02      668.48      613.23    10906.12    13187.44    19839.12
201201      317.53      668.29      613.17    10950.25    13258.56    19975.47
201202      346.55      713.04      656.39    11644.18    13849.51    20908.56
201203      353.48      731.58      682.58    12199.64    14388.19    21929.74
201204      357.63      745.66      691.06    12738.71    14606.12    22427.00
201205      349.74      735.97      683.19    12533.94    14583.99    22391.60
201206      322.38      689.14      642.09    11518.50    13590.58    21038.21
201207      355.90      705.16      708.25    12630.19    15104.77    21880.32
201208      351.75      708.06      697.04    12625.76    15367.33    22257.26
201209      366.30      735.89      719.10    13107.38    15781.57    22713.38
201210      381.53      763.15      740.79    13691.86    16247.13    23040.04
201211      374.53      755.68      722.64    13684.43    15990.44    22449.73
201212      375.61      760.94      735.19    13702.47    16227.84    22341.50
201301      386.33      777.70      760.09    14128.87    16432.54    22221.78
201302      407.92      820.11      813.08    15037.30    17361.16    23091.57
201303      405.65      815.25      818.31    15202.84    17503.34    23289.85
201304      422.42      848.87      862.56    15771.34    18030.39    24127.46
201305      418.07      843.44      845.04    15964.78    18225.86    24603.49
201306      433.77      874.77      886.86    16761.29    18430.72    25042.28
201307      422.86      863.34      843.26    15291.29    18521.50    22949.32
201308      456.07      922.46      902.29    16340.59    19583.53    24038.50
201309      447.56      899.62      885.45    15820.83    19018.30    23495.18
201310      470.44      953.24      936.26    16407.84    19834.00    24214.52
201311      477.01      991.29      972.24    16969.33    20724.01    25282.58
201312      494.63     1026.28     1011.70    17472.37    21076.24    26079.53
201401      506.61     1048.42     1020.42    18060.27    21624.80    26668.98
201402      502.07     1000.34      967.66    17520.51    21069.82    25359.38
201403      529.19     1054.26     1015.27    18197.96    22099.12    26488.55
201404      522.38     1063.65     1025.67    18256.36    22205.94    26760.72
201405      501.27     1048.78     1014.57    18062.39    22216.93    27297.73
201406      503.99     1054.02     1009.78    18348.46    22723.45    27820.22
201407      529.88     1032.98     1066.31    16290.08    23233.73    26319.14
201408      497.90      971.37     1008.06    15924.83    22730.64    26055.81
201409      520.62     1011.74     1062.29    16648.13    23446.12    27312.45
201410      486.42      944.69     1017.99    16290.01    22950.85    26774.75
201411      506.58      988.52     1047.47    16441.63    23390.37    27365.08
201412      506.53      982.32     1051.80    16762.48    23661.22    28418.56
201501      516.46      993.29     1056.01    16794.97    23778.50    28088.36
201502      486.15      945.77     1013.76    15952.27    22948.55    27453.44
201503      522.26     1002.47     1078.96    17145.05    24213.31    29022.14
201504      521.94     1020.16     1093.31    16936.82    23798.15    28456.28
201505      519.62     1011.71     1081.63    17253.77    23982.76    28940.97
201506      531.58     1012.30     1086.02    17575.33    24072.68    29154.48
201507      545.51     1045.10     1075.32    18280.95    25119.78    26383.26
201508      526.45     1008.51     1047.81    18442.50    25571.35    26931.01
201509      496.55      960.44      985.26    17360.44    24012.89    25316.50
201510      468.80      906.44      925.51    16483.91    23329.30    24734.64
201511      491.49      964.34      976.88    17874.78    25201.39    26475.04
201512      513.59      973.11      988.21    18065.78    25174.30    26373.45
201601      487.73      915.62      930.75    17572.23    24775.55    25581.06
201602      436.85      859.48      867.13    16096.09    23730.51    24218.41
201603      440.80      874.62      885.60    15808.44    23701.41    24520.48
201604      477.77      947.39      961.46    16973.00    25470.39    26157.01
201605      504.50      970.37      979.56    17501.61    25831.47    25980.87
201606      512.11      978.68      988.31    17741.95    26228.02    26220.93
201607      516.48      994.63     1174.88    19835.42    26751.19    28546.28
201608      546.94     1039.62     1257.08    20477.39    27730.07    29742.97
201609      555.40     1051.90     1274.56    20747.71    27676.37    29672.83
201610      571.03     1060.54     1266.99    20802.77    27674.07    30041.49
201611      537.50     1027.03     1217.14    20646.57    27394.50    29215.80
201612      592.43     1126.10     1315.67    22199.40    27979.11    30203.00
201701      600.62     1157.06     1341.70    22665.30    28675.73    30525.75
201702      610.91     1163.51     1345.05    22985.97    29372.44    31304.62
201703      623.43     1170.44     1358.78    23521.24    30221.62    32547.42
201704      623.90     1165.27     1370.06    23336.15    30382.25    32822.17
201705      621.91     1170.63     1393.97    23347.07    30748.77    33340.62
201706      608.21     1154.74     1374.89    23048.30    31078.97    34271.70
201707      584.74     1156.02     1335.65    22131.95    29065.97    33231.41
201708      594.02     1169.62     1341.99    22756.77    29662.58    33690.20
201709      589.30     1151.59     1320.89    22358.50    29499.34    34090.56
201710      625.37     1211.93     1390.93    23185.34    30285.39    34702.34
201711      623.91     1226.89     1416.19    23709.75    30969.53    35686.07
201712      632.89     1262.01     1488.23    24187.68    31697.24    37251.98
201801      641.44     1262.29     1514.09    24541.50    31862.40    37940.00
201802      663.05     1292.89     1546.42    25898.67    33573.06    40282.43
201803      638.72     1221.28     1479.92    24528.32    32234.32    38994.16
201804      637.93     1232.60     1496.07    24164.27    31491.50    38072.08
201805      652.59     1234.25     1490.85    24522.93    31569.49    38278.52
201806      694.20     1292.80     1522.20    24878.98    32235.89    39411.45
201807      641.90     1280.65     1495.67    22208.28    29234.73    41978.91
201808      645.75     1308.90     1524.16    23057.32    30221.38    43654.43
201809      671.36     1347.94     1546.44    23371.73    30817.59    45814.39
201810      658.22     1319.82     1513.54    23415.61    30819.15    46139.98
201811      583.60     1189.37     1336.50    21548.15    28758.82    42623.09
201812      584.23     1196.20     1338.88    21965.07    29377.94    43082.45
201901      518.52     1064.99     1175.30    19786.79    26757.22    39104.61
201902      573.80     1175.93     1319.33    21756.55    29257.36    41920.76
201903      603.31     1230.83     1374.95    22449.61    30134.42    43593.57
201904      589.52     1191.58     1343.27    22374.70    30183.99    44761.73
201905      601.19     1243.97     1406.42    23504.98    31355.16    46708.17
201906      558.27     1142.82     1281.52    21691.17    29466.61    43477.28
201907      644.47     1369.58     1462.03    23525.98    35354.41    49538.08
201908      647.77     1377.17     1464.59    23768.84    35729.26    50591.43
201909      612.21     1307.08     1368.09    22851.15    34663.99    50401.13
201910      614.89     1360.18     1421.63    23222.53    35309.19    51109.91
201911      629.36     1378.90     1466.72    23652.31    35808.73    52679.19
201912      663.77     1414.17     1505.65    24692.68    37052.33    54441.54
202001      690.63     1469.12     1557.94    25445.60    37852.93    56361.44
202002      664.35     1417.91     1493.15    25679.50    37270.94    57074.61
202003      614.02     1279.34     1340.83    23474.62    34093.96    52518.28
202004      481.06      973.02      964.92    19335.61    29165.31    47465.53
202005      559.23     1119.51     1160.90    21961.88    32866.41    53968.89
202006      595.76     1198.63     1272.80    22947.15    34569.50    56806.57
