This file was created using the 202006 Bloomberg database. It contains
value- and equal-weighted returns for the intersections of 2 ME portfolios
and 3 prior return portfolios in North_America.

The portfolios are constructed monthly.  ME is market cap at the end of the
previous month.  Prior return is from -12 to - 2.

Missing data are indicated by -99.99.



  Average Value Weighted Returns -- Monthly
               Small                 Big
          Low     2    High    Low     2    High
199011   8.00   4.62   7.23   9.35   7.10   4.94
199012   2.83   3.84   4.52   5.11   3.88   1.76
199101   8.04   5.14   7.93   8.73   3.72   3.58
199102  14.25   9.37  10.87   8.31   6.62   7.28
199103   5.11   4.41   9.07   1.31   1.98   3.68
199104   0.35   1.63   0.45   1.44   0.97  -0.99
199105   2.62   3.40   5.18   5.53   3.56   3.97
199106  -3.64  -2.22  -4.92  -5.06  -4.52  -3.76
199107   1.52   2.47   6.65   2.90   3.63   7.09
199108   1.30   3.17   5.07   2.10   1.97   3.95
199109  -1.40   0.46   1.69  -1.78  -1.34  -1.05
199110   1.64   2.01   4.73   0.97   2.20   2.44
199111  -4.75  -2.46  -4.62  -4.68  -3.19  -3.47
199112   2.46   5.16  10.26   6.88  11.45  15.70
199201   8.86   6.73   9.71   1.15  -2.42  -1.75
199202   3.05   3.23   2.63   1.73   0.82   1.20
199203  -3.62  -0.67  -3.96  -2.49  -1.78  -3.38
199204  -3.56  -2.98  -4.04   4.28   1.79  -0.83
199205   1.22   0.70   0.84   0.30   0.25   1.83
199206  -4.80  -2.31  -3.66  -1.44  -0.88  -3.70
199207   1.88   3.05   3.64   3.39   4.37   4.11
199208  -2.69  -1.79  -3.19  -1.49  -1.79  -3.00
199209  -1.11   1.62   2.47   0.40   0.83   1.99
199210   1.37   2.56   3.22   0.35   0.34   3.10
199211   6.55   5.37   7.39   2.25   3.10   5.17
199212   1.69   3.95   6.18  -0.31   2.34   2.30
199301   1.68   3.52   5.51  -1.87   0.83   4.24
199302  -2.67   0.54  -0.09  -1.37   1.71   1.47
199303   1.55   2.77   5.70   0.72   2.49   4.85
199304  -2.76  -1.61  -1.87  -1.79  -2.31  -3.26
199305   5.35   3.41   4.99   3.11   1.55   5.42
199306  -0.46   0.17   3.26  -2.61   1.36   3.36
199307  -0.01   2.20   1.19  -2.06   0.02   1.65
199308   3.23   3.15   5.53   3.51   2.90   5.88
199309   0.97   1.78   3.47  -2.05  -0.02   1.51
199310   4.56   2.95   4.70   3.89   0.41   0.73
199311  -1.18  -2.29  -4.19   1.59  -2.52  -4.17
199312   0.93   2.83   3.92   0.88   2.27   2.81
199401   3.15   2.99   4.57   3.25   2.53   4.36
199402  -0.76  -0.28  -2.16  -2.62  -2.54  -2.40
199403  -4.25  -4.88  -5.85  -3.88  -4.38  -5.07
199404  -1.59  -0.27  -0.40   1.87   1.02  -0.24
199405   0.40  -0.40  -2.18   1.51   1.36  -0.10
199406  -3.74  -1.95  -4.03  -2.10  -2.80  -4.35
199407   1.19   1.39   1.88   3.21   3.74   2.29
199408   4.45   4.31   4.71   3.79   3.55   6.56
199409   0.29   0.46   1.71  -2.42  -2.20  -1.22
199410  -1.41  -0.51   0.94   1.60   2.07   1.37
199411  -4.84  -4.06  -3.89  -3.06  -3.38  -4.77
199412  -1.51   1.44   3.24   0.05   1.81   1.65
199501   0.34  -0.76  -0.25   2.81   2.42   1.05
199502   3.10   3.18   3.87   5.34   3.71   3.66
199503   2.31   1.96   2.94   3.35   2.08   3.19
199504   2.66   2.97   3.72   0.75   2.66   3.46
199505   1.64   2.21   2.06   4.17   3.76   3.10
199506   3.18   4.02   8.40   2.74   1.22   5.26
199507   4.10   5.12   8.50   3.24   3.19   4.86
199508   2.08   3.34   2.95   1.16   0.81   0.51
199509   0.69   1.95   3.25   2.73   3.82   4.45
199510  -6.87  -3.57  -4.83  -3.68   0.21   0.13
199511   1.99   3.63   4.23   6.27   4.65   2.92
199512   0.61   3.04   3.73   1.17   2.11   0.69
199601   1.18   1.36   0.84   1.35   3.33   3.48
199602   3.02   2.92   4.63   1.51   0.67   3.09
199603   2.47   2.30   3.01   3.14   1.27  -0.18
199604   6.10   4.17   8.91   4.26   1.14   1.97
199605   4.27   4.17   7.06   2.21   1.88   3.47
199606  -3.91  -2.94  -5.40  -1.20   0.44  -1.75
199607  -7.50  -6.50  -9.97  -5.77  -3.78  -6.21
199608   4.62   4.94   7.71   4.16   2.76   2.67
199609   2.12   3.76   4.78   4.15   4.92   6.73
199610  -1.71   1.18  -0.52  -0.91   2.95   2.85
199611   3.86   3.79   2.27   7.73   7.80   5.45
199612  -0.11   2.61   2.44  -0.11  -1.44  -2.33
199701   4.34   2.85   4.47   3.06   5.41   7.72
199702  -1.62   0.48  -4.16   0.69   1.62  -3.04
199703  -6.67  -3.58  -4.67  -5.01  -3.33  -5.44
199704  -3.68  -0.30  -1.23   0.68   4.57   7.79
199705  14.53   9.69  11.16  10.29   5.92   5.88
199706   3.47   5.89   6.63   2.83   3.73   5.14
199707   4.15   4.77   7.66   6.19   6.63  10.10
199708   3.48   2.44   3.69  -1.75  -4.84  -5.34
199709   7.97   7.83  10.47   4.60   4.88   6.79
199710  -5.03  -2.06  -3.91  -3.32  -2.94  -4.03
199711  -4.97  -1.07  -1.92   3.27   4.58   1.86
199712  -3.01   1.95   1.68   1.01   2.50   2.03
199801   0.08  -1.63  -1.72  -0.72   0.49   1.20
199802   7.62   7.77   7.10   8.26   6.87   7.94
199803   3.58   5.22   5.63   4.84   5.27   5.64
199804   1.80   1.23   1.66   0.49   0.59   2.49
199805  -6.47  -4.06  -5.04  -3.90  -1.87  -1.47
199806  -5.34  -0.72   1.99  -0.49   3.72   7.34
199807  -9.56  -6.75  -5.71  -3.07  -2.23  -0.11
199808 -22.43 -16.99 -21.02 -15.53 -15.22 -15.70
199809   6.36   4.56   9.42   9.96   4.70   6.60
199810   6.48   3.15   2.79   9.78   9.30   5.80
199811   4.98   4.99   8.53   6.48   5.52   6.48
199812   1.98   5.64   9.99  -1.17   4.38  10.51
199901   0.73  -0.70   5.31   1.15   0.87   6.79
199902  -6.83  -7.30  -6.77  -2.73  -1.96  -5.14
199903   1.27  -1.47   3.78   5.19   1.95   5.45
199904  10.81   6.14   7.61  13.03   7.34   0.07
199905   3.56   1.94   2.11  -0.41  -2.08  -2.97
199906   4.49   5.80   9.69   0.09   3.45   8.14
199907  -1.71  -0.38  -0.56  -3.97  -3.98  -1.82
199908  -4.02  -2.99  -1.00  -2.43  -0.91   0.09
199909  -1.92  -0.89   2.25  -8.13  -2.24   0.24
199910  -3.10  -0.44   3.08   6.15   6.66   6.76
199911   3.24   2.95  11.88  -0.66  -0.66   9.24
199912   4.67   5.10  20.01  -3.29  -0.01  19.33
200001  -3.04  -1.88   3.84  -4.00  -4.37  -4.29
200002   1.54   5.78  32.43  -9.52  -4.27  18.23
200003   6.71   4.10  -7.41  11.11  10.74  -0.34
200004  -2.48  -1.02 -16.17   2.94  -5.01  -8.19
200005  -0.78  -0.24 -10.29   3.87  -0.81 -11.22
200006   0.88   2.25  23.08  -1.03  -0.43  11.74
200007   0.45   0.30  -9.24  -3.22  -0.18  -2.16
200008   4.68   7.50  13.30   5.42   4.08  13.72
200009  -4.63  -1.08  -4.10  -3.04   0.50 -12.50
200010  -4.47  -2.64  -8.16   4.04  -0.53  -7.98
200011  -8.95  -4.80 -16.77  -6.04  -5.89 -21.96
200012   3.63   8.10   9.67   0.71   0.79   4.41
200101  21.63   4.19  -0.24  16.66  -0.44  -6.02
200102 -12.86  -2.95  -4.56 -16.53  -6.78  -2.97
200103 -10.87  -2.50  -2.57 -11.65  -5.66  -3.50
200104  14.90   6.51   6.74  13.66   5.07   4.12
200105   4.37   5.04   4.27  -2.01   1.97   2.58
200106   2.84   2.19   3.51  -2.17  -2.40  -2.03
200107  -9.68  -1.87  -1.75  -3.13  -0.66   0.38
200108  -8.60  -0.98  -2.42  -9.37  -4.50  -3.12
200109 -22.25 -12.10  -9.45 -15.67  -4.19  -5.73
200110  14.64   4.90   4.20   4.00   1.14  -0.18
200111  15.20   7.45   5.73  12.40   5.56   4.57
200112   8.69   6.52   5.84  -0.63   2.25   2.63
200201  -5.37  -0.06   1.11  -2.35  -1.33  -1.23
200202  -7.60  -0.48  -0.82  -5.05  -0.68   0.79
200203  10.32   8.08   7.83   3.79   4.04   4.01
200204  -4.06   1.45   1.68  -9.55  -4.46  -0.40
200205  -7.25  -2.52  -1.35  -1.33  -0.47  -0.30
200206 -11.03  -4.60  -2.23  -9.59  -6.31  -4.85
200207 -16.97 -11.89 -12.39  -8.75  -6.73  -6.98
200208  -1.43   1.75   1.11  -0.21   1.54   1.55
200209 -13.48  -5.85  -4.20 -15.06  -8.43  -5.66
200210   7.89   2.39   3.80  11.89   5.89   4.34
200211  21.91   4.97   2.98  10.87   3.18  -1.24
200212  -9.97  -2.58  -0.02  -9.86  -4.11  -0.49
200301  -3.06  -1.61  -0.35  -2.02  -3.01  -1.36
200302  -4.39  -2.59  -1.15  -1.55  -1.53  -0.86
200303   0.44   0.11   1.31   0.22   1.59   0.99
200304  15.48   8.13   6.85  13.95   6.10   5.16
200305  16.43   8.27   8.02  10.78   3.75   5.53
200306   4.09   2.11   3.33   2.34   0.89   1.60
200307   6.72   4.74   6.34   2.45   1.43   1.68
200308   5.72   4.18   6.04   2.37   1.97   2.95
200309  -0.48  -0.40  -0.33  -0.68  -1.36  -1.20
200310   7.10   7.92  10.40   4.83   4.49  10.64
200311   3.51   3.62   4.24   0.91   0.64   3.52
200312   6.33   2.47   2.37   6.76   4.22   1.00
200401   2.69   3.35   6.04   1.62   1.70   3.05
200402   1.58   1.69   1.15   1.75   1.85   0.93
200403   0.98   1.39   0.32  -1.98  -0.88  -0.80
200404  -2.37  -3.13  -6.50   0.61  -2.67  -5.82
200405   0.03   0.84   1.88   0.72   1.55   2.65
200406   2.63   4.23   4.21   1.74   1.36   4.17
200407  -6.73  -5.06  -6.72  -2.62  -3.03  -6.62
200408  -0.42  -0.20  -1.82   0.85  -0.03  -0.36
200409   3.76   4.86   7.94  -0.03   1.24   6.21
200410   2.64   2.75   1.69   2.86   0.77   1.91
200411   7.83   8.43  10.11   2.42   4.53   6.76
200412   5.12   2.79   3.12   4.59   3.54   1.67
200501  -6.22  -3.26  -1.57  -3.59  -1.63  -1.78
200502   0.71   1.51   4.49   0.85   2.56   4.57
200503  -2.85  -1.58  -2.75  -2.43  -0.98  -0.61
200504  -7.23  -5.09  -6.66  -1.80  -1.61  -4.28
200505   6.17   5.58   6.17   3.60   3.10   4.08
200506   3.48   4.19   4.64  -0.18  -0.13   4.30
200507   6.93   5.64   6.99   3.69   3.64   5.13
200508  -1.68  -1.02   1.02  -1.56  -0.84   2.81
200509  -0.09   1.02   3.17  -0.37   1.37   4.13
200510  -3.86  -3.44  -4.81  -0.36  -2.23  -4.60
200511   4.55   4.98   5.71   3.87   4.28   4.21
200512   0.31   0.85   1.53  -0.29   0.29   1.61
200601   8.43   6.78  11.33   1.20   2.48   7.75
200602  -0.26   0.54  -1.77   0.77   0.73  -3.30
200603   3.10   4.12   5.19   1.54   0.69   2.94
200604   0.74   1.33   2.84   1.13   1.45   2.30
200605  -4.25  -3.91  -5.93  -1.41  -3.20  -5.20
200606  -1.95  -0.30  -2.19  -0.56   0.19   0.25
200607  -3.41  -1.58  -3.63  -0.63   1.47  -2.81
200608   4.15   2.66   1.97   4.21   2.67  -0.13
200609   0.77  -0.06  -0.87   3.19   1.61   1.44
200610   6.11   4.81   6.28   4.12   2.80   4.09
200611   2.53   1.81   2.01   2.93   1.55   2.43
200612  -0.09   0.95   0.79   0.59   1.53   0.83
200701   1.15   0.93   1.93   1.61   1.41   2.22
200702  -0.16   0.05   0.12  -0.55  -1.34  -2.30
200703   0.33   1.41   2.19   0.40   0.85   2.78
200704   2.68   2.41   4.62   4.91   4.28   3.99
200705   4.45   3.98   3.73   4.15   3.84   4.57
200706  -1.50  -0.33  -0.81  -1.09  -1.62  -1.08
200707  -6.84  -4.79  -3.65  -3.71  -2.86  -1.49
200708   0.34   0.11  -0.63   1.37   0.95   2.19
200709   0.66   2.30   6.74   2.31   4.69   6.48
200710   0.17   4.31   6.02  -0.58   3.67   4.55
200711  -8.60  -8.05 -10.08  -5.46  -3.81  -5.54
200712  -1.59   0.41   1.33  -4.68   0.34   2.85
200801  -3.97  -7.44 -11.00  -1.13  -6.04 -11.03
200802  -4.10  -1.07   0.26  -7.45  -2.23   2.13
200803  -2.35   0.03  -3.02  -3.44  -0.08  -1.23
200804   3.06   3.15   4.78   6.45   2.79   7.80
200805   4.51   3.46   6.30  -0.97   2.30   4.12
200806 -13.34  -7.80  -3.45 -14.66  -8.54  -2.10
200807   2.25   2.01  -2.45   3.20   0.32  -7.50
200808   5.43   2.74  -1.17   2.37   1.43  -1.30
200809 -10.60  -8.65 -13.63 -11.53  -5.84 -13.89
200810 -26.63 -21.83 -20.98 -22.09 -16.48 -16.77
200811 -16.72 -11.72  -9.22 -11.13  -4.93  -7.51
200812   8.69   5.01   4.08   2.85   0.83  -0.04
200901  -5.39  -8.04 -11.44  -8.55  -6.81  -7.75
200902 -12.66 -11.66 -11.80 -12.99  -9.30  -9.14
200903  14.13   8.60   6.49  14.10   9.52   5.61
200904  33.46  15.30   7.62  25.48   8.80   1.34
200905  13.74   5.67   2.60  13.84   5.88   3.39
200906  -0.96   1.54   2.18  -5.07   0.74   1.27
200907  13.70   9.04   8.05  10.88   7.37   6.81
200908   7.60   2.86  -0.35   6.92   2.41   1.77
200909  11.16   5.54   5.58   6.55   3.25   4.04
200910  -6.28  -4.79  -7.16  -4.00  -1.59  -2.37
200911   2.47   3.38   6.01   6.25   5.18   6.74
200912   7.50   7.19   8.65   0.27   3.53   4.30
201001  -1.34  -3.09  -4.34  -1.07  -4.16  -7.06
201002   3.16   4.40   6.52   2.03   3.61   5.65
201003   7.58   7.55   8.61   4.45   5.27  10.55
201004   5.56   5.16   7.00   1.30   0.72   3.88
201005  -7.49  -7.10  -8.31  -7.52  -8.06  -8.29
201006  -7.01  -6.05  -8.77  -4.16  -5.46  -7.38
201007   6.21   6.73   8.47   7.39   6.05   8.26
201008  -6.99  -6.79  -5.45  -4.45  -4.14  -3.90
201009  13.04  11.95  13.35   8.73   8.50  11.49
201010   3.89   4.17   5.07   3.90   3.40   4.70
201011   3.00   2.72   4.71  -0.32   0.23   2.63
201012  10.44   8.38   7.95   7.77   5.93   6.05
201101  -0.38   0.44  -0.02   2.59   2.11   1.22
201102   4.05   5.40   6.61   2.38   5.03   3.98
201103  -0.17   2.54   3.23  -0.64   0.81   0.64
201104   1.70   2.43   2.61   2.53   3.61   1.78
201105  -2.58  -1.40  -2.75  -1.14  -1.29  -2.20
201106  -3.79  -1.94  -2.58  -2.44  -1.77  -0.80
201107  -3.64  -3.21  -1.92  -2.23  -2.30  -1.77
201108  -9.22  -7.85  -8.64  -5.34  -4.73  -8.02
201109 -11.96 -10.38 -14.71  -7.39  -7.22 -11.22
201110  15.62  15.35  16.81  13.25   9.83  11.27
201111  -3.04   0.45  -0.31  -2.68   0.22   0.60
201112  -0.19   0.88  -0.11  -1.65   1.24   0.56
201201  10.69   6.15   6.16   9.93   3.95   2.73
201202   3.53   3.13   4.00   4.73   3.71   5.04
201203   0.00   2.58   1.59   0.95   2.09   4.18
201204  -3.22  -1.15  -0.03  -2.47  -0.39   0.38
201205 -10.49  -5.83  -5.46 -11.75  -6.42  -4.21
201206   3.80   4.05   4.00   3.57   4.44   2.86
201207  -2.21  -0.11  -0.17   0.52   0.79   2.19
201208   5.08   2.92   3.48   4.18   3.35   1.14
201209   4.70   2.73   2.96   4.47   2.14   2.42
201210  -3.06  -1.65  -0.35  -0.69  -1.54  -2.51
201211   0.64   0.41   1.04  -0.46   0.81   0.97
201212   4.51   2.85   2.66   2.89   0.80   0.49
201301   5.38   5.56   6.33   5.91   5.78   3.66
201302  -1.18   0.55   1.10  -0.66   1.61   1.43
201303   3.48   4.37   5.72   3.22   3.18   4.99
201304  -1.93  -0.56   0.21   0.79   1.77   1.80
201305   4.64   3.11   4.23   2.37   2.00   2.96
201306  -1.87   0.10   0.12  -2.28  -0.66  -2.32
201307   7.44   7.23   7.95   4.99   5.11   6.87
201308  -2.14  -2.66  -2.39  -1.73  -2.88  -3.10
201309   4.06   5.28   7.27   2.27   3.82   5.63
201310   1.95   3.46   2.37   3.82   4.91   3.71
201311   2.28   4.64   4.84   1.80   3.13   3.29
201312   2.72   1.85   2.53   2.44   2.49   3.32
201401  -2.41  -3.57  -2.71  -4.77  -3.47  -1.70
201402   4.68   4.29   5.20   3.85   4.30   6.53
201403   0.43   1.56  -1.10   2.10   1.50  -2.51
201404  -1.00  -2.71  -4.51   2.76   0.02  -1.42
201405   0.40   0.89  -0.18   0.85   2.32   3.43
201406   5.98   4.94   6.43   2.24   2.35   3.44
201407  -5.80  -5.31  -5.82  -0.84  -2.18  -1.41
201408   3.73   4.29   5.60   4.16   3.73   4.44
201409  -6.73  -5.65  -6.46  -2.12  -2.05  -1.94
201410   3.93   4.58   1.83   0.51   3.14   1.09
201411  -0.86  -0.32   0.60   2.34   1.97   3.38
201412   0.53   1.90   2.09  -0.77   0.20  -0.88
201501  -6.97  -3.86  -1.23  -4.71  -4.46  -1.10
201502   8.48   6.66   5.68   7.48   5.48   5.66
201503  -0.90   1.63   2.47  -2.25  -1.38  -0.67
201504   3.03  -1.89  -3.89   5.12   1.00  -1.66
201505  -1.39   1.54   4.73  -1.93   1.36   3.53
201506  -1.81   0.90   1.27  -3.08  -2.00  -0.42
201507  -8.12  -0.98   1.33  -2.21   2.57   3.34
201508  -4.02  -4.75  -7.08  -4.92  -6.50  -6.24
201509  -9.56  -3.46  -5.12  -4.91  -2.03  -2.80
201510   8.60   4.97   4.31   7.78   8.46   5.67
201511   0.38   3.40   3.83  -0.96   0.68   0.63
201512  -6.90  -4.55  -4.65  -4.20  -1.88  -0.57
201601 -10.17  -7.13 -10.05  -4.21  -6.10  -4.96
201602   3.94   1.34  -1.36   2.37   0.17  -1.90
201603  12.05   7.21   6.41   8.91   6.36   6.24
201604   6.54   2.68   2.10   1.77   1.79  -0.88
201605  -0.96   1.93   1.78   0.13   1.39   2.24
201606  -2.26  -0.41   2.29  -3.50  -0.02   2.37
201607   6.52   5.17   4.84   6.20   2.90   3.36
201608   2.66   2.44  -0.75   2.03   0.74  -1.44
201609   2.37   0.77   2.06  -0.15   0.10   0.56
201610  -6.49  -2.96  -5.01  -0.85  -1.69  -2.44
201611  10.77  11.45   7.51   7.08   3.95   0.89
201612   2.34   2.85   1.42   1.78   2.16   0.83
201701   2.26   0.18   1.98   2.50   2.12   2.21
201702   2.89   1.45   0.30   4.15   3.46   2.24
201703   0.82   1.08  -0.31  -0.06   0.61  -0.17
201704  -0.48   1.53   0.01   0.66   1.19   0.60
201705  -1.74  -1.72  -2.45  -0.43   1.22   2.97
201706   3.72   3.26   3.98   1.15   0.83   0.38
201707   0.84   0.59   2.17   1.36   1.78   3.31
201708  -1.98  -0.85  -0.90  -1.48   0.48   1.68
201709   6.20   5.41   6.35   3.09   1.99   1.67
201710  -1.71   1.15   1.67  -1.55   2.66   4.91
201711   2.36   3.10   2.80   3.65   2.49   3.22
201712   1.28   0.24   0.64   3.34   1.02   0.17
201801   1.50   2.29   4.04   3.19   4.91   8.50
201802  -5.19  -4.00  -3.62  -7.22  -3.98  -1.52
201803   0.57   0.46   0.19  -0.85  -2.48  -2.95
201804   1.97   0.24   1.91  -0.22   0.39   0.86
201805   4.56   4.08   8.38   0.04   2.48   4.22
201806   1.59   0.07   1.11   1.93   0.08  -0.19
201807   1.47   1.55   1.12   4.57   3.73   2.32
201808   2.11   2.39   6.04   0.18   3.01   6.33
201809  -1.35  -2.51  -1.91   0.48   0.29   0.84
201810 -10.90  -9.54 -11.60  -5.49  -6.65  -9.44
201811   1.04   1.14  -0.90   1.51   3.89  -0.28
201812 -12.77 -10.69 -11.29  -9.68  -9.11  -8.68
201901  15.22   9.32  10.09  13.00   7.17   7.79
201902   4.56   5.48   4.97   2.53   3.44   3.72
201903  -3.22  -2.35  -1.22  -0.73   2.46   1.42
201904   3.86   3.12   1.55   4.80   4.73   2.93
201905 -11.44  -7.45  -4.83 -10.71  -6.31  -3.53
201906   7.84   7.14   6.57   8.96   6.76   6.45
201907  -0.86   1.73   1.72   0.66   2.03   1.10
201908  -7.90  -2.54  -3.24  -5.89  -1.74   0.80
201909   5.05   2.29  -3.39   3.24   2.88  -1.37
201910   0.41   3.19   2.15   3.67   2.54   0.22
201911   4.30   3.21   4.76   5.86   3.49   2.93
201912   5.58   2.64   3.16   2.96   2.54   3.09
202001  -6.15  -2.67  -1.43  -3.17   0.31   3.25
202002 -10.03  -8.81  -7.09  -7.76  -8.65  -7.23
202003 -26.88 -23.71 -20.75 -18.71 -11.90 -10.96
202004  20.12  13.39  18.48  12.65  12.97  12.96
202005   5.83   5.79   9.15   5.08   5.65   5.24
202006   4.39   2.44   5.05   1.02  -0.57   5.16



  Average Equal Weighted Returns -- Monthly
               Small                 Big
          Low     2    High    Low     2    High
199011   3.58   2.27   5.09  11.22   7.70   5.81
199012  -2.08   2.08   3.12   5.74   4.67   2.23
199101  10.61   4.87   5.89   7.95   4.64   5.22
199102  16.52  10.25  10.74  10.31   7.47   7.50
199103   7.07   5.79  11.16   1.93   2.31   5.90
199104   1.20   2.33   1.65   1.05   1.28  -1.06
199105   1.85   3.48   4.35   4.84   3.99   4.85
199106  -3.44  -1.86  -3.24  -4.77  -3.82  -4.22
199107   0.42   2.54   4.65   3.28   3.51   6.90
199108   1.25   2.47   3.74   3.17   2.01   3.72
199109  -0.80   0.21   2.46  -2.29  -0.78  -0.06
199110   1.75   1.93   4.74   1.45   2.21   3.10
199111  -2.69  -1.79  -2.68  -4.66  -3.33  -5.50
199112  -1.71   2.88   6.38   5.74   9.24  14.38
199201  18.70  10.93  14.57   2.33   0.90   2.45
199202   6.29   5.12   5.18   2.27   1.72   2.32
199203  -2.60   0.05  -2.37  -3.11  -2.27  -3.36
199204  -4.15  -2.86  -3.50   0.66   0.50  -1.91
199205   1.23   1.39   1.27   0.67   0.56   0.67
199206  -3.98  -1.76  -2.74  -2.11  -1.02  -3.15
199207   1.90   2.97   3.16   3.21   4.28   4.76
199208  -3.07  -1.00  -2.79  -1.96  -1.46  -3.33
199209  -1.24   0.33   1.69  -0.06   1.09   2.80
199210   0.26   1.89   2.60   1.06   1.84   3.75
199211   5.33   6.31   7.49   2.51   3.88   6.04
199212   4.33   5.02   9.30   1.84   2.70   4.10
199301   5.91   6.65   9.31  -1.05   1.54   3.83
199302   0.62   1.98   2.50  -0.48   0.99  -0.39
199303   2.68   3.79   6.91   2.28   3.03   5.90
199304  -0.22   0.33   3.36  -1.47  -1.94  -2.80
199305   5.30   4.18   4.87   3.48   2.49   4.55
199306   1.09   1.75   5.60  -1.89   1.22   3.04
199307   0.77   2.25   1.67  -1.01   0.24   1.09
199308   2.30   2.90   3.79   3.16   2.96   6.72
199309   1.70   2.03   1.78  -1.55   0.23   2.63
199310   6.42   4.30   5.59   3.51   0.90   0.85
199311  -0.32  -1.37  -3.21   0.78  -2.94  -4.59
199312   0.17   2.30   3.18   3.01   3.25   4.71
199401   5.01   4.14   6.59   4.05   2.15   2.54
199402  -0.63  -0.19  -0.94  -1.17  -1.85  -1.40
199403  -3.41  -3.50  -4.08  -3.73  -4.67  -5.25
199404  -2.58  -0.04  -0.61   0.88   0.35   0.47
199405  -0.12   0.14  -1.34   0.46   0.14  -1.14
199406  -4.13  -2.03  -3.51  -2.40  -2.40  -4.76
199407   0.61   1.11   1.69   3.19   2.78   3.19
199408   2.75   3.29   2.86   5.27   4.55   6.76
199409   1.54   1.44   2.61  -2.30  -1.77   0.19
199410  -1.50  -0.55   0.18   0.53   0.45   0.87
199411  -5.93  -4.20  -4.41  -4.20  -4.21  -4.78
199412  -3.16  -0.15   1.48   0.82   1.75   2.60
199501   2.29   0.59   0.75   1.29   0.71  -1.09
199502   2.35   2.88   3.51   5.31   4.01   4.87
199503   1.63   2.78   2.98   2.80   1.71   3.61
199504   3.58   3.91   4.17   1.53   1.84   1.71
199505   1.67   2.27   2.11   3.39   2.96   1.48
199506   3.95   4.41   7.71   2.63   2.03   6.89
199507   3.98   4.52   6.85   5.58   3.78   7.62
199508   3.46   4.08   4.58   0.83   1.70   1.38
199509   1.71   2.92   3.49   0.59   2.43   3.43
199510  -6.46  -3.13  -5.07  -4.14  -1.10  -1.78
199511  -0.21   2.39   3.72   5.41   4.66   4.54
199512   0.28   2.65   3.42   1.10   2.10   0.19
199601   5.16   3.57   3.61   1.44   1.83   1.36
199602   4.65   3.73   5.80   2.11   1.31   4.14
199603   4.85   3.12   4.04   2.55   1.36   2.17
199604   6.32   4.85   9.66   4.18   1.24   5.71
199605   6.96   6.06   8.68   1.14   1.71   3.28
199606  -3.86  -2.40  -6.04  -2.23  -0.99  -4.30
199607  -7.38  -5.81  -8.72  -6.63  -4.66  -7.84
199608   4.57   4.69   7.27   5.12   4.26   6.16
199609   2.27   3.34   4.10   3.61   3.78   6.55
199610  -2.30   1.04  -0.19  -1.20   2.29  -0.68
199611   2.64   3.05   2.62   6.65   6.39   3.61
199612  -1.79   1.97   2.29  -0.36  -0.15  -0.11
199701   7.88   4.76   7.71   2.90   3.01   4.09
199702  -0.74   1.16  -0.59   0.09   1.24  -4.00
199703  -6.58  -3.29  -5.13  -5.12  -4.04  -4.70
199704  -5.03  -1.20  -2.61   0.05   2.16   3.45
199705  10.22   8.27   8.85  11.13   6.89   7.44
199706   1.35   5.29   3.77   3.18   3.50   4.89
199707   2.96   4.68   6.08   4.53   6.69  10.79
199708   3.68   4.07   4.21  -0.06  -1.37  -1.09
199709   8.21   8.13  10.55   4.42   5.74   8.21
199710  -3.87  -0.81  -1.78  -4.33  -3.79  -4.37
199711  -7.34  -0.80  -2.02   0.05   1.94  -0.74
199712  -5.89   0.57   0.42   0.11   2.84   3.73
199801   1.23  -1.29  -1.46  -0.54  -1.21  -1.88
199802   6.37   6.07   6.58   8.02   7.46   8.66
199803   3.56   5.47   5.96   4.64   4.91   5.24
199804   3.09   2.51   2.12   0.91   0.12   1.12
199805  -4.62  -3.45  -3.71  -4.91  -3.19  -4.26
199806  -6.59  -2.43  -1.13  -3.24   1.28   5.29
199807  -8.43  -5.78  -4.52  -7.26  -5.25  -3.66
199808 -22.15 -16.79 -20.61 -19.61 -16.17 -18.43
199809   5.08   3.68   7.23   8.53   4.49   7.60
199810   3.38   1.45   1.93  11.19   7.16   3.84
199811   5.87   5.49   8.39   3.96   4.46   5.86
199812  -0.84   3.96   7.15   1.01   4.17  11.08
199901   7.59   2.25   7.05  -2.19  -2.04   6.95
199902  -5.22  -5.12  -4.62  -3.37  -3.18  -4.26
199903  -0.21  -2.39   2.22   3.49   0.29   6.30
199904  10.69   7.21  12.07  14.61   7.96   4.02
199905   4.82   2.75   1.87  -0.23   0.16  -1.87
199906   2.13   5.14   4.86   1.60   2.85   7.12
199907   0.61   0.85   0.39  -3.01  -2.78  -0.68
199908  -2.44  -1.86  -0.34  -4.92  -2.84   0.11
199909  -0.77  -0.43   2.42  -6.10  -2.79   0.94
199910  -3.73  -1.21   1.01   2.24   2.60   8.47
199911   4.45   4.69  12.73  -0.78  -0.86  11.66
199912   6.59   6.56  17.60   0.03   4.42  19.66
200001   6.85   3.45  11.40  -5.33  -5.03  -0.92
200002  11.62  12.13  29.94  -6.18  -2.66  24.16
200003   1.74   2.22  -2.28  11.44   9.64  -6.89
200004  -5.76  -3.91 -17.13   1.66  -1.92  -8.61
200005  -4.49  -1.71 -10.77   3.84   0.53  -9.32
200006   2.79   4.29  19.32  -5.22  -1.01  14.31
200007  -1.07  -0.56  -5.28   0.01   1.64  -6.29
200008   3.81   5.86  12.16   6.89   5.99  16.15
200009  -4.12  -0.17  -3.69  -2.60   0.19  -6.17
200010  -6.83  -4.85  -9.82   2.61  -0.19  -6.44
200011 -11.76  -6.62 -16.58  -5.31  -4.92 -19.27
200012  -3.65   3.54   3.67   5.69   5.76   9.28
200101  33.89   9.54   7.29  14.83   0.95  -5.92
200102  -9.23  -1.77  -3.51 -14.58  -4.87  -2.64
200103  -9.84  -1.11  -0.90 -14.22  -4.88  -3.29
200104   9.21   5.23   7.57  17.53   7.24   5.18
200105   7.77   6.75   7.48  -2.37   3.28   2.88
200106   0.27   3.01   2.59  -1.82  -1.53  -1.09
200107  -6.00  -1.12  -0.32  -7.54  -0.49   1.38
200108  -6.47  -0.98  -1.77 -10.44  -2.50  -2.88
200109 -17.89  -9.52  -9.09 -20.51  -8.64  -7.33
200110  11.21   4.60   5.27  11.28   0.88   0.62
200111  11.90   5.28   5.30  13.60   7.10   4.36
200112   8.67   5.49   5.60   3.15   3.64   3.67
200201   2.80   2.94   4.50  -3.66  -0.26   0.54
200202  -5.79   0.72  -0.01  -7.63   0.72   1.26
200203   9.79   7.65   8.32   8.45   5.24   4.78
200204  -2.38   2.57   3.43  -7.11  -1.50   0.67
200205  -4.13   0.55   2.71  -3.02  -0.30  -0.87
200206 -11.75  -4.49  -1.88 -15.31  -5.68  -5.59
200207 -15.16 -10.82 -11.79 -12.75  -8.79  -8.30
200208  -1.06   1.02   1.68  -0.04   1.05   1.69
200209 -12.41  -5.59  -4.67 -16.15  -7.40  -5.59
200210   6.48   2.16   2.95   8.59   4.19   3.58
200211  21.61   5.76   4.09  17.89   5.03   0.99
200212  -7.73  -0.59   3.18  -9.91  -3.36  -0.85
200301   1.69   1.17   2.22  -1.46  -2.04  -1.65
200302  -3.75  -1.41   0.22  -2.27  -1.84  -0.57
200303  -0.53  -0.41   0.44   0.25   0.95   0.70
200304  14.14   6.21   6.03  12.73   6.58   5.47
200305  19.90   9.51   8.60  12.95   7.28   7.11
200306   6.87   5.03   4.33   1.98   0.73   1.67
200307   6.89   5.45   6.72   4.21   2.10   2.06
200308   6.66   5.79   7.27   4.20   4.13   4.97
200309   5.58   3.15   3.60  -1.49  -1.19  -1.57
200310   6.98   8.27  11.32   5.10   7.09  10.52
200311   3.86   4.88   5.34   2.41   1.99   3.91
200312   6.18   3.29   4.11   6.09   3.55   0.72
200401   7.34   5.01   8.26   2.47   1.64   3.22
200402   1.50   1.07   1.80   2.53   2.50   1.60
200403   0.21   1.39   0.52  -0.59  -0.07   0.20
200404  -2.75  -2.79  -5.92  -0.83  -2.99  -6.20
200405  -1.86   0.04   0.30   1.20   1.66   3.10
200406   2.13   3.57   3.27   1.84   2.50   3.88
200407  -5.99  -4.42  -6.05  -4.60  -3.35  -5.44
200408  -1.78  -0.44  -1.26   0.20   0.06  -1.37
200409   4.54   5.08   7.32   1.99   3.21   6.29
200410   1.99   2.70   3.08   3.58   1.97   2.13
200411   8.44   7.89   9.68   5.53   5.51   7.62
200412   6.43   3.85   4.48   4.33   3.75   2.56
200501  -5.22  -2.58  -1.41  -4.27  -2.00  -0.88
200502   1.10   1.80   4.94   0.87   2.47   5.35
200503  -3.52  -1.51  -2.13  -1.70  -0.59  -1.71
200504  -7.44  -5.12  -6.20  -4.33  -2.67  -4.81
200505   4.59   3.91   4.80   4.89   4.09   5.27
200506   3.33   3.65   5.31   1.05   1.91   4.19
200507   6.83   5.55   7.23   5.03   4.63   5.60
200508  -0.88   0.18   2.07  -1.07  -0.92   1.67
200509   1.16   1.41   3.25  -0.38   1.13   3.51
200510  -4.62  -3.15  -4.86  -1.78  -2.30  -5.35
200511   2.51   4.66   4.97   4.77   4.87   4.95
200512   1.67   1.57   3.47   0.71   0.95   1.87
200601   9.78   6.78  11.20   3.04   3.74   8.96
200602   0.91   1.41  -0.48   0.72   0.67  -2.29
200603   3.29   4.01   5.82   1.51   1.81   4.29
200604   1.38   1.62   3.69   0.98   1.30   2.58
200605  -4.30  -3.20  -6.02  -1.95  -3.11  -6.03
200606  -2.56  -0.86  -2.87  -1.40  -0.12   0.13
200607  -3.76  -1.49  -2.52  -1.67  -1.30  -4.07
200608   2.76   2.22   2.10   4.47   2.85   0.51
200609  -0.27  -0.27  -1.04   2.78   1.24  -0.53
200610   5.01   4.17   5.42   4.30   3.17   4.17
200611   1.65   1.64   2.19   4.37   2.39   2.68
200612   1.15   1.49   1.80  -0.11   0.76   0.56
200701   2.33   1.93   2.67   3.01   1.83   3.70
200702   0.89   1.14   0.87   0.58   0.06   0.12
200703  -0.45   1.00   2.46   0.00   1.30   2.98
200704   3.29   2.92   5.34   4.57   4.13   3.84
200705   2.40   3.52   3.31   5.06   4.81   4.64
200706  -1.03   0.09  -0.15  -1.55  -1.24  -0.92
200707  -5.36  -3.70  -2.62  -4.83  -3.05  -2.74
200708  -2.90  -2.12  -2.93  -0.38   0.17   0.19
200709   1.10   2.67   6.98   2.38   3.63   5.85
200710  -0.34   3.62   6.97   0.60   2.96   5.83
200711 -11.03  -8.54 -10.49  -6.53  -5.30  -5.92
200712  -2.33   0.15   1.43  -4.02  -0.30   1.77
200801  -3.75  -6.62  -9.95  -1.83  -5.64  -9.54
200802  -1.18   0.40   1.07  -6.37  -0.69   2.65
200803  -4.46  -1.68  -4.34  -2.95  -1.97  -2.23
200804   1.64   1.76   3.41   5.84   4.62   6.60
200805   4.13   3.31   5.59   2.59   3.78   6.35
200806 -10.91  -6.26  -3.61 -13.52  -7.92  -0.88
200807  -0.90   1.02  -3.09   0.25  -0.04  -6.88
200808   1.12   1.06  -2.00   3.97   1.66  -2.16
200809 -13.95  -9.30 -14.11 -12.95  -9.03 -15.96
200810 -28.31 -21.25 -21.39 -23.59 -20.28 -19.87
200811 -18.72 -13.21 -10.24 -12.36  -6.79  -8.00
200812   6.31   3.48   3.91   5.95   2.88   0.39
200901   3.97  -5.50  -8.54  -6.90  -6.78  -6.58
200902 -12.15 -10.19 -10.95 -10.96  -9.40  -8.50
200903  15.89   7.06   7.85  13.32   8.83   5.71
200904  30.79  14.35   7.90  28.05  11.32   2.78
200905  19.45   9.13   6.20  12.14   5.46   2.02
200906   1.16   1.88   2.99  -2.95   0.00   1.47
200907  10.95   8.20   7.79  11.82   8.66   6.75
200908  11.36   2.75   0.64   8.92   2.90   2.35
200909  11.37   6.38   6.03   8.35   4.90   4.73
200910  -5.53  -4.34  -5.54  -4.90  -3.31  -4.17
200911   0.98   2.76   6.06   5.13   4.90   6.61
200912   6.29   7.39   7.55   4.56   4.87   5.82
201001   1.21  -0.64  -1.54  -1.88  -3.03  -5.38
201002   1.87   4.15   6.00   2.82   4.56   7.04
201003   7.34   8.11   9.11   5.80   6.39   9.14
201004   8.77   5.65   8.04   2.69   2.36   3.92
201005  -8.72  -7.63  -8.44  -7.40  -7.05  -8.22
201006  -7.59  -5.82  -8.15  -5.02  -4.85  -8.46
201007   6.21   5.81   7.09   6.65   6.79   8.20
201008  -6.57  -5.92  -4.97  -5.07  -3.99  -3.74
201009  11.48  11.04  13.42  10.85  10.05  11.13
201010   4.28   4.96   6.11   2.98   3.97   4.64
201011   2.07   3.15   5.34   0.65   1.69   3.95
201012  10.22   8.65   9.03   8.70   6.82   5.80
201101   2.31   1.21   0.93   3.33   1.44   1.22
201102   5.07   5.17   5.90   3.92   4.58   5.33
201103  -1.20   2.16   1.34   0.92   1.57   2.34
201104   1.44   1.67   1.93   2.86   3.47   2.98
201105  -3.52  -2.60  -2.82  -0.46  -0.86  -1.88
201106  -4.88  -2.24  -3.33  -2.96  -2.03  -1.15
201107  -2.00  -1.03  -1.32  -3.40  -3.31  -2.47
201108 -10.43  -7.71  -9.30  -6.77  -5.72  -8.54
201109 -11.88 -10.63 -14.70  -9.34  -9.42 -13.10
201110  11.76  12.28  13.83  13.97  12.44  13.14
201111  -5.55   0.10  -0.77  -1.91   0.15   0.47
201112  -0.77   0.98  -0.16  -1.34  -0.17  -0.87
201201  12.78   6.76   5.84   9.85   5.21   2.99
201202   4.69   3.33   3.47   5.11   4.27   3.86
201203   0.43   3.13   2.73  -0.53   1.78   2.35
201204  -3.74  -0.99   0.01  -2.54  -0.40   1.32
201205 -10.90  -5.15  -5.43 -11.82  -7.06  -4.94
201206   2.39   3.60   4.45   3.18   3.29   2.47
201207  -0.59   0.35   0.43  -0.14   0.79   0.87
201208   4.29   2.35   3.05   4.30   3.68   2.25
201209   5.54   3.12   3.53   3.85   2.21   1.90
201210  -4.14  -2.01  -0.31  -0.28  -0.67  -1.17
201211  -2.04  -0.10   0.42   0.61   1.53   1.70
201212   3.24   3.10   2.40   3.10   1.65   1.75
201301   6.86   6.42   7.04   6.37   6.14   6.89
201302  -2.89   0.28   0.50  -0.92   1.71   1.37
201303   1.91   3.98   5.56   3.62   4.04   5.27
201304  -3.38  -0.45   0.89   0.07   1.34   0.76
201305   3.29   3.35   3.73   3.23   2.37   3.09
201306  -3.27   0.45   0.60  -2.06  -0.78  -2.25
201307   8.12   7.26   7.96   5.82   5.89   7.11
201308   0.03  -2.18  -2.15  -1.70  -2.63  -2.43
201309   3.71   5.92   6.58   3.94   4.66   6.40
201310   0.70   3.11   3.07   2.81   4.37   3.59
201311   0.18   4.27   5.60   0.25   2.35   2.82
201312   2.65   2.12   3.21   2.67   2.88   3.11
201401   3.24  -1.87  -0.68  -2.65  -3.41  -1.39
201402   5.73   4.11   5.44   4.55   5.14   6.81
201403  -0.20   1.25  -0.65   1.12   0.62  -2.18
201404  -1.49  -2.75  -4.39   1.70  -0.71  -2.63
201405  -0.49   0.31  -0.34   0.95   2.04   2.63
201406   5.33   4.79   5.44   3.78   3.76   4.47
201407  -4.19  -4.38  -5.66  -1.97  -3.39  -3.86
201408   2.24   3.61   4.51   4.30   4.53   5.11
201409  -7.32  -5.50  -5.86  -3.97  -3.52  -3.66
201410  -0.16   2.95   0.34   1.47   3.25   0.23
201411  -2.33  -0.53  -0.95   1.19   2.10   2.03
201412  -0.04   1.90   1.59  -0.58   0.48   0.15
201501  -5.58  -3.57  -4.12  -4.86  -3.12  -0.91
201502   7.82   5.71   6.28   7.71   6.10   5.42
201503  -2.42   1.28   1.69  -2.20  -0.06   0.79
201504   4.38  -0.54  -2.42   4.86  -0.28  -2.22
201505  -1.72   0.90   3.08  -3.09   1.89   3.33
201506  -1.51   1.22   0.19  -3.32  -1.73  -0.06
201507  -9.27  -1.52  -0.70  -5.29   2.06   2.52
201508  -3.50  -3.40  -5.75  -4.87  -5.54  -6.37
201509  -8.78  -2.00  -4.09  -7.33  -2.46  -3.20
201510   6.08   4.40   4.88   7.75   6.24   4.64
201511  -2.04   2.74   3.30  -0.53   0.85   0.53
201512  -6.24  -3.03  -4.28  -5.62  -2.63  -2.21
201601  -9.82  -6.93  -9.21  -6.04  -6.79  -6.37
201602   5.06   1.27  -0.25   3.94   0.83  -0.41
201603  12.56   7.11   5.40   9.60   7.35   6.15
201604   9.14   5.67   5.53   4.51   1.26  -0.12
201605  -1.72   0.59   0.71  -0.40   1.41   2.31
201606  -0.45   0.65   3.38  -2.97  -0.71   2.78
201607   5.75   4.63   4.51   5.88   4.00   2.85
201608   2.91   2.60   0.26   1.52   0.65  -0.95
201609   4.13   1.62   3.80   0.26   0.23   0.61
201610  -6.16  -2.40  -5.22  -2.40  -1.53  -3.35
201611   7.43   9.74   6.48   6.97   5.49   4.14
201612   2.34   4.33   2.07   0.98   1.31   0.23
201701   3.75   0.90   4.56   3.23   2.15   2.65
201702   1.64   1.03   0.85   2.97   2.59   1.56
201703   2.26   0.72  -0.06  -0.09   0.67  -0.24
201704  -1.83   1.08  -0.57   0.56   0.97   0.37
201705  -2.88  -1.52  -2.38  -1.09   0.66   1.52
201706   4.35   4.37   3.81   1.84   1.68   0.74
201707   0.01   0.45   1.56   1.27   1.51   2.97
201708  -2.13  -0.92  -0.40  -2.43   0.24   0.76
201709   7.21   6.20   7.21   3.53   2.42   2.70
201710  -1.10   0.58   0.75  -0.73   2.01   3.49
201711   5.48   3.10   5.82   4.16   3.02   3.07
201712   5.12   1.86   3.89   3.86   0.65  -0.07
201801   2.29   2.82   4.69   2.98   4.02   6.96
201802  -5.60  -3.80  -5.35  -5.73  -3.56  -2.84
201803   0.04   1.48  -0.12   0.14  -0.53  -0.91
201804   1.77   1.07   0.67   0.78   0.01  -0.48
201805   3.67   3.71   4.34  -0.12   1.61   5.04
201806   0.59   0.50  -0.52   2.39  -0.31  -0.33
201807  -1.04   0.58  -0.38   2.59   3.13   1.26
201808   0.85   2.45   5.50   0.01   1.72   6.77
201809   0.34  -2.39  -0.79   0.08  -0.34  -0.08
201810 -11.15  -8.44 -11.37  -7.68  -7.89 -10.72
201811  -2.33  -0.73  -3.13   2.77   3.05   0.33
201812 -14.14  -9.62 -10.93 -10.90  -9.19  -9.33
201901  17.98   9.16  10.83  12.96   9.32   9.76
201902   4.70   4.97   4.83   4.03   4.03   5.13
201903  -2.30  -2.52  -1.30  -1.29   1.13   1.09
201904   1.00   1.85   0.97   5.15   3.90   3.00
201905  -9.10  -6.07  -5.54 -10.66  -5.41  -3.07
201906   4.71   5.85   6.38   9.80   6.33   6.76
201907  -2.26  -0.11  -1.24   0.91   1.18   1.58
201908  -6.55  -3.32  -3.89  -8.02  -2.11   0.28
201909   3.15   1.49  -3.40   4.68   2.67  -2.66
201910  -2.42   1.65   1.91   1.90   1.20   0.20
201911   1.34   2.82   3.52   5.91   3.28   4.29
201912   7.08   4.01   5.38   3.36   2.38   1.17
202001  -2.18  -3.71   0.86  -4.29  -0.67   1.62
202002  -8.49  -8.31  -7.60  -8.57  -9.10  -7.41
202003 -26.02 -24.57 -22.70 -23.37 -16.76 -14.57
202004  24.16  14.93  20.82  15.47  12.22  14.13
202005   9.18   6.20  10.93   6.68   6.71   8.99
202006   7.88   4.72   9.67   1.82  -0.02   2.65



  Average Value Weighted Returns -- Annual
           Small                 Big
       Low    2      High   Low    2      High
1991  29.51  37.11  64.52  28.72  29.47  43.85
1992   8.23  20.67  21.99   8.18   6.94   6.73
1993  11.37  21.00  36.54   1.64   8.88  26.74
1994  -8.68  -2.13  -2.13   0.77   0.31  -2.60
1995  16.52  30.34  45.22  34.09  35.19  38.62
1996  14.43  23.32  26.95  21.79  23.73  20.19
1997  11.40  31.93  32.05  23.87  31.73  31.58
1998 -14.48  -0.43   9.47  12.61  20.92  39.81
1999  10.41   7.13  71.09   2.34   8.04  53.77
2000  -7.30  16.58  -2.57  -0.54  -6.30 -25.02
2001   7.36  15.58   8.16 -19.39  -9.14  -9.59
2002 -35.97 -10.37  -3.81 -32.84 -17.49 -10.61
2003  72.43  42.85  57.60  46.95  20.48  33.22
2004  18.38  23.46  21.91  13.04  10.08  13.56
2005  -0.99   8.96  18.16   1.09   7.81  20.60
2006  16.19  18.06  15.86  18.26  14.75  10.36
2007  -9.25   2.07  10.82  -1.89  10.41  20.22
2008 -46.29 -37.48 -42.14 -47.09 -32.29 -40.34
2009  99.02  36.31  14.09  59.06  30.70  15.48
2010  31.22  28.99  36.77  17.85  10.81  26.59
2011 -15.00   0.45  -4.91  -4.13   4.52  -5.57
2012  13.02  16.68  21.22  15.28  14.08  16.43
2013  27.15  37.76  47.79  25.08  34.39  36.85
2014   2.03   4.10  -0.10  10.41  12.12  12.61
2015 -19.24  -1.19   0.59  -9.56   0.39   4.77
2016  28.03  27.02  10.38  22.77  11.82   4.48
2017  15.08  16.33  17.15  17.41  21.71  25.68
2018 -15.86 -14.69  -8.29 -11.92  -4.47  -1.57
2019  22.67  27.64  23.40  29.62  33.55  28.10



  Average Equal Weighted Returns -- Annual
           Small                 Big
       Low    2      High   Low    2      High
1991  34.81  37.84  61.38  30.41  31.80  47.00
1992  23.05  31.33  37.47   7.33  13.25  15.53
1993  29.47  35.62  55.28   8.83  12.43  27.94
1994 -11.44  -0.86  -0.05   0.91  -3.12  -1.41
1995  19.29  34.51  44.92  29.24  30.23  37.65
1996  23.05  30.12  36.41  16.85  19.47  20.74
1997   2.77  34.55  31.98  17.17  26.96  29.63
1998 -16.74  -3.57   4.12  -1.37   5.80  18.09
1999  25.87  19.12  71.49  -0.17   3.17  73.10
2000 -12.44  12.93  -0.40   5.87   7.17  -8.54
2001  26.22  26.71  26.80 -18.64  -1.10  -5.83
2002 -22.85   0.45  11.53 -37.91 -11.61  -8.23
2003 102.23  63.79  78.98  53.12  32.83  37.96
2004  20.92  24.72  26.94  18.67  17.26  17.96
2005  -1.53  10.18  22.39   3.26  11.77  20.51
2006  15.19  18.53  19.70  18.08  14.01  10.56
2007 -13.44   1.97  13.26  -1.83   8.84  20.30
2008 -54.23 -40.50 -45.19 -46.08 -35.10 -42.19
2009 133.43  44.25  28.47  80.57  34.61  18.91
2010  31.79  33.70  45.57  21.90  24.46  28.54
2011 -19.89  -2.45 -10.70  -3.02   0.51  -4.82
2012  10.46  18.30  22.08  13.94  16.87  16.12
2013  18.58  39.93  51.23  26.42  37.14  41.44
2014  -0.47   3.30  -2.02   9.91  10.86   7.25
2015 -21.90   1.69  -2.79 -16.83   0.63   1.62
2016  33.14  31.66  17.48  22.85  13.57   7.50
2017  23.44  19.10  27.55  18.18  20.20  21.26
2018 -23.51 -12.63 -17.54 -13.02  -8.92  -5.86
2019  15.73  20.53  18.62  29.68  30.77  30.30



  Number of Firms in Portfolios
              Small                 Big
          Low    2      High   Low    2      High
199011   2338   1037    811    273    361    269
199012   2281   1192    739    271    364    264
199101   2477    944    772    272    363    268
199102   2649    785    744    278    368    272
199103   2563    817    748    286    381    282
199104   2583    853    740    295    388    288
199105   2552    802    820    296    395    290
199106   2279    908    988    299    397    291
199107   2371    851    964    301    403    295
199108   2293    847   1040    301    402    295
199109   2268    963    934    307    405    300
199110   2242    951    953    309    411    302
199111   1932   1129   1054    308    411    305
199112   1765   1115   1228    310    411    307
199201   1594   1094   1410    306    404    301
199202   1881   1016   1125    326    434    322
199203   1677   1082   1337    332    440    324
199204   1708   1059   1302    333    441    329
199205   1781    972   1383    321    431    317
199206   1859    860   1429    329    433    322
199207   1884    893   1412    325    434    322
199208   1810    966   1441    325    431    323
199209   1930    865   1439    323    432    320
199210   2038    760   1436    325    434    323
199211   2027    865   1370    335    440    329
199212   2191    809   1283    340    451    337
199301   1911    820   1573    348    461    343
199302   2237    839   1315    354    472    350
199303   2187    873   1385    352    467    349
199304   2251    895   1350    360    480    354
199305   2121    877   1573    362    479    356
199306   1983    950   1647    368    490    364
199307   1911    947   1744    374    501    372
199308   1893    974   1757    384    512    379
199309   1831   1021   1743    389    512    383
199310   1850   1066   1662    400    533    396
199311   1710   1115   1791    406    538    404
199312   1646   1131   1836    407    537    402
199401   1759   1052   1825    415    551    413
199402   2018   1129   1533    420    554    415
199403   1843   1219   1618    424    571    421
199404   1775   1265   1699    432    575    428
199405   1869   1300   1619    436    571    427
199406   1989   1168   1663    429    575    421
199407   2083   1083   1690    433    576    425
199408   2123   1155   1659    428    569    421
199409   2155   1198   1594    432    568    425
199410   2304   1291   1353    434    583    430
199411   2327   1303   1377    430    579    426
199412   2475   1236   1322    433    579    428
199501   2463   1215   1452    432    575    429
199502   2766   1092   1313    424    569    419
199503   2896   1062   1246    429    564    417
199504   3049   1013   1160    428    564    419
199505   3030   1090   1212    430    564    419
199506   2944   1114   1317    426    561    417
199507   3025   1088   1263    436    574    430
199508   2836   1167   1349    438    585    433
199509   2743   1167   1454    446    596    441
199510   2850   1123   1412    445    593    440
199511   2783   1164   1487    428    571    424
199512   2848   1217   1389    423    565    415
199601   2881   1145   1411    433    570    423
199602   2881   1134   1460    425    563    417
199603   2788   1183   1511    433    572    422
199604   2657   1268   1537    441    587    433
199605   2702   1194   1540    454    607    449
199606   2424   1335   1654    465    621    462
199607   2442   1207   1808    458    609    455
199608   2628   1129   1749    450    595    440
199609   2709   1236   1539    461    609    451
199610   2761   1251   1505    453    605    450
199611   2738   1242   1582    454    603    446
199612   2610   1336   1705    444    593    437
199701   2713   1427   1497    456    601    451
199702   2737   1386   1561    446    594    444
199703   2701   1435   1596    440    589    439
199704   2867   1263   1629    440    590    436
199705   3088   1220   1551    418    561    411
199706   3362   1358   1136    430    579    427
199707   3270   1372   1218    435    582    428
199708   3207   1402   1287    430    567    418
199709   3332   1369   1138    444    591    440
199710   3068   1324   1437    453    609    450
199711   2902   1362   1611    458    603    446
199712   2758   1262   1974    433    574    427
199801   3004   1330   1638    427    568    421
199802   3283   1320   1395    421    560    411
199803   3274   1311   1402    420    551    415
199804   3287   1455   1225    415    551    411
199805   3035   1456   1458    416    552    413
199806   3048   1392   1523    404    540    402
199807   3145   1397   1459    386    511    383
199808   3236   1492   1319    363    480    361
199809   3564   1488   1028    340    453    338
199810   3648   1580    835    332    448    332
199811   3871   1507    725    320    426    318
199812   4021   1360    761    318    422    315
199901   3980   1227    895    312    418    311
199902   4091   1314    730    297    397    296
199903   3710   1571    855    286    384    286
199904   3893   1520    736    276    368    274
199905   3979   1501    638    284    377    282
199906   4119   1235    709    295    395    294
199907   3928   1184    942    297    395    292
199908   3704   1325    988    300    397    297
199909   3302   1471   1195    294    391    291
199910   3098   1668   1156    298    394    294
199911   2540   1983   1430    276    362    271
199912   2940   1772   1159    277    367    274
200001   2717   1873   1283    274    364    271
200002   2810   1935   1099    276    367    275
200003   2660   2144   1040    285    382    284
200004   1792   2442   1625    280    373    278
200005   2181   2123   1553    270    361    270
200006   2608   1833   1382    272    362    270
200007   2927   1771   1110    275    367    273
200008   2724   1863   1245    272    366    270
200009   2842   1835   1136    272    361    271
200010   3129   1577   1068    275    367    273
200011   2756   1801   1240    265    356    264
200012   3132   1540   1111    257    341    256
200101   3075   1703    949    263    350    261
200102   3420   1469    777    270    360    269
200103   3419   1534    695    272    356    268
200104   3195   1517    915    268    362    267
200105   2857   1583   1163    268    357    267
200106   2880   1317   1318    276    368    275
200107   2785   1497   1156    287    382    285
200108   2686   1412   1346    276    365    274
200109   2747   1319   1342    277    367    275
200110   2629   1391   1426    257    344    257
200111   2372   1438   1569    266    357    265
200112   2161   1237   1933    267    357    267
200201   2016   1063   2184    280    371    278
200202   2361   1113   1759    274    368    274
200203   2221   1094   1887    275    365    271
200204   2189   1180   1780    282    376    281
200205   2109   1027   1924    293    393    293
200206   2040   1134   1855    287    384    286
200207   2118   1083   1765    293    393    292
200208   2005   1041   1894    275    370    274
200209   2064   1196   1646    272    367    272
200210   1944   1209   1669    278    371    276
200211   1923   1133   1744    270    359    268
200212   1896   1160   1690    277    371    275
200301   2048    973   1700    278    373    277
200302   2018   1011   1661    279    371    278
200303   1861    992   1815    275    370    275
200304   1947    950   1740    274    368    273
200305   2028    962   1626    277    373    276
200306   1986   1020   1565    289    388    287
200307   1970   1092   1491    292    392    290
200308   1598   1162   1755    301    404    299
200309   1435   1172   1870    305    417    305
200310   1492   1225   1740    309    412    307
200311   1224   1164   2036    315    420    312
200312   1216   1157   2019    321    432    320
200401   1182   1193   2018    320    428    319
200402   1342   1119   1903    327    436    325
200403   1179   1174   1984    325    435    324
200404   1201   1144   1946    333    446    332
200405   1119   1157   2012    323    433    323
200406   1259   1071   1946    322    435    322
200407   1510   1052   1665    327    439    326
200408   1661   1010   1548    319    428    319
200409   1808    941   1461    317    424    316
200410   1960    996   1229    326    437    325
200411   1964    941   1276    328    439    326
200412   1881    933   1182    340    457    337
200501   1831    953   1226    343    456    341
200502   2020    906   1079    340    453    338
200503   2021    951   1031    342    455    340
200504   2016    983   1017    340    451    338
200505   2054    963   1038    327    434    325
200506   2042   1015    977    331    442    330
200507   2093    934    990    343    457    340
200508   1921   1062   1045    346    463    343
200509   1849   1124   1053    347    463    341
200510   1893   1074   1038    348    462    345
200511   1859   1132   1035    342    456    341
200512   2051   1075    920    344    462    342
200601   2126   1052    904    344    463    345
200602   2146   1058    918    360    479    359
200603   1897   1176   1061    359    482    355
200604   1845   1184   1062    365    487    362
200605   1613   1222   1258    367    490    365
200606   1539   1217   1343    359    480    358
200607   1749   1131   1256    357    479    357
200608   1861   1100   1225    347    467    347
200609   1897   1094   1200    350    469    349
200610   1931   1058   1226    345    465    343
200611   1979   1031   1174    351    468    348
200612   1849   1015   1323    346    468    347
200701   2053    942   1201    350    465    349
200702   2072   1017   1086    347    463    344
200703   2173   1026    977    350    465    347
200704   2250    974    948    352    465    346
200705   2259   1027    905    346    461    343
200706   2344    938    914    349    464    346
200707   2361    889    948    346    463    345
200708   2273    909   1028    339    452    336
200709   2286    904   1031    332    444    332
200710   2330    926    970    330    437    326
200711   2361    923    925    328    438    327
200712   2377    903    959    315    423    315
200801   2565    912    776    314    424    313
200802   2441    976    817    310    418    311
200803   2561    952    741    307    416    307
200804   2475   1032    744    305    412    305
200805   2472   1021    741    301    404    299
200806   2511   1104    621    302    409    302
200807   2602   1125    553    297    398    298
200808   2449   1203    627    301    403    300
200809   2325   1199    713    307    410    305
200810   2445    966    818    303    399    299
200811   2371   1040    841    278    374    277
200812   2391    940    951    264    355    263
200901   2518    956    793    269    362    268
200902   2574    852    834    266    355    263
200903   2493   1004    747    259    347    257
200904   2492    959    757    266    353    262
200905   2289    978    858    280    376    279
200906   2170    987    937    284    378    281
200907   2147    826   1095    286    383    283
200908   2061    880   1088    290    392    287
200909   2047    845   1114    289    393    288
200910   2023    836   1123    298    396    294
200911   1781    864   1318    288    381    285
200912   1522    896   1525    281    377    281
201001   1592    913   1372    291    392    291
201002   1549    992   1307    292    394    293
201003   1395   1017   1400    296    394    295
201004   1413    996   1376    298    400    299
201005   1577    813   1340    308    410    306
201006   1587    827   1307    310    413    308
201007   1594    846   1293    306    409    303
201008   1649    727   1323    304    408    302
201009   1668    870   1163    300    403    297
201010   1776    850   1039    305    407    300
201011   1656    852   1152    306    406    303
201012   1543    910   1165    313    420    310
201101   1537    986   1156    317    426    317
201102   1622    921   1154    313    416    311
201103   1677    908   1085    314    422    314
201104   1703    875   1082    317    423    314
201105   1866    851    941    315    422    314
201106   1852    894    893    313    419    310
201107   1880    803    903    309    412    306
201108   1868    778    941    308    410    306
201109   1676    849   1083    299    401    298
201110   1789    871    981    290    389    287
201111   1845    947    826    297    395    294
201112   2033    822    760    292    395    292
201201   2098    855    671    293    392    291
201202   1971    966    633    296    399    296
201203   1929    939    710    295    399    295
201204   2025    844    724    294    393    291
201205   1970    850    776    290    392    290
201206   1934    853    808    286    382    285
201207   1851    965    785    286    382    285
201208   1855    935    806    280    376    280
201209   1819    831    927    281    376    281
201210   1764    837    953    283    378    282
201211   1653    782   1090    281    378    281
201212   1703    789   1026    282    376    280
201301   1763    763    970    285    379    283
201302   1808    766    915    284    382    284
201303   1851    695    945    282    374    279
201304   1886    764    810    283    382    283
201305   1843    710    911    280    375    280
201306   1896    722    828    285    383    283
201307   1834    825    783    287    383    284
201308   1743    770    908    289    387    289
201309   1722    749    935    295    391    291
201310   1746    744    898    297    398    295
201311   1686    750    964    292    392    293
201312   1645    763    960    295    396    295
201401   1581    765   1011    297    395    295
201402   1616    766    974    296    399    296
201403   1467    883    966    298    399    296
201404   1521    827    970    299    397    298
201405   1416    882   1039    291    388    291
201406   1638    757    976    289    390    288
201407   1750    808    820    298    402    296
201408   1729    787    881    291    391    290
201409   1862    752    780    294    390    291
201410   1962    659    812    285    379    283
201411   1943    712    763    288    385    287
201412   2001    715    728    285    380    283
201501   2114    713    631    288    385    286
201502   2099    760    597    281    378    280
201503   2069    806    611    283    378    282
201504   2196    749    539    288    385    286
201505   1934    850    721    286    381    284
201506   1922    836    743    286    383    284
201507   2036    820    639    293    392    290
201508   1881    869    783    280    376    279
201509   1938    902    682    280    375    279
201510   1826    909    801    275    367    272
201511   1899    836    819    272    363    268
201512   1878    819    840    273    368    272
201601   1900    842    831    267    358    265
201602   1869    825    885    260    343    253
201603   1913    747    910    256    343    256
201604   1900    767    889    262    346    259
201605   1856    883    799    266    352    262
201606   1804    802    904    262    351    260
201607   1866    913    767    263    350    259
201608   1601    989    950    266    354    265
201609   1702    931    897    270    355    265
201610   1615    822   1069    268    360    267
201611   1509    825   1182    263    351    262
201612   1576    811   1087    271    364    271
201701   1436    824   1215    274    365    272
201702   1244    864   1366    272    360    270
201703   1281    832   1373    269    358    266
201704   1337    788   1367    268    356    264
201705   1519    739   1238    268    353    265
201706   1472    720   1333    260    346    258
201707   1561    892   1036    264    353    263
201708   1516    825   1157    265    351    261
201709   1661    783   1054    260    347    259
201710   1790    759    924    263    355    264
201711   1609    782   1108    259    350    260
201712   1791    781    922    261    351    260
201801   1893    777    835    262    348    260
201802   1899    735    886    256    344    255
201803   1925    753    829    257    343    255
201804   1897    794    797    260    349    259
201805   1750    864    858    263    354    263
201806   1599    909    965    272    358    267
201807   1541    990    942    271    362    270
201808   1592    972    926    268    359    266
201809   1652    925    924    268    355    266
201810   1706    958    864    264    351    261
201811   1760    911    890    259    341    256
201812   1801    900    890    251    336    251
201901   1951    905    737    248    327    245
201902   1841   1016    736    253    336    250
201903   1833    957    772    256    337    252
201904   1918    915    752    248    328    244
201905   2075    870    646    246    328    244
201906   2384    726    531    241    320    240
201907   2369    765    552    241    323    240
201908   2378    731    558    242    321    239
201909   2431    730    546    234    310    232
201910   2355    828    506    237    311    234
201911   2368    769    540    233    313    233
201912   2260    797    630    233    313    233
202001   2288    673    711    238    315    236
202002   2261    750    670    228    307    228
202003   2363    736    593    228    305    226
202004   2387    718    650    204    271    201
202005   2474    768    508    209    278    207
202006   2426    719    615    213    281    210



  Average Firm Size
                       Small                                Big
              Low         2           High        Low         2           High
199011       48.00       76.08       73.37     1646.29     2428.84     4167.79
199012       51.31       80.02       74.66     1684.33     2504.39     4650.68
199101       52.31       85.61       85.78     1740.88     2802.25     4391.64
199102       52.16       97.74      101.17     1904.04     2749.63     4591.14
199103       55.53      105.42      107.89     1958.09     3234.40     4280.83
199104       56.54      110.01      109.72     2003.72     3273.08     4248.84
199105       55.91      113.37      107.19     2281.22     3305.77     3833.21
199106       59.75      105.58      100.78     2596.91     3557.08     3510.79
199107       57.06      112.32       89.79     2812.24     2940.47     3558.25
199108       58.64      108.94       97.75     2965.34     3573.37     3020.00
199109       57.10      103.31      111.21     3104.68     3614.20     2940.91
199110       58.72       99.57      108.91     3362.49     3356.71     2824.13
199111       56.02       97.19      110.19     3772.24     3637.77     2217.84
199112       55.24       91.85       96.02     3213.88     3800.89     2086.35
199201       63.91      101.10       96.26     3415.90     3982.93     2941.22
199202       64.86      101.79      104.52     2892.76     3740.25     2997.89
199203       64.07       99.32       97.53     3038.28     3900.68     2632.81
199204       67.55       95.97       91.90     3286.56     3581.06     2550.85
199205       66.11      101.92       90.31     3337.20     4024.58     2382.02
199206       68.36      102.64       88.62     2739.48     4322.14     2505.04
199207       65.83      100.69       87.55     2741.62     4287.89     2436.32
199208       68.48      103.71       86.27     2541.48     4683.60     2578.90
199209       69.51      105.65       83.53     2471.50     4674.66     2406.79
199210       71.51      107.23       84.05     2394.03     4602.61     2631.89
199211       72.56       98.90       87.23     2715.65     4142.81     2850.13
199212       72.61      111.54       92.75     2977.58     4140.11     2721.10
199301       73.83      111.87       89.84     3213.62     4282.59     2299.23
199302       73.09      109.45       94.73     2631.07     4434.92     2553.33
199303       73.13      111.36       90.68     2928.55     4296.40     2604.24
199304       77.15      113.13       91.09     2989.63     4058.46     2961.70
199305       74.19      101.70       92.69     3261.14     4007.99     2465.04
199306       75.57      109.00       91.67     3661.93     3613.76     2675.32
199307       73.24      110.67       94.06     3754.49     3586.57     2552.77
199308       75.62      108.73       89.03     3532.98     3615.25     2479.49
199309       77.06      113.00       91.80     3895.89     3504.89     2590.71
199310       77.15      114.31       88.83     3927.59     3288.07     2499.36
199311       80.90      109.31       90.67     3739.61     3493.16     2457.69
199312       80.78      109.30       85.34     3677.79     3304.97     2595.39
199401       82.02      114.35       84.14     3235.91     3705.80     2507.65
199402       81.96      113.86       89.54     3216.93     4026.98     2374.94
199403       78.09      104.61       91.52     3474.90     3612.94     2206.91
199404       73.83      100.44       85.42     3193.54     3592.46     1946.17
199405       70.89      103.13       86.90     3084.57     3736.04     1962.51
199406       72.45      101.30       89.85     2847.67     3998.03     1966.97
199407       68.51      102.12       87.85     2560.79     3637.24     2436.36
199408       70.22      108.67       88.00     2470.89     3860.49     2645.58
199409       76.72      107.30       91.13     2521.83     3983.02     2826.56
199410       74.69      106.14       93.26     2627.73     3561.50     2919.65
199411       75.75      102.86       95.51     2759.31     3754.95     2766.80
199412       74.14      100.02       91.30     2371.36     3809.13     2624.80
199501       74.04       99.20       94.32     2161.14     3456.74     3511.61
199502       70.84      109.26      100.73     2462.31     3661.80     3280.16
199503       75.07      109.28      106.72     2269.91     3466.43     4194.98
199504       74.61      119.10      114.48     2185.82     4021.53     3840.86
199505       75.93      114.98      116.44     2123.50     4112.39     4040.88
199506       76.37      119.82      118.15     2618.43     4192.15     3890.45
199507       78.38      118.41      126.40     2688.00     3703.95     4565.27
199508       82.73      116.95      129.66     2692.76     4236.48     4133.11
199509       84.74      110.77      129.05     2631.65     4402.95     3845.33
199510       85.97      121.95      130.73     2763.04     4700.07     3826.59
199511       84.04      119.30      126.91     2567.23     4970.80     3993.23
199512       88.57      124.48      128.98     2915.69     5016.52     4256.61
199601       90.71      129.40      125.96     2769.27     4806.81     4701.89
199602       87.21      128.48      139.52     2636.66     5702.33     4232.65
199603       90.28      136.04      129.77     2412.13     5334.48     4963.21
199604       92.27      130.92      127.90     2661.64     5251.20     4614.82
199605       96.87      133.03      132.01     2740.40     5408.00     4221.00
199606       96.81      133.52      134.56     2845.14     6043.21     3230.42
199607       98.59      133.82      128.90     2855.18     5693.41     3946.81
199608       96.34      128.78      116.71     2704.75     4925.13     4728.70
199609       97.61      133.68      122.79     2513.05     4576.96     5508.44
199610      102.97      138.30      128.54     3128.12     5459.99     4580.36
199611      100.53      141.64      131.06     3363.49     5562.79     4526.03
199612      107.46      146.96      136.00     3459.27     5476.20     5951.32
199701      107.63      149.37      130.77     3455.20     5751.05     4954.45
199702      107.30      154.34      147.69     3961.98     6524.91     4569.01
199703      104.74      155.44      143.99     3790.15     5649.66     6086.10
199704      103.24      149.35      135.89     3267.28     5541.77     5986.09
199705      109.17      156.09      140.53     3365.16     5236.17     8099.59
199706      117.08      174.78      154.20     3331.93     5231.45     8768.00
199707      115.16      183.49      177.65     3594.67     5783.86     8434.93
199708      118.48      193.09      201.72     3961.30     6860.33     8597.42
199709      119.15      187.58      196.08     3218.86     6440.91     8194.85
199710      123.88      196.02      201.54     4078.59     7725.86     6256.86
199711      114.90      186.61      194.22     4140.73     7872.76     5361.87
199712      114.91      193.37      191.02     4634.98     8690.46     5413.36
199801      122.68      207.52      191.14     3729.96     8374.99     7496.94
199802      117.35      215.10      210.36     4734.73     8791.36     6402.04
199803      126.22      219.79      235.43     5925.46     7957.21     8136.71
199804      126.64      245.51      256.57     6411.69     8923.17     7838.69
199805      127.20      237.47      248.55     7089.15     9363.82     6746.80
199806      132.76      230.88      221.40     5667.03    10259.90     6979.24
199807      146.74      235.91      213.59     5254.13    11527.09     8090.20
199808      140.47      226.29      216.48     5583.70    11001.13     9618.11
199809      120.25      196.89      180.80     4545.10     6709.17    13258.70
199810      131.96      203.24      204.59     4550.79     7739.75    13990.29
199811      140.58      223.77      245.60     4796.24     8881.05    15882.91
199812      141.61      254.12      280.08     4444.51    10359.10    16356.30
199901      156.76      260.18      273.40     4575.65     9348.13    20006.73
199902      158.47      281.03      309.14     4858.74    13613.05    17456.87
199903      159.21      243.83      261.99     4630.94    11115.74    20897.64
199904      170.53      253.46      268.61     4861.97    12489.51    22123.23
199905      174.33      278.48      300.71     4948.73    12071.92    23524.99
199906      171.88      297.97      293.14     5918.12    13067.12    18469.93
199907      181.39      298.18      295.29     7422.40    12763.94    19387.28
199908      166.04      289.30      291.47     7362.30    12986.94    17450.34
199909      158.59      277.71      277.39     8715.54    14102.14    14935.98
199910      169.20      244.82      256.62     7888.62    13574.06    15048.54
199911      170.65      253.79      256.63     8677.44    16448.02    16693.77
199912      185.41      253.47      286.44     7813.82    15308.90    19855.83
200001      213.98      258.09      296.27     7936.76    21450.06    16020.15
200002      179.99      274.07      319.40    11312.81    18408.72    14092.70
200003      199.10      266.57      339.16     9664.72    19499.94    13334.65
200004      227.37      237.75      321.72    11908.57    19304.45    16732.64
200005      212.00      250.08      287.97    10445.52    19814.19    16999.44
200006      194.27      251.82      303.96    11462.98    16455.47    18575.72
200007      205.78      276.63      332.90    13132.66    18823.92    15266.73
200008      200.36      270.42      324.80    10258.30    19128.83    17875.59
200009      201.55      310.11      366.65    14839.40    17364.16    20120.54
200010      200.52      296.35      363.14    13908.48    17691.97    17481.36
200011      188.86      288.13      336.93    16201.68    19960.90    12875.07
200012      171.44      285.71      326.34    14778.93    20173.45    10452.66
200101      176.67      291.56      350.55    14695.50    18223.59    12741.60
200102      177.36      319.39      448.48    18891.54    18754.99     8343.74
200103      156.71      318.69      406.96    13805.54    18178.47     9328.23
200104      151.52      289.43      336.82    16987.33    13899.15     8550.12
200105      170.03      296.01      338.50    16440.17    17605.40     8246.59
200106      172.26      297.62      353.28    16305.72    17119.89     8041.08
200107      178.15      305.25      334.46    17873.95    13827.69     8348.63
200108      170.96      304.80      326.59    18582.49    14698.61     7532.00
200109      170.30      298.54      295.88    14732.47    15611.12     7147.70
200110      148.64      263.36      274.03    16701.24    14193.15     5961.82
200111      168.91      254.81      260.91    13765.06    15507.13     6737.12
200112      181.98      278.06      276.78    16025.68    15323.98     7774.87
200201      203.15      278.90      267.97    13824.78    14912.74     9429.63
200202      179.78      304.00      290.00    15443.00    15717.87     6546.04
200203      182.33      297.69      270.31    14295.09    14569.04     8500.28
200204      196.64      315.89      277.64    14413.53    16587.51     6283.22
200205      191.00      295.24      273.04    15174.04    12806.95     6818.41
200206      179.32      294.19      279.45    16346.29    12246.49     6852.56
200207      179.64      307.71      235.64    15003.02    10502.17     6996.85
200208      162.05      279.07      222.42    15155.44    10541.14     5964.34
200209      174.01      279.77      212.08    12801.17    11855.05     6976.99
200210      155.05      240.70      207.51    12889.82     9582.07     5842.00
200211      167.74      267.10      219.35    14861.72    10133.24     6645.71
200212      190.61      282.70      224.36    12861.94    12195.47     6915.81
200301      186.42      284.77      209.31    11893.75    11316.13     6988.99
200302      178.52      275.43      209.53    11048.98    11857.36     6325.73
200303      183.25      269.69      199.30    11061.05    11305.13     6754.28
200304      196.91      280.79      191.67     8854.90    13406.86     6644.29
200305      207.10      315.89      210.35     8192.17    14117.02     8658.97
200306      208.89      321.15      252.34     8428.31    12279.96    11599.50
200307      222.81      333.37      239.09    10890.15    13000.09     8346.28
200308      228.57      309.14      261.10    11478.09    12565.19     8014.35
200309      231.45      325.70      266.18    13484.66    10841.43     8448.54
200310      245.28      306.70      264.40    11486.77    12860.73     7430.14
200311      275.15      342.12      265.43    15940.33    10771.74     7236.77
200312      272.36      361.07      269.46    15800.20    11064.17     6683.76
200401      272.48      362.82      292.05    16551.75    10755.45     8215.48
200402      265.12      361.58      321.38    16275.43    10814.80     8460.87
200403      266.03      371.43      323.55    16599.91    11377.62     8168.97
200404      277.87      356.09      322.99    17045.89    10011.40     8087.45
200405      288.22      363.43      296.74    17496.29    11203.86     6547.24
200406      295.45      372.36      299.77    14725.30    13295.49     6959.35
200407      290.93      379.83      320.28    16917.44    12312.95     6156.62
200408      268.17      373.80      319.57    16876.82    11517.93     6926.77
200409      274.20      376.15      320.06    11541.28    15332.92     7501.77
200410      261.15      390.29      359.42    12742.83    13807.90     7937.34
200411      261.27      399.30      371.71    13126.15    13075.99     8879.36
200412      282.43      419.46      419.53    13043.39    13085.60     9343.52
200501      272.52      452.75      447.17    15308.77    13234.54     8057.95
200502      274.24      449.61      441.99    14125.03    14019.87     7410.36
200503      283.06      445.37      454.96    13758.27    14526.61     7836.39
200504      282.74      423.18      441.09    13736.91    12903.82     9586.70
200505      265.90      428.56      427.28    16259.68    12111.55     8512.71
200506      295.61      430.45      421.79    13356.12    14212.79     9395.05
200507      291.87      439.40      444.04    12968.48    13537.11     9742.73
200508      283.23      466.82      470.50    17065.15    12171.40     8657.87
200509      273.48      458.14      472.24    17938.79    11443.73     8593.62
200510      297.20      455.29      458.07    15950.60    12406.13     9440.05
200511      294.46      436.63      434.48    17299.34    11059.56     9685.27
200512      325.47      446.56      447.61    13666.07    14395.07    10224.06
200601      305.87      457.79      481.02    13605.65    14463.18    10214.25
200602      321.14      468.17      469.89    14594.71    13684.31     9935.84
200603      292.46      480.30      469.41    16444.23    12558.11     9505.06
200604      314.39      466.84      474.45    14425.41    14608.32     8635.70
200605      300.52      449.25      492.01    17927.93    12133.04     8748.34
200606      311.93      429.64      447.08    14198.64    14489.62     8822.62
200607      335.87      404.01      432.61    12708.01    15687.39     8590.97
200608      323.47      426.99      424.54    12755.47    15403.64     9784.24
200609      328.24      432.76      444.77     9603.21    17358.07    10944.67
200610      317.91      459.74      454.77     9764.44    17611.46    11658.88
200611      337.54      489.46      459.67    10676.00    17233.20    12263.31
200612      342.11      458.36      486.46    11762.53    16046.04    13657.96
200701      330.57      478.06      512.39    11606.79    16908.56    13144.28
200702      353.41      494.78      486.11    10048.13    15659.44    17306.49
200703      352.05      509.08      467.65    10438.84    16760.81    14393.25
200704      363.43      513.58      465.83     9414.78    19595.21    12094.59
200705      370.34      533.85      495.03    10449.66    19880.15    12831.18
200706      382.52      561.54      512.08    10525.58    19761.45    14559.98
200707      368.34      569.80      515.21    12165.46    20380.60    11368.92
200708      347.35      531.97      511.88    14825.45    18974.49     9900.77
200709      368.48      523.84      478.71    15061.73    18892.78    10976.39
200710      348.19      578.41      537.88    14978.18    20085.87    12131.10
200711      366.47      573.29      540.86    15724.90    18316.97    14822.84
200712      344.70      539.81      504.34    13482.31    20465.31    13005.32
200801      341.70      538.26      541.49    12410.65    20395.49    13907.54
200802      312.49      499.95      503.45    11989.61    16739.77    16334.90
200803      299.41      513.21      503.60    10046.98    16045.61    18379.18
200804      315.28      461.90      470.92    10149.21    17176.55    15957.65
200805      309.36      501.66      548.73    10592.55    16717.37    19490.42
200806      319.58      516.71      587.65    10872.66    17623.93    18720.95
200807      281.81      498.07      571.97    11413.05    16522.35    16587.92
200808      276.49      459.10      583.66    12140.51    16917.52    14046.88
200809      282.34      469.03      543.78    12021.23    16172.51    14630.18
200810      244.21      438.73      524.09    11107.99    15602.86    12489.49
200811      188.96      357.49      430.75     8885.15    12389.09    13358.99
200812      167.36      311.12      409.67     7647.14    11180.43    14713.41
200901      175.26      344.14      421.82     7414.53    11255.07    14545.42
200902      159.84      320.07      404.33     6507.01    11320.00    13128.93
200903      146.91      274.24      368.29     5830.43    10647.95    11782.67
200904      168.43      295.72      370.81     6521.75    12083.89    11225.57
200905      189.07      324.50      398.53     7483.57    12395.53    11305.84
200906      196.68      347.52      418.78     8144.24    14421.85    10017.05
200907      207.03      360.57      385.99     7649.39    12986.56    12165.80
200908      233.19      403.44      388.61     8480.87    14007.48    12308.47
200909      250.14      422.25      388.55     9154.67    14644.57    11917.62
200910      282.94      447.80      373.68    12304.32    14182.19    10729.98
200911      288.15      411.63      342.30    17679.22    12405.06     7819.72
200912      318.47      421.37      343.89    17912.90    13969.51     8430.50
201001      344.09      425.00      358.37    16598.72    13584.30     9848.97
201002      294.12      414.81      386.76    15117.25    13185.51    10070.72
201003      295.84      456.58      383.65    15048.61    14075.60    10147.66
201004      326.55      458.90      421.78    14573.97    16530.53     9598.45
201005      352.95      500.54      422.75    14135.49    16720.53     9502.19
201006      285.94      465.77      428.39    16990.40    12954.90     7579.35
201007      267.10      441.11      398.93    15849.21    12746.79     7123.63
201008      308.93      476.35      410.90    16905.82    13439.38     7978.07
201009      278.03      448.84      405.16    14925.09    13960.27     7763.91
201010      326.28      485.94      443.98    14832.77    14601.40    10236.85
201011      305.42      521.56      488.76    18338.94    14221.47     8853.73
201012      311.54      509.01      491.80    19259.45    12894.84     8815.53
201101      342.05      519.66      503.45    16684.86    16689.03     8697.88
201102      331.11      542.56      538.10    18581.85    15778.01     9895.91
201103      373.33      590.72      515.09    18476.32    15621.07    11606.43
201104      390.54      584.97      515.63    18077.71    15815.72    11576.16
201105      384.96      611.26      569.58    19789.84    16209.30    10763.80
201106      361.65      623.60      581.68    18136.81    16766.38    11146.04
201107      364.94      606.67      590.35    19177.70    16365.03    10245.21
201108      370.64      576.08      547.34    18322.56    17021.05     9147.11
201109      333.56      543.18      496.35    16708.64    15905.12    10324.09
201110      312.50      511.34      420.25    11246.28    17241.30    11123.34
201111      375.47      521.17      468.60    11338.91    16820.14    15549.18
201112      351.87      537.77      528.26    12198.81    16827.30    14712.40
201201      349.80      543.30      545.60    11220.72    17764.88    14693.08
201202      347.50      572.75      630.17    12303.86    16232.92    17253.52
201203      360.24      587.83      635.50    12186.29    17383.59    18065.05
201204      381.70      606.38      618.33    11787.13    16876.83    20934.47
201205      379.79      625.75      555.82    11021.27    16451.71    22255.16
201206      360.74      563.19      509.69     9548.91    17314.62    19608.75
201207      375.96      577.40      516.46    10706.49    16565.29    21370.91
201208      360.27      573.35      580.57    10549.67    17534.55    21467.98
201209      378.82      598.02      567.26    10875.31    18863.67    20574.89
201210      369.88      623.18      601.88    13777.72    20601.17    16512.14
201211      389.93      605.35      540.98    11529.95    18630.30    20271.33
201212      413.26      623.74      513.48    10748.86    20964.99    18268.81
201301      416.24      645.92      538.93    12598.94    21513.53    15618.33
201302      427.48      666.76      599.84    13430.84    23415.20    14696.49
201303      444.47      687.52      575.99    15285.84    23274.67    14278.10
201304      450.61      686.64      658.54    16486.39    22601.34    15269.22
201305      435.57      711.86      686.04    20091.60    19068.30    18137.56
201306      442.95      788.71      679.76    19584.54    20424.96    17330.88
201307      427.88      753.77      679.28    22442.25    18802.13    15274.92
201308      425.79      802.70      740.01    23097.00    19114.72    16717.09
201309      415.09      804.87      691.53    23234.68    19051.28    14060.93
201310      444.21      809.33      719.18    23367.66    20275.10    13812.04
201311      448.27      826.07      768.30    24585.05    22030.51    13622.07
201312      464.18      873.06      767.49    22939.76    23120.77    14847.85
201401      467.90      842.90      820.58    20787.00    23786.86    17974.25
201402      457.22      820.90      781.77    20851.15    22239.55    17230.03
201403      496.14      865.53      750.45    22137.15    21967.68    19377.80
201404      532.76      837.88      737.87    21513.21    24296.70    17017.30
201405      517.06      822.44      748.56    20488.10    28013.72    14250.77
201406      560.99      841.98      742.08    19002.52    27885.20    17305.75
201407      575.67      920.91      701.38    20167.35    26239.64    18108.75
201408      555.29      910.64      670.23    25126.28    21758.87    19458.89
201409      609.24      911.69      694.46    19649.83    26154.95    21684.87
201410      581.64      903.60      699.18    17781.85    27248.99    22187.78
201411      614.40      893.66      667.22    17683.47    25229.70    25390.86
201412      589.88      948.48      733.44    18112.19    26886.08    25522.00
201501      586.50      930.90      750.64    17695.75    24750.04    27746.11
201502      524.19      893.19      861.07    19128.95    25196.75    24303.34
201503      572.45      858.45      920.80    19065.48    27074.16    25972.16
201504      556.03      889.96      954.11    20082.31    25673.13    24879.25
201505      521.95      868.17      957.76    24224.52    25433.52    22473.74
201506      544.04      892.18      898.99    22261.47    26889.21    22881.68
201507      558.70      846.18      900.66    19567.75    26424.50    22970.25
201508      487.79      869.30      940.32    22195.32    27216.99    22688.35
201509      486.13      795.73      895.37    19023.72    26899.11    21347.94
201510      458.52      764.08      824.66    20074.84    28437.89    17136.57
201511      544.45      801.57      805.79    20073.20    30609.97    20480.91
201512      548.39      785.69      831.26    19932.70    29222.38    21455.83
201601      505.52      820.76      793.88    20853.61    27130.17    23220.49
201602      479.39      814.63      695.00    20250.26    24677.78    25272.04
201603      500.72      810.54      669.17    14868.83    26401.44    27990.86
201604      551.23      877.54      672.00    16727.53    27262.38    29056.57
201605      525.59      827.10      787.59    13852.91    29126.11    28915.72
201606      554.94      898.81      706.50    17223.93    29120.78    26886.45
201607      547.51      845.10      757.34    17432.11    27739.38    28418.71
201608      561.41      869.79      737.77    20337.93    27062.10    28728.10
201609      569.54      864.65      776.01    19506.68    26976.11    29442.34
201610      535.01      868.04      823.91    20500.88    28506.37    25580.11
201611      560.85      825.90      732.54    21742.45    30858.39    21250.83
201612      640.95      909.95      681.55    19639.47    32129.00    22232.64
201701      557.45      870.57      826.75    25972.17    33239.22    15241.57
201702      538.41      860.21      836.87    29168.98    30293.71    18415.66
201703      552.19      937.14      836.13    28263.23    32018.83    20461.20
201704      573.53      937.94      821.83    21686.46    37217.27    20580.97
201705      541.63     1031.13      842.24    21044.78    35679.81    24314.40
201706      558.22      991.32      839.89    22838.27    33844.34    27918.50
201707      572.38     1005.04      842.75    23776.27    31105.63    29539.36
201708      590.47     1038.82      819.67    24518.91    34702.51    25748.07
201709      607.83     1048.94      820.49    25252.51    32876.01    28038.41
201710      634.65     1061.78      896.23    25172.80    31022.04    31051.91
201711      599.92     1095.28      917.42    26083.41    34832.74    28140.93
201712      680.71     1020.24      947.61    25723.39    30018.30    37612.88
201801      690.57     1027.68      983.99    25658.76    33287.05    34708.80
201802      718.14     1100.03     1031.30    24773.37    34478.20    41386.97
201803      688.36     1120.41      942.33    22103.97    35896.97    37561.70
201804      680.75     1100.73      903.67    24836.96    31927.89    36190.53
201805      678.05     1089.03      882.86    25724.27    34382.97    30775.01
201806      699.14     1059.47      925.58    27892.20    31948.56    32456.36
201807      670.10     1027.24      958.83    26343.90    32690.31    32413.49
201808      691.69     1093.78      943.74    28711.63    34934.03    31233.65
201809      691.61     1129.27     1033.73    26617.38    39318.68    31223.06
201810      652.95     1165.66     1049.41    27752.19    35849.79    36934.96
201811      651.16      997.23      926.22    22971.88    35090.95    36169.72
201812      655.36     1019.87      944.24    21624.52    38159.02    36726.42
201901      561.84      956.44      949.05    19189.70    36413.34    33240.42
201902      618.97      940.04     1075.59    20890.90    37402.90    36287.19
201903      617.32     1048.55     1078.97    22887.15    43331.30    28898.23
201904      610.03     1114.30     1078.02    20915.22    43558.04    34771.05
201905      660.40     1160.68     1143.72    22905.33    44977.74    35395.05
201906      635.62     1141.65     1084.90    21940.59    40149.54    37060.35
201907      689.27     1142.63     1131.85    25359.27    40695.03    40210.10
201908      694.01     1194.98     1122.91    26340.14    43753.64    36876.82
201909      644.81     1211.30     1171.54    29290.02    41362.20    37961.62
201910      656.02     1143.38     1263.19    24914.18    45241.68    38145.51
201911      635.44     1335.70     1217.25    29030.44    49144.48    31183.49
201912      672.06     1300.31     1200.86    30341.46    45360.22    39928.89
202001      645.08     1457.74     1322.62    34400.38    46857.78    36000.95
202002      644.84     1447.29     1247.72    32377.29    46000.05    42867.76
202003      613.15     1251.49     1225.84    22657.72    44574.09    43770.07
202004      540.16      989.11      997.63    22328.19    44946.97    39188.03
202005      646.66     1104.99     1079.95    21048.43    42171.74    56705.77
202006      639.15     1288.87     1099.49    22904.92    38585.27    65109.53
