This was created by CMPT_EP_CFP_OP_INV_NI_AC_BRKPTS using the 201507 CRSP database.
It contains every 5th NYSE CF/P percentile.

      <=0   >0
1951    2  326    9.47   11.00   11.73   13.19   14.48   15.92   17.28   18.14   19.03   19.97   20.99   21.93   23.82   25.40   26.61   28.58   31.26   34.11   39.66   61.89
1952    1  438    8.18    9.47   11.45   12.32   13.54   14.25   14.67   15.46   16.19   17.21   17.98   18.78   19.73   20.68   21.88   23.87   25.58   27.96   32.86   55.90
1953    5  446    8.16    9.53   10.23   11.08   12.01   12.81   13.49   14.21   15.08   15.58   16.30   17.03   17.82   19.12   20.98   22.12   24.59   26.77   29.98  127.54
1954    1  460    8.97   10.12   11.27   12.22   12.95   13.56   14.39   15.25   15.65   17.19   18.51   19.65   21.12   23.03   24.77   25.88   28.13   32.66   40.42  110.19
1955    3  469    6.49    7.80    9.08    9.71   10.26   11.01   11.54   11.95   12.33   12.82   13.33   13.72   14.67   15.19   15.84   17.00   18.78   20.07   23.72   46.32
1956    1  480    6.72    8.33    8.99    9.95   10.63   11.07   11.48   11.99   12.56   13.09   13.65   14.14   14.70   15.38   16.34   17.29   18.94   20.85   24.33   49.90
1957    4  493    7.69    8.76    9.68   10.36   11.14   11.67   12.29   12.83   13.42   13.85   14.52   15.09   15.77   16.30   17.23   18.29   19.75   21.37   24.81   47.70
1958    2  522    8.26    9.46   10.43   11.85   12.44   13.11   13.90   14.65   15.65   16.54   17.24   18.26   19.21   20.23   21.40   23.57   25.38   28.15   33.36   92.46
1959    3  542    4.97    6.23    6.71    7.49    8.01    8.73    9.34    9.73   10.45   10.75   11.15   11.64   12.15   12.92   13.74   14.51   15.86   17.56   21.33   47.40
1960    4  565    4.64    5.83    6.74    7.60    8.26    8.93    9.47   10.01   10.45   10.93   11.58   12.08   12.75   13.28   13.98   15.05   16.56   19.19   22.41   52.35
1961   10  646    3.84    5.71    6.53    7.36    8.09    8.74    9.43   10.11   10.63   11.30   11.66   12.33   12.96   13.85   14.86   15.99   17.80   20.52   26.16   78.75
1962   17  689    3.19    4.31    5.06    5.67    6.56    7.16    7.64    8.17    8.51    8.94    9.33    9.85   10.45   11.24   11.99   12.99   14.35   16.28   20.55  105.06
1963    8  742    4.95    6.00    6.64    7.18    7.89    8.38    8.93    9.46    9.98   10.53   11.25   11.88   12.40   13.31   14.30   15.38   16.70   18.63   23.12  124.54
1964    7  788    4.67    5.64    6.32    6.90    7.43    8.05    8.42    8.90    9.54   10.22   10.79   11.58   12.17   12.92   13.67   14.55   15.89   18.08   22.26  111.63
1965   10  851    4.76    5.74    6.36    6.96    7.44    7.89    8.44    8.94    9.52   10.16   10.73   11.40   12.20   12.97   13.78   14.81   15.87   17.37   19.71   91.95
1966   11  897    4.35    5.52    6.19    6.82    7.32    7.79    8.24    8.64    9.05    9.57   10.07   10.48   11.08   11.64   12.36   13.09   14.17   15.19   18.07   80.56
1967   11  948    4.64    6.33    7.30    8.14    8.98    9.58   10.12   10.89   11.45   12.06   12.67   13.44   14.25   15.03   15.92   16.81   17.87   19.89   22.58  176.38
1968   14  977    3.33    4.24    5.23    6.00    6.52    7.11    7.72    8.25    8.82    9.27    9.65   10.14   10.66   11.10   11.62   12.28   13.03   14.25   16.11   33.71
1969   12 1050    3.02    3.96    4.75    5.34    5.87    6.35    6.78    7.16    7.61    8.01    8.44    8.75    9.17    9.62   10.16   10.64   11.16   11.97   13.56   23.87
1970   19 1110    3.46    4.65    5.66    6.44    7.45    8.01    8.82    9.56   10.24   10.91   11.49   12.19   12.83   13.32   13.96   14.90   16.32   17.75   20.34   69.63
1971   60 1103    3.85    5.04    6.08    6.99    7.80    8.36    9.08    9.67   10.27   10.72   11.20   11.71   12.24   12.81   13.42   14.27   15.19   16.42   18.99   45.70
1972   55 1177    2.98    4.06    5.24    6.09    6.80    7.44    8.16    8.67    9.28    9.84   10.44   11.06   11.60   12.16   12.74   13.48   14.23   15.43   17.35   56.36
1973   28 1268    2.97    4.44    5.38    6.36    7.27    8.13    8.85    9.59   10.28   10.90   11.80   12.36   13.03   13.70   14.34   14.99   15.83   17.00   19.63   96.82
1974   32 1282    5.05    7.02    9.12   11.23   12.87   14.20   15.31   16.25   17.24   18.13   19.12   20.21   21.71   23.52   25.28   26.94   29.38   32.30   38.65   80.20
1975   65 1272    8.41   11.04   13.69   16.53   18.50   20.51   21.91   23.49   24.64   26.00   27.78   29.46   31.17   33.84   36.42   38.98   42.14   48.99   58.88  258.92
1976   96 1245    6.17    8.12    9.91   11.36   12.77   14.17   15.67   16.64   17.45   18.32   19.16   19.94   21.23   22.19   23.97   26.37   28.23   31.19   36.89   96.60
1977   47 1321    6.79    8.40    9.96   11.05   12.22   13.28   14.18   14.87   15.76   16.43   17.14   17.77   18.48   19.38   20.49   21.52   23.32   25.69   29.85   58.08
1978   52 1314    8.00   10.19   11.46   12.65   13.54   14.40   15.19   15.97   16.87   17.62   18.38   19.04   19.68   20.63   21.84   23.15   24.84   27.17   30.70   79.49
1979   34 1326    8.80   10.84   12.41   13.67   14.91   16.10   16.90   17.94   18.80   19.55   20.34   21.24   22.18   23.17   24.50   25.84   27.66   30.70   34.70   61.54
1980   40 1315    7.89   10.11   11.51   12.74   13.95   15.06   16.06   17.15   18.07   18.98   19.95   20.77   21.69   22.64   23.86   25.47   27.21   29.66   33.58   89.22
1981   58 1291    5.65    7.69    8.96   10.13   11.43   12.57   13.94   14.96   16.04   17.06   18.02   18.94   19.85   20.97   21.98   22.93   24.19   26.14   29.16   61.43
1982   76 1259    6.72    8.99   10.44   11.86   13.03   14.10   15.26   16.45   17.51   18.49   19.26   19.95   20.95   21.77   23.05   24.16   25.85   28.60   32.55  104.56
1983  140 1178    4.77    6.64    7.71    8.53    9.28   10.32   11.25   12.23   13.11   14.01   15.00   16.36   17.42   18.69   20.13   21.94   23.67   26.00   29.98   83.86
1984  138 1182    3.61    5.43    6.68    7.77    8.62    9.35   10.15   10.79   11.50   12.28   13.03   13.89   14.71   15.69   16.97   18.75   20.56   23.78   28.18   60.76
1985  134 1165    5.65    7.35    8.74    9.76   10.40   11.39   12.16   12.99   13.79   14.53   15.46   16.42   17.39   18.60   19.90   21.39   23.18   25.20   28.36  117.03
1986  166 1087    4.02    5.54    6.56    7.35    8.05    8.54    9.12    9.79   10.54   11.36   12.04   12.89   13.89   14.97   15.91   17.03   19.07   20.63   23.65   77.53
1987  179 1075    3.20    4.99    6.14    6.92    7.58    8.23    8.96    9.56   10.09   10.63   11.18   11.87   12.58   13.26   14.14   15.32   16.71   18.49   21.66  235.71
1988  145 1108    4.08    5.82    6.99    7.84    8.84    9.58   10.19   10.95   11.63   12.54   13.26   14.15   14.83   15.64   16.47   17.67   19.21   21.31   27.37  421.56
1989  140 1099    4.05    5.83    7.08    7.85    8.68    9.19    9.74   10.41   11.10   11.67   12.31   13.04   13.89   14.90   15.95   17.01   18.33   20.71   25.03  402.56
1990  155 1086    3.98    5.34    6.40    7.10    7.68    8.20    8.85    9.33    9.95   10.50   11.37   12.04   12.72   13.51   14.38   15.10   16.52   18.44   22.85  229.18
1991  207 1079    4.15    5.97    6.74    7.49    8.37    9.19    9.88   10.65   11.36   12.09   12.78   13.52   14.14   15.00   15.83   17.10   18.73   21.89   28.31  249.87
1992  263 1083    2.43    3.77    4.55    5.31    5.93    6.59    7.24    7.80    8.32    8.75    9.30    9.80   10.41   11.12   11.81   12.69   13.68   15.42   18.31 1067.06
1993  215 1227    2.49    3.73    4.75    5.35    6.16    6.60    7.08    7.67    8.18    8.68    9.09    9.47   10.06   10.73   11.46   12.23   13.12   14.56   17.49  108.35
1994  219 1317    2.59    3.96    4.89    5.49    6.18    6.61    7.17    7.60    8.06    8.56    9.04    9.47   10.00   10.61   11.09   11.86   12.84   14.14   17.38  205.37
1995  166 1423    3.77    5.23    6.34    7.09    7.56    8.18    8.66    9.27    9.79   10.26   10.83   11.40   12.04   12.63   13.29   14.27   15.25   16.86   20.65   98.54
1996  144 1491    2.88    4.38    5.34    5.93    6.68    7.23    7.70    8.17    8.63    9.17    9.73   10.24   10.69   11.37   12.17   13.23   14.80   16.28   20.19  153.29
1997  151 1592    2.54    3.83    4.75    5.74    6.32    6.78    7.31    7.77    8.30    8.79    9.41    9.93   10.53   11.20   11.83   12.59   13.75   15.71   19.34  133.42
1998  163 1582    2.71    3.76    4.39    4.93    5.44    5.96    6.44    6.90    7.40    7.88    8.36    8.87    9.34    9.88   10.68   11.34   12.48   14.09   18.05  114.83
1999  189 1525    2.06    3.20    4.09    4.82    5.42    5.99    6.59    7.23    7.73    8.39    8.90    9.45   10.05   10.86   11.96   13.00   14.61   17.34   23.20  186.38
2000  158 1411    2.45    3.51    4.56    5.46    6.26    7.11    7.75    8.53    9.27   10.03   10.70   11.62   12.44   13.53   14.77   16.21   17.95   21.29   27.66  160.88
2001  165 1295    2.65    3.67    4.52    5.41    6.10    6.90    7.59    8.27    9.02    9.77   10.68   11.35   12.53   13.76   15.21   16.98   19.58   24.25   31.17  120.39
2002  236 1176    1.96    3.06    3.72    4.44    5.10    5.63    6.08    6.59    7.13    7.73    8.35    9.08    9.82   10.86   11.67   12.87   14.39   17.04   24.01  230.34
2003  189 1215    2.68    4.15    5.10    5.82    6.35    6.90    7.51    8.01    8.55    9.18    9.79   10.38   11.23   12.01   12.81   14.31   15.96   18.49   24.13   93.51
2004  165 1214    2.31    3.58    4.38    4.96    5.42    5.88    6.40    6.79    7.21    7.70    8.11    8.69    9.30    9.86   10.69   11.59   12.62   15.03   18.84  114.73
2005  121 1258    2.75    3.72    4.44    5.07    5.51    5.94    6.29    6.70    7.09    7.45    7.88    8.34    8.89    9.51   10.30   11.11   12.07   13.74   16.77  327.84
2006  111 1238    2.90    3.91    4.65    5.22    5.74    6.18    6.64    7.01    7.35    7.80    8.18    8.67    9.15    9.75   10.41   11.17   12.27   14.23   17.33   87.38
2007  113 1218    2.75    3.91    4.76    5.24    5.83    6.12    6.46    6.85    7.17    7.58    7.93    8.33    8.76    9.32   10.00   10.86   12.13   13.91   17.45  294.46
2008  138 1171    2.50    3.83    4.83    5.40    5.98    6.48    6.90    7.28    7.73    8.11    8.55    9.18    9.93   10.50   11.09   12.08   13.32   14.94   17.65   78.68
2009  308  952    3.39    5.35    6.49    7.44    8.27    9.16    9.87   10.50   11.12   11.83   12.76   13.65   14.47   15.50   16.85   18.73   21.85   26.60   33.80  339.44
2010  285  967    2.00    3.32    4.34    5.10    5.90    6.42    6.87    7.57    8.04    8.53    9.06    9.53   10.13   10.85   11.88   12.88   14.33   15.98   19.18  514.88
2011  152 1090    2.47    3.72    4.71    5.28    5.84    6.48    7.02    7.41    7.89    8.35    8.84    9.38   10.03   10.83   11.88   13.09   14.14   15.55   19.47 1692.58
2012  142 1095    2.66    4.29    5.45    6.36    6.99    7.51    8.04    8.55    9.02    9.59   10.13   10.79   11.49   12.30   13.46   14.61   16.39   18.77   22.78  100.20
2013  171 1072    2.15    3.43    4.81    5.54    6.04    6.70    7.19    7.65    8.09    8.58    9.23    9.85   10.61   11.45   12.50   13.45   14.74   16.60   20.56  137.58
2014  156 1112    1.62    2.82    3.92    4.54    5.02    5.40    5.77    6.14    6.54    6.91    7.35    7.77    8.28    8.91    9.75   10.74   11.74   12.99   15.66  157.17
2015  177 1113    2.25    3.42    4.18    4.69    5.21    5.50    5.93    6.31    6.64    7.07    7.54    7.95    8.51    9.11    9.78   10.78   11.78   13.71   18.27  171.68
