This file was created by CMPT_NYSE_DP_BRKS using the 201507 CRSP database.
It contains every fifth NYSE dividend yield percentile for Jun of each year

        <=0   >0
192606  190  285  2.996  3.687  4.167  4.528  4.878  5.074  5.263  5.479  5.714  6.038  6.250  6.584  6.849  7.207  7.576  7.895  8.511  9.050 11.060 118.519
192706  171  346  2.222  2.995  3.462  3.815  4.138  4.412  4.730  5.081  5.479  5.763  6.024  6.289  6.612  7.273  7.595  8.073  8.721  9.821 11.275 160.000
192806  191  361  1.515  2.222  2.632  3.226  3.503  3.826  4.060  4.363  4.681  4.988  5.138  5.356  5.556  5.886  6.242  6.751  7.313  7.883  8.889  31.522
192906  207  386  1.351  1.955  2.175  2.516  2.786  3.227  3.516  3.756  4.047  4.255  4.553  4.762  4.984  5.356  5.726  6.034  6.812  7.568  9.241  28.571
193006  213  465  2.581  3.493  3.935  4.330  4.969  5.357  5.755  6.024  6.536  6.977  7.445  8.108  8.634  9.205 10.169 11.200 12.500 14.000 17.547  44.444
193106  249  455  3.561  4.444  4.878  5.405  5.926  6.386  6.764  7.232  7.636  8.081  8.556  9.000  9.630 10.596 11.173 11.954 13.415 14.545 17.391 119.298
193206  334  355  5.882  7.037  8.276  9.524 10.769 11.765 12.500 13.810 14.907 15.738 17.333 18.133 19.692 20.879 22.917 25.000 27.586 33.655 39.474 426.667
193306  439  234  1.544  2.051  2.457  2.759  3.175  3.347  3.604  3.818  4.167  4.402  4.667  4.969  5.217  5.783  6.207  6.838  7.670  8.000  9.459  61.466
193406  413  266  1.429  1.935  2.308  2.697  2.927  3.236  3.774  3.902  4.156  4.380  4.687  4.961  5.231  5.581  6.061  6.337  6.780  7.328  8.889  12.714
193506  373  305  1.786  2.273  2.652  3.077  3.462  3.694  3.909  4.172  4.396  4.651  5.000  5.202  5.513  5.839  6.151  6.531  7.143  7.778  8.889  16.824
193606  324  358  1.445  1.923  2.243  2.632  2.857  3.125  3.419  3.684  3.909  4.167  4.478  4.669  4.978  5.246  5.564  5.882  6.429  7.273  8.727  16.416
193706  248  464  2.020  2.976  3.597  3.960  4.424  4.762  5.195  5.469  5.861  6.115  6.383  6.699  7.132  7.576  8.000  8.660  9.351 10.526 12.093  35.714
193806  238  517  2.857  3.504  3.906  4.380  5.000  5.405  5.833  6.250  6.633  6.944  7.317  7.692  8.163  8.696  9.227  9.804 10.667 11.679 13.529  27.400
193906  344  407  2.168  2.730  3.200  3.636  4.023  4.444  4.678  5.000  5.213  5.479  5.714  6.061  6.337  6.667  7.042  7.525  8.000  8.696 10.000  17.544
194006  275  476  2.985  3.883  4.651  5.063  5.389  5.756  6.154  6.452  6.799  7.200  7.619  7.931  8.224  8.602  9.268 10.000 10.811 11.852 13.462  53.210
194106  211  555  3.125  4.444  5.000  5.455  5.797  6.107  6.452  6.780  7.143  7.487  7.901  8.233  8.602  9.091  9.514 10.169 10.909 11.915 13.091  26.829
194206  186  591  4.706  5.818  6.486  7.041  7.407  8.000  8.447  8.780  9.286  9.756 10.356 10.766 11.321 11.765 12.308 12.808 13.846 15.238 16.783  44.945
194306  157  620  2.500  3.077  3.556  3.980  4.286  4.590  4.762  5.057  5.319  5.517  5.714  6.030  6.369  6.780  7.092  7.571  8.163  9.139 10.811  76.875
194406  136  648  2.410  3.053  3.509  3.876  4.175  4.441  4.583  4.831  5.000  5.217  5.442  5.631  5.926  6.170  6.579  6.915  7.477  8.333 10.317  24.060
194506  122  677  2.273  2.857  3.071  3.380  3.571  3.765  3.953  4.110  4.255  4.404  4.512  4.673  4.819  5.081  5.324  5.577  6.061  6.667  7.715  20.513
194606  116  709  1.408  1.866  2.143  2.353  2.602  2.759  2.920  3.061  3.175  3.306  3.475  3.605  3.723  3.857  4.037  4.336  4.588  4.906  5.755  14.159
194706  118  760  2.667  3.333  3.956  4.236  4.545  4.755  5.000  5.263  5.594  5.818  6.176  6.400  6.723  7.143  7.525  8.040  8.772  9.804 11.212  47.431
194806  102  813  2.824  3.571  4.124  4.507  4.923  5.172  5.541  5.797  5.994  6.331  6.557  6.811  7.143  7.500  7.927  8.439  8.929  9.722 11.034  19.986
194906  108  835  4.040  5.000  5.517  5.875  6.405  6.780  7.179  7.559  8.108  8.623  9.091  9.697 10.153 10.738 11.163 11.940 12.830 14.000 16.438  29.851
195006  122  842  3.030  4.008  4.685  5.152  5.517  5.825  6.109  6.349  6.751  7.013  7.273  7.583  7.843  8.235  8.696  9.020  9.524 10.185 11.429  28.070
195106   91  895  3.522  4.340  4.943  5.298  5.659  5.957  6.250  6.522  6.872  7.143  7.430  7.742  8.054  8.475  8.955  9.329 10.000 10.526 11.815  44.815
195206   90  914  3.239  3.863  4.321  4.762  5.053  5.367  5.634  5.843  6.140  6.338  6.667  7.021  7.407  7.730  8.000  8.333  8.779  9.430 10.458  19.862
195306   96  915  3.168  4.000  4.444  4.923  5.192  5.479  5.680  5.882  6.102  6.364  6.667  6.931  7.273  7.500  7.837  8.205  8.571  9.057  9.836  36.364
195406  104  914  2.597  3.368  3.817  4.167  4.420  4.667  4.908  5.128  5.333  5.556  5.816  6.122  6.412  6.751  7.143  7.500  8.040  8.556  9.524  17.651
195506  112  900  1.938  2.459  2.927  3.250  3.519  3.731  4.000  4.190  4.348  4.502  4.688  4.819  5.045  5.205  5.424  5.674  5.970  6.364  6.957   9.624
195606   91  928  2.018  2.597  2.972  3.429  3.636  3.906  4.225  4.444  4.660  4.892  5.038  5.229  5.463  5.714  5.895  6.303  6.557  6.897  7.574  15.094
195706   96  920  1.967  2.600  3.147  3.427  3.783  4.138  4.372  4.651  4.923  5.161  5.349  5.565  5.783  6.000  6.211  6.531  6.811  7.273  8.000  80.645
195806  112  920  2.000  2.838  3.320  3.646  3.892  4.110  4.348  4.571  4.762  5.000  5.235  5.494  5.769  5.967  6.250  6.598  7.059  7.519  8.378  20.463
195906  127  897  1.316  1.822  2.202  2.542  2.797  3.000  3.221  3.371  3.537  3.766  3.906  4.103  4.255  4.444  4.587  4.768  4.979  5.282  5.785  21.167
196006  127  920  1.433  2.004  2.339  2.723  3.017  3.245  3.500  3.755  4.000  4.192  4.432  4.632  4.830  5.000  5.279  5.556  5.872  6.211  6.848  43.750
196106  141  931  1.301  1.708  1.923  2.189  2.438  2.689  2.923  3.158  3.398  3.596  3.731  3.862  4.082  4.272  4.444  4.657  4.945  5.263  5.926  49.905
196206  168  925  1.788  2.312  2.625  2.934  3.211  3.542  3.696  3.826  4.017  4.211  4.378  4.638  4.865  5.091  5.359  5.578  5.818  6.192  6.761  10.596
196306  150  970  1.350  1.787  2.164  2.415  2.678  2.866  3.061  3.235  3.383  3.509  3.662  3.846  4.040  4.250  4.468  4.651  4.923  5.333  5.882   8.411
196406  150  999  1.193  1.678  2.105  2.384  2.556  2.747  2.890  3.050  3.201  3.377  3.547  3.721  3.866  4.048  4.255  4.459  4.688  5.000  5.590  10.968
196506  140 1033  1.349  1.818  2.119  2.344  2.525  2.778  2.967  3.137  3.273  3.428  3.611  3.777  3.947  4.186  4.356  4.568  4.848  5.128  5.634  10.909
196606  130 1064  0.983  1.520  1.838  2.151  2.457  2.726  3.000  3.161  3.394  3.596  3.781  3.968  4.161  4.348  4.571  4.819  5.049  5.412  5.915  11.351
196706  131 1078  0.864  1.305  1.622  1.872  2.123  2.339  2.694  2.963  3.223  3.426  3.636  3.882  4.114  4.384  4.599  4.848  5.075  5.385  5.818   8.750
196806  121 1055  0.690  0.957  1.267  1.520  1.773  2.025  2.286  2.492  2.718  2.920  3.102  3.328  3.522  3.806  4.082  4.372  4.618  4.974  5.363   7.045
196906  141 1045  0.744  1.138  1.422  1.694  2.010  2.278  2.535  2.776  2.963  3.164  3.462  3.678  3.913  4.167  4.507  4.831  5.161  5.505  5.939   8.032
197006  176 1063  1.153  1.802  2.258  2.712  3.151  3.478  3.810  4.131  4.482  4.945  5.333  5.734  6.061  6.400  6.713  7.032  7.477  7.877  8.682  21.212
197106  215 1045  0.647  1.047  1.383  1.601  1.833  2.111  2.378  2.623  2.870  3.110  3.441  3.783  4.048  4.314  4.624  4.938  5.452  6.061  6.626  12.948
197206  254 1070  0.544  0.907  1.170  1.397  1.611  1.870  2.231  2.500  2.807  3.076  3.351  3.711  4.000  4.360  4.742  5.217  5.634  6.280  6.914   8.989
197306  257 1124  0.800  1.167  1.542  1.985  2.370  2.737  3.136  3.521  3.828  4.267  4.571  4.913  5.229  5.513  5.854  6.226  6.675  7.075  7.547  15.915
197406  218 1189  1.021  1.574  2.000  2.540  3.077  3.548  3.934  4.364  4.894  5.352  5.882  6.261  6.783  7.133  7.615  8.073  8.874  9.832 11.111  58.803
197506  216 1196  0.988  1.462  1.842  2.286  2.617  3.040  3.441  3.810  4.236  4.660  5.044  5.388  5.786  6.222  6.774  7.260  7.850  8.743  9.375  15.653
197606  218 1188  1.000  1.576  1.869  2.238  2.500  2.766  3.023  3.282  3.556  3.837  4.177  4.507  4.831  5.354  5.797  6.217  6.857  7.778  8.714  15.600
197706  167 1269  1.053  1.622  2.069  2.424  2.755  3.030  3.281  3.500  3.750  4.000  4.268  4.535  4.830  5.203  5.561  5.833  6.507  7.133  7.822  11.842
197806  146 1285  1.270  1.835  2.229  2.607  2.894  3.233  3.511  3.692  4.015  4.293  4.585  4.909  5.170  5.538  5.936  6.400  7.075  7.905  8.835  34.511
197906  145 1281  1.171  1.868  2.374  2.667  3.028  3.333  3.673  3.971  4.267  4.646  4.947  5.214  5.570  5.887  6.273  6.820  7.568  8.558  9.485  15.704
198006  141 1270  1.128  1.630  2.222  2.687  3.111  3.488  3.830  4.235  4.652  5.029  5.308  5.634  6.042  6.493  7.020  7.564  8.341  9.315 10.476  16.244
198106  157 1244  0.847  1.349  1.783  2.095  2.444  2.774  3.117  3.429  3.774  4.090  4.424  4.787  5.121  5.463  5.844  6.446  7.218  9.064 11.852  14.382
198206  176 1211  1.282  1.803  2.304  2.717  3.137  3.604  3.987  4.522  4.952  5.424  5.938  6.421  6.897  7.373  7.912  8.791  9.524 10.588 12.082  14.742
198306  216 1151  0.658  0.983  1.250  1.500  1.767  2.021  2.376  2.697  2.978  3.249  3.556  3.813  4.183  4.571  5.046  5.594  6.564  8.697 10.551  12.752
198406  232 1132  0.851  1.280  1.600  1.948  2.302  2.572  2.909  3.240  3.523  3.733  4.000  4.335  4.672  5.057  5.534  6.333  7.479  9.217 11.165  95.673
198506  248 1103  0.716  1.186  1.455  1.759  2.078  2.286  2.524  2.765  3.043  3.273  3.466  3.761  4.000  4.352  4.741  5.377  6.311  7.232  8.558  36.726
198606  264 1045  0.580  0.871  1.127  1.333  1.560  1.767  1.975  2.155  2.370  2.560  2.783  3.039  3.249  3.600  4.050  4.758  5.636  6.298  7.636 404.286
198706  303  997  0.443  0.727  0.985  1.208  1.433  1.592  1.769  1.963  2.142  2.337  2.505  2.723  2.990  3.282  3.655  4.235  5.608  6.645  7.769 635.514
198806  320  983  0.498  0.889  1.176  1.450  1.690  1.887  2.091  2.307  2.519  2.778  3.063  3.265  3.571  3.916  4.407  5.112  6.163  7.306  8.768 204.511
198906  312  962  0.619  0.988  1.258  1.512  1.717  1.972  2.184  2.390  2.623  2.844  3.083  3.339  3.649  3.932  4.356  5.026  6.129  7.234  8.407 434.479
199006  323  949  0.598  0.964  1.252  1.591  1.846  2.090  2.351  2.581  2.771  3.032  3.333  3.748  4.103  4.571  5.079  6.038  6.897  7.726  8.703 545.455
199106  385  932  0.640  0.964  1.203  1.519  1.735  2.007  2.265  2.516  2.727  2.977  3.224  3.629  3.959  4.304  4.923  5.556  6.496  7.193  8.181 107.879
199206  428  941  0.518  0.857  1.093  1.366  1.587  1.855  2.081  2.272  2.470  2.723  2.916  3.116  3.377  3.756  4.238  4.783  5.391  6.222  7.005  35.385
199306  468  991  0.434  0.684  0.897  1.171  1.361  1.641  1.850  2.024  2.209  2.435  2.625  2.819  3.040  3.330  3.623  4.000  4.762  5.377  6.084  44.356
199406  509 1043  0.425  0.640  0.849  1.113  1.333  1.566  1.793  2.004  2.244  2.436  2.679  2.894  3.130  3.406  3.636  4.211  5.075  6.138  7.656  17.492
199506  526 1079  0.404  0.597  0.808  0.996  1.178  1.415  1.629  1.833  2.038  2.237  2.424  2.648  2.928  3.200  3.531  4.025  4.687  5.863  6.857 180.952
199606  559 1093  0.351  0.538  0.713  0.906  1.094  1.241  1.416  1.644  1.814  2.000  2.143  2.392  2.580  2.832  3.241  3.524  4.188  5.263  6.459 326.283
199706  652 1108  0.294  0.462  0.636  0.800  0.955  1.088  1.223  1.354  1.488  1.646  1.836  2.000  2.222  2.437  2.696  3.106  3.990  5.068  6.407  77.295
199806  693 1074  0.253  0.418  0.519  0.676  0.811  0.959  1.067  1.199  1.338  1.493  1.666  1.835  2.024  2.226  2.506  2.871  3.355  4.212  5.143  32.653
199906  704 1035  0.228  0.429  0.586  0.757  0.930  1.067  1.208  1.314  1.491  1.652  1.811  2.015  2.291  2.554  2.810  3.290  3.835  4.557  5.637 128.451
200006  640  959  0.267  0.406  0.640  0.853  1.052  1.251  1.437  1.651  1.846  2.169  2.415  2.736  3.048  3.392  3.846  4.312  4.923  5.853  7.159  18.697
200106  627  859  0.256  0.435  0.617  0.735  0.911  1.066  1.231  1.382  1.556  1.776  1.998  2.244  2.500  2.743  3.063  3.512  3.928  4.507  5.333 242.063
200206  635  799  0.244  0.431  0.549  0.694  0.838  0.962  1.136  1.309  1.465  1.631  1.806  2.031  2.258  2.534  2.887  3.286  3.673  4.265  5.314 272.527
200306  628  799  0.253  0.424  0.596  0.737  0.882  1.062  1.250  1.423  1.625  1.839  2.002  2.205  2.454  2.780  3.036  3.382  3.878  4.472  5.557  31.750
200406  557  839  0.269  0.394  0.574  0.690  0.824  0.969  1.065  1.222  1.363  1.517  1.686  1.853  2.050  2.280  2.612  2.942  3.393  4.093  5.081  89.606
200506  517  877  0.261  0.459  0.578  0.717  0.837  0.953  1.081  1.230  1.373  1.518  1.654  1.870  2.051  2.305  2.579  3.020  3.518  3.909  4.687  56.943
200606  487  886  0.294  0.461  0.571  0.714  0.843  1.001  1.125  1.269  1.415  1.593  1.764  1.989  2.164  2.491  2.793  3.150  3.657  4.358  5.363  46.620
200706  489  868  0.303  0.459  0.560  0.680  0.792  0.942  1.046  1.194  1.315  1.461  1.657  1.837  2.035  2.351  2.616  2.940  3.353  4.149  5.207 106.179
200806  504  828  0.315  0.537  0.759  0.977  1.188  1.383  1.576  1.755  2.060  2.254  2.482  2.770  3.131  3.573  3.992  4.505  5.247  6.667  9.756  60.526
200906  514  768  0.503  0.828  1.073  1.328  1.576  1.783  2.017  2.293  2.577  2.861  3.154  3.406  3.767  4.211  4.762  5.328  5.984  7.177  9.091  97.285
201006  566  700  0.331  0.554  0.752  0.907  1.119  1.286  1.485  1.640  1.863  2.060  2.257  2.506  2.788  3.088  3.385  3.779  4.347  5.061  6.245  19.849
201106  519  733  0.282  0.457  0.598  0.788  0.936  1.090  1.241  1.398  1.555  1.738  1.909  2.186  2.408  2.661  3.034  3.344  3.911  4.551  5.915  35.846
201206  501  755  0.322  0.593  0.816  1.082  1.228  1.381  1.544  1.748  2.003  2.152  2.267  2.508  2.723  3.010  3.176  3.530  3.921  4.515  5.907 101.050
201306  481  781  0.311  0.608  0.862  1.015  1.182  1.370  1.534  1.663  1.825  2.021  2.290  2.523  2.717  2.989  3.285  3.701  4.183  4.978  8.105  39.528
201406  492  791  0.304  0.584  0.793  0.895  1.050  1.190  1.326  1.445  1.596  1.724  1.884  2.021  2.246  2.513  2.715  3.029  3.369  3.897  4.729  28.100
201506  500  807  0.324  0.643  0.881  1.012  1.160  1.291  1.475  1.629  1.798  1.948  2.119  2.318  2.545  2.789  3.096  3.447  3.905  4.436  6.016 214.286
