This was created by CMPT_EP_CFP_OP_INV_NI_AC_BRKPTS using the 201507 CRSP database.
It contains every 5th NYSE E/P  percentile.

      <=0   >0
1951    2  334    7.14    8.16    9.10    9.82   10.58   11.47   12.47   13.39   14.06   14.56   15.23   16.25   17.81   19.04   19.98   21.76   23.34   25.98   28.08   54.55
1952    2  446    5.99    7.26    7.98    8.35    8.86    9.51    9.96   10.62   11.19   11.68   12.38   13.14   14.08   15.04   15.89   16.71   17.71   19.20   22.67   49.42
1953    7  451    5.51    6.43    7.17    7.51    7.86    8.30    8.92    9.42    9.76   10.09   10.45   11.07   11.94   12.96   13.67   14.60   15.43   16.55   19.21   75.93
1954    2  465    5.91    6.89    7.31    7.82    8.26    8.65    9.20    9.64   10.23   10.87   11.79   12.50   13.48   14.58   15.47   16.73   18.29   20.31   22.86   39.69
1955   10  467    4.50    5.54    5.98    6.33    6.72    6.97    7.23    7.52    7.70    7.95    8.28    8.58    8.93    9.37    9.93   10.52   11.14   12.48   14.51   40.20
1956    7  481    4.44    5.88    6.29    6.62    6.96    7.24    7.55    7.85    8.06    8.55    8.80    9.19    9.48    9.84   10.47   11.38   11.93   12.69   14.41   27.44
1957    8  499    4.73    5.97    6.52    6.87    7.24    7.73    8.05    8.34    8.67    9.00    9.25    9.72   10.18   10.67   11.31   12.05   12.75   13.59   15.03   36.13
1958    7  527    5.02    6.04    6.93    7.36    7.75    8.14    8.52    8.94    9.38    9.92   10.54   11.19   11.70   12.53   13.56   14.38   15.48   17.11   19.31   75.85
1959   15  537    2.64    3.78    4.31    4.69    4.94    5.23    5.50    5.75    6.00    6.24    6.45    6.72    6.98    7.24    7.67    8.28    8.85    9.71   12.09   20.38
1960    9  567    2.93    3.74    4.29    4.78    5.19    5.53    5.94    6.29    6.59    6.86    7.22    7.49    7.83    8.09    8.55    8.90    9.37   10.07   12.06   30.15
1961   31  632    2.57    3.50    4.22    4.65    5.06    5.47    5.88    6.26    6.55    6.73    7.03    7.29    7.54    7.89    8.33    8.92    9.51   10.25   12.07   39.92
1962   35  676    2.08    2.76    3.17    3.63    3.91    4.19    4.52    4.66    4.91    5.17    5.42    5.70    5.97    6.22    6.52    6.92    7.32    7.95    9.04   40.08
1963   15  738    3.38    3.97    4.52    4.96    5.21    5.49    5.76    6.05    6.33    6.57    6.79    7.17    7.59    8.00    8.39    8.80    9.47   10.32   11.86   44.66
1964   19  779    3.31    3.90    4.41    4.77    4.98    5.29    5.65    5.87    6.10    6.34    6.59    6.95    7.27    7.69    8.00    8.53    9.07    9.79   11.10   52.14
1965   20  844    3.34    4.09    4.55    4.89    5.17    5.43    5.70    6.03    6.27    6.63    7.02    7.37    7.73    8.11    8.59    9.11    9.59   10.24   11.40   59.71
1966   19  897    2.84    3.81    4.31    4.66    5.05    5.43    5.76    6.12    6.40    6.61    6.90    7.14    7.49    7.81    8.19    8.63    9.07    9.74   10.71   54.83
1967   14  953    3.41    4.54    5.22    5.87    6.45    6.85    7.39    7.85    8.28    8.71    9.15    9.54   10.11   10.74   11.47   12.02   12.63   13.54   15.30   45.86
1968   24  975    2.11    3.00    3.61    4.15    4.52    4.91    5.29    5.61    6.02    6.40    6.75    7.13    7.44    7.84    8.12    8.47    8.88    9.31   10.19   21.14
1969   25 1044    2.03    2.70    3.32    3.68    4.05    4.35    4.70    4.99    5.24    5.50    5.73    6.02    6.27    6.56    6.82    7.15    7.48    7.89    8.93   17.49
1970   31 1105    2.32    3.15    3.78    4.45    5.14    5.75    6.17    6.68    7.15    7.50    7.92    8.39    8.91    9.38    9.72   10.27   10.77   11.67   13.36   51.24
1971   78 1091    2.65    3.36    3.93    4.55    5.08    5.62    6.01    6.39    6.90    7.25    7.65    7.98    8.39    8.79    9.24    9.77   10.32   11.19   12.68   28.39
1972   71 1169    1.95    2.68    3.20    3.74    4.29    4.81    5.31    5.71    6.11    6.61    7.02    7.44    7.86    8.34    8.73    9.30    9.75   10.54   11.39   30.93
1973   43 1262    2.02    2.85    3.57    4.19    4.89    5.46    6.01    6.60    7.10    7.60    8.06    8.52    9.07    9.49   10.10   10.62   11.12   11.81   13.47   47.09
1974   39 1284    3.67    5.01    6.56    7.95    9.17   10.23   11.45   12.30   13.09   13.89   14.61   15.50   16.27   17.65   18.75   20.33   22.25   24.21   28.35   58.85
1975   74 1270    6.21    8.30   10.23   12.62   14.23   15.76   17.14   18.24   19.35   20.44   21.61   22.97   24.55   26.17   28.36   30.51   33.23   37.64   45.85  129.59
1976  106 1241    4.24    5.58    6.69    8.04    9.12    9.83   10.96   12.02   12.99   13.77   14.51   15.23   15.84   16.74   17.86   19.02   21.07   23.69   27.69   97.15
1977   54 1320    4.97    6.08    7.15    8.08    9.04    9.83   10.43   11.02   11.50   12.11   12.64   13.22   13.75   14.57   15.27   16.16   17.20   18.93   22.04   45.22
1978   56 1316    5.99    7.27    8.33    9.32   10.12   10.91   11.56   12.14   12.69   13.14   13.57   14.11   14.71   15.35   16.08   16.87   18.11   19.77   23.14   72.60
1979   35 1331    6.02    7.92    9.12   10.27   11.21   12.01   12.81   13.46   14.29   14.94   15.59   16.24   17.07   17.72   18.51   19.57   20.98   23.08   26.34   48.06
1980   42 1319    5.61    7.27    8.47    9.65   10.59   11.51   12.27   12.98   13.88   14.75   15.51   16.18   16.95   17.66   18.80   19.77   20.88   22.80   26.35   75.48
1981   68 1287    3.67    5.05    6.25    7.30    8.23    9.11   10.22   10.82   11.59   12.51   13.34   14.23   14.90   15.79   16.71   17.77   19.04   20.61   22.82   55.39
1982   94 1248    4.22    6.03    7.23    8.38    9.38   10.07   10.99   11.73   12.38   13.17   14.04   14.79   15.45   16.19   17.15   18.17   19.22   20.92   23.45   73.06
1983  171 1154    2.48    4.13    4.89    5.73    6.40    6.90    7.57    8.17    8.75    9.45   10.22   10.93   11.77   12.87   14.04   15.16   16.55   17.67   19.95   64.19
1984  170 1157    2.15    3.43    4.18    4.95    5.48    6.09    6.62    7.00    7.45    7.95    8.57    9.08    9.67   10.45   11.58   12.63   14.07   15.97   19.16   46.23
1985  140 1169    2.84    4.53    5.58    6.43    7.12    7.65    8.25    8.68    9.36    9.93   10.40   10.89   11.52   12.27   13.07   14.13   15.00   16.52   19.00  112.29
1986  194 1071    2.22    3.41    4.24    4.86    5.31    5.79    6.21    6.62    7.02    7.43    7.89    8.43    8.94    9.60   10.49   11.31   12.23   13.67   16.05   82.43
1987  213 1053    1.83    2.69    3.85    4.52    5.03    5.54    5.92    6.26    6.62    7.05    7.38    7.82    8.31    8.84    9.34   10.03   10.99   12.41   15.27  201.72
1988  173 1098    2.01    3.66    4.59    5.32    6.02    6.51    7.01    7.60    8.16    8.62    9.17    9.67   10.18   10.79   11.46   12.41   13.70   16.05   21.62  303.82
1989  168 1085    2.71    4.19    5.01    5.81    6.23    6.71    7.17    7.71    8.23    8.81    9.35    9.86   10.48   11.08   11.91   12.65   14.13   16.32   20.61  399.48
1990  180 1071    2.02    3.37    4.33    4.87    5.31    5.73    6.21    6.62    7.04    7.63    8.17    8.70    9.21    9.73   10.30   10.93   11.83   14.04   17.26  226.32
1991  227 1065    2.37    3.76    4.62    5.33    5.84    6.30    6.74    7.23    7.74    8.39    8.95    9.45   10.00   10.63   11.56   12.31   13.61   15.52   20.16  202.29
1992  305 1044    1.32    2.45    3.14    3.62    3.96    4.38    4.72    5.16    5.56    5.89    6.28    6.72    7.23    7.70    8.15    8.71    9.42   10.99   13.76 1009.11
1993  257 1188    1.35    2.43    3.09    3.65    4.11    4.55    4.87    5.20    5.55    5.90    6.26    6.58    6.96    7.39    7.82    8.38    8.95    9.95   12.98  123.82
1994  266 1272    1.33    2.33    2.97    3.59    4.00    4.44    4.73    5.08    5.48    5.83    6.18    6.55    7.00    7.47    8.05    8.63    9.44   10.67   12.84  200.21
1995  188 1401    2.16    3.26    4.07    4.66    5.14    5.61    5.90    6.25    6.57    6.94    7.32    7.79    8.27    8.86    9.47   10.38   11.14   12.57   15.19   85.26
1996  180 1455    1.61    2.66    3.44    4.02    4.54    5.02    5.39    5.71    6.16    6.48    6.93    7.28    7.69    8.19    8.66    9.39   10.31   11.50   14.48  154.39
1997  194 1549    1.36    2.27    3.18    3.69    4.17    4.64    4.99    5.36    5.78    6.14    6.56    6.94    7.28    7.72    8.14    8.72    9.59   10.90   13.99  121.32
1998  211 1534    1.54    2.36    2.91    3.43    3.85    4.16    4.53    4.79    5.04    5.35    5.65    5.89    6.19    6.54    6.94    7.44    8.18    9.28   12.24   97.06
1999  256 1458    1.43    2.20    2.83    3.35    3.77    4.27    4.65    5.02    5.40    5.76    6.14    6.56    6.92    7.41    8.03    8.98   10.37   12.18   16.26  166.31
2000  207 1362    1.39    2.16    2.87    3.57    4.14    4.74    5.29    5.80    6.38    6.84    7.44    8.07    8.62    9.39   10.18   11.19   12.34   14.73   19.22  139.29
2001  202 1258    1.34    2.29    2.98    3.71    4.11    4.61    5.07    5.52    6.02    6.56    7.14    7.54    8.24    9.02   10.01   11.33   13.25   15.94   23.10   73.84
2002  304 1108    1.09    1.91    2.44    2.87    3.26    3.66    4.01    4.41    4.81    5.20    5.62    6.11    6.54    7.09    7.71    8.42    9.39   11.32   14.79  366.33
2003  253 1151    1.76    2.60    3.32    3.89    4.32    4.80    5.21    5.54    5.87    6.16    6.49    6.91    7.32    7.73    8.15    8.87    9.91   11.92   15.38   60.70
2004  220 1159    1.50    2.28    2.87    3.27    3.74    4.15    4.41    4.66    4.90    5.23    5.53    5.82    6.24    6.56    6.95    7.51    8.41    9.64   11.72  104.58
2005  159 1220    1.61    2.47    3.02    3.41    3.79    4.13    4.39    4.70    4.97    5.21    5.47    5.71    6.04    6.39    6.84    7.27    8.19    9.71   12.24  321.17
2006  146 1203    1.79    2.54    3.24    3.65    4.08    4.48    4.83    5.06    5.31    5.54    5.83    6.17    6.50    6.85    7.42    8.08    8.88   10.00   12.81   72.81
2007  132 1199    1.67    2.65    3.26    3.85    4.22    4.53    4.82    5.06    5.31    5.57    5.81    6.07    6.39    6.77    7.29    7.84    8.74   10.15   12.58  261.69
2008  175 1134    1.70    2.62    3.33    3.89    4.22    4.63    4.94    5.29    5.64    5.99    6.27    6.59    6.97    7.43    7.91    8.57    9.40   10.66   12.88   61.71
2009  332  928    2.79    3.89    4.68    5.47    5.98    6.48    6.90    7.38    7.87    8.39    9.02    9.74   10.54   11.31   12.14   13.19   15.23   18.28   24.32  291.60
2010  359  893    1.17    2.21    3.05    3.62    4.11    4.56    4.88    5.29    5.58    5.97    6.30    6.57    6.94    7.29    7.90    8.49    9.32   11.05   15.38  148.33
2011  202 1040    1.33    2.22    3.02    3.53    3.97    4.43    4.76    5.14    5.45    5.77    6.06    6.42    6.77    7.15    7.60    8.37    9.66   11.22   14.18 1606.62
2012  185 1052    1.71    2.95    3.79    4.35    4.78    5.15    5.52    5.86    6.21    6.56    6.94    7.34    7.82    8.37    8.95    9.91   11.41   13.28   16.63   96.94
2013  207 1036    1.30    2.36    3.32    3.92    4.32    4.81    5.14    5.50    5.78    6.11    6.49    6.81    7.12    7.61    8.32    9.20   10.39   12.01   14.71  135.01
2014  220 1048    1.11    1.97    2.73    3.16    3.57    3.84    4.15    4.42    4.71    4.93    5.16    5.48    5.81    6.22    6.60    7.21    8.01    9.37   11.25  146.07
2015  224 1066    1.15    1.89    2.50    3.10    3.54    3.91    4.25    4.50    4.77    5.04    5.31    5.58    5.92    6.27    6.78    7.30    8.12    9.34   12.20  181.15
