This file was created using the 201509 Bloomberg database. It contains
value- and equal-weighted returns for the intersections of 2 ME portfolios
and 3 BE/ME portfolios in Europe.

The portfolios are constructed at the end of June.  ME is market cap at the end
of June.  BE/ME is book equity at the last fiscal year end of the prior calendar
year divided by ME as of  6 months before formation.  Firms with negative
BE are not included in any portfolio.

The annual returns are from January to December.

The break points include utilities and include financials.

The portfolios include utilities and include financials.

Missing data are indicated by -99.99.



  Average Value Weighted Returns -- Monthly
               Small                 Big
          Low     2    High    Low     2    High
199007   6.21   5.17   5.02   5.76   4.83   4.62
199008  -9.81 -10.48 -11.01 -10.55 -10.25  -9.95
199009 -10.38  -9.66 -10.39 -13.17 -11.92 -10.96
199010   5.04   5.17   4.59   8.18   8.43   6.01
199011  -2.00  -1.65  -2.31  -0.23   0.62   1.22
199012  -1.37  -0.09   0.04  -1.21  -1.01  -1.04
199101  -1.79  -1.57  -2.54   2.45   2.36   2.68
199102   8.51   8.62   9.60   7.81   7.34   8.43
199103  -2.80  -4.00  -4.87  -7.03  -6.59  -6.08
199104   0.25  -0.26  -1.65  -0.20  -0.25  -0.14
199105  -2.18  -1.71  -1.47   1.33   1.46   1.56
199106  -5.88  -6.71  -6.37  -7.07  -7.03  -7.27
199107   3.54   2.93   2.74   6.11   6.76   6.02
199108   1.71   2.13   0.23   1.59   1.91   2.44
199109   6.09   5.57   4.51   3.28   2.95   3.64
199110  -2.37  -2.96  -3.54  -2.01  -2.44  -2.06
199111  -1.17  -1.00  -2.62  -0.55  -2.67  -2.52
199112   3.71   3.31   2.89   8.47   6.82   5.74
199201  -1.07   0.16  -0.70  -0.72  -0.12   0.98
199202  -0.38  -0.62  -0.95   0.21  -0.30   1.03
199203  -3.51  -3.53  -2.79  -3.52  -2.81  -3.53
199204   5.55   4.68   4.06   5.43   6.28   5.33
199205   5.92   4.98   6.25   4.49   5.82   5.69
199206  -1.63  -1.06  -0.96  -0.50  -1.14  -1.51
199207  -5.10  -5.00  -6.48  -3.69  -3.54  -4.29
199208  -1.84  -2.11  -2.26  -0.17  -0.14  -0.57
199209  -4.62  -6.21  -7.49  -2.00  -1.90  -3.31
199210  -9.57  -9.89  -7.80  -6.33  -8.26  -5.86
199211  -2.32  -3.09  -2.46  -0.16   0.70  -0.67
199212   3.49   2.42  -0.51   0.99   1.73   1.63
199301   4.50   4.34   4.42  -1.41  -0.17   5.36
199302   0.55  -0.17   1.16  -0.19   2.39   2.37
199303   7.25   6.63   7.44   4.73   6.46   6.01
199304   5.07   4.60   7.41   1.55   1.03   3.57
199305   0.82   1.26   2.27   0.13   1.23   1.62
199306  -4.35  -3.98  -4.13  -4.10  -2.45  -1.04
199307  -1.06   0.49   2.29   0.41   1.51   2.69
199308   8.63   9.77  10.86   8.06   8.44  10.20
199309   0.03   0.86   0.50  -1.60   0.54  -1.48
199310  -0.60   1.06   1.47   2.35   3.57   1.95
199311  -0.86  -1.13  -1.77  -0.78  -2.24  -3.75
199312   3.65   4.63   7.07   6.05   7.57   8.99
199401   9.86  10.61  14.43   4.93   4.63   8.97
199402  -0.25   0.38   0.73  -3.93  -4.10  -2.85
199403  -1.91  -1.47  -0.83  -2.40  -3.43  -0.58
199404   2.98   3.31   5.01   4.46   3.79   4.62
199405  -1.91  -2.40  -1.75  -4.25  -3.75  -3.70
199406  -0.80  -0.99  -1.41  -0.39  -0.67  -1.81
199407   1.51   2.47   2.43   4.03   6.04   5.47
199408   2.39   1.90   0.75   3.69   3.04   0.10
199409  -0.90  -0.75  -0.72  -3.18  -4.13  -2.89
199410   1.03   1.33   1.27   4.43   5.19   3.10
199411  -4.87  -4.25  -4.25  -4.24  -4.08  -4.15
199412   0.58   0.51   0.72   1.05   0.39  -0.35
199501  -0.52   0.86   0.78  -1.35  -1.48  -0.59
199502   1.48   1.40   1.74   3.60   2.25   1.38
199503   3.16   2.17   1.86   5.55   4.09   2.42
199504   1.62   1.90   1.51   2.96   2.80   4.28
199505   2.43   1.92   2.41   2.20   1.66   3.50
199506   1.19   2.38   1.52   3.01   0.83   0.91
199507   3.87   3.12   2.34   4.44   4.92   4.14
199508  -1.94  -2.65  -3.14  -2.14  -3.74  -5.50
199509   3.37   2.24   1.38   3.56   2.79   1.97
199510  -0.86  -1.46  -1.69  -0.36  -0.48  -0.16
199511  -2.98  -3.07  -2.17  -0.28   0.04   0.67
199512   0.77   1.36   1.93   1.84   3.17   3.11
199601   0.72   0.88   1.10   0.94   0.69   0.71
199602   3.62   3.24   3.80   2.09   2.19   2.19
199603   0.78   1.85   1.91   1.38   1.73   1.12
199604   1.60   1.88   1.58   0.11   1.68   0.95
199605   3.69   3.30   3.46   1.86   1.91   1.47
199606  -0.16   0.06   0.39   0.72   0.59   0.90
199607  -2.91  -1.43  -1.06  -1.34  -1.68  -1.16
199608   2.77   2.28   1.02   3.30   2.45   1.97
199609  -1.28  -0.41  -0.69   1.18   2.52   1.76
199610   3.53   2.68   2.30   2.25   2.02   1.10
199611   2.58   2.04   2.70   4.39   4.70   6.09
199612   2.10   2.05   2.97   2.20   2.48   2.77
199701   0.04   1.77   2.17  -0.77  -0.27   1.76
199702   1.61   1.12   1.12   0.92   0.92   1.05
199703   0.66   1.61   2.14   2.37   2.66   2.56
199704  -2.16  -1.94  -1.14  -0.31  -0.03  -0.63
199705   2.26   4.38   3.99   4.40   4.62   5.00
199706   0.09   0.90   1.52   3.90   5.32   4.22
199707  -2.70  -1.80   0.09   4.20   3.46   5.39
199708   1.61   0.00   0.12  -5.23  -5.60  -5.34
199709   5.22   5.26   7.53   8.80   9.49  11.64
199710  -0.30  -1.18   0.13  -4.96  -4.57  -3.87
199711  -1.85  -1.63  -1.89   1.24   1.75   0.29
199712  -1.43  -0.64   0.76   2.69   2.63   4.94
199801   2.47   0.51   4.23   4.99   2.73   3.77
199802   6.02   6.01   7.03   8.08   7.29   8.65
199803   8.41   6.91  10.88   4.04   8.15  10.79
199804   5.07   3.92   3.30   2.07   3.10   2.64
199805   5.66   3.99   4.65   1.30   2.79   3.41
199806  -2.67  -3.74  -3.68   0.59   0.77  -1.78
199807  -0.95  -1.26  -0.64   1.82   1.63   5.10
199808 -11.38 -10.86  -9.72  -9.11 -12.26 -15.45
199809  -4.65  -4.12  -3.58  -2.95  -3.65  -8.80
199810   1.29   1.77   2.08   7.30   7.14   8.33
199811   2.26   1.74   1.73   4.21   4.81   5.87
199812   1.15   0.46   0.62   4.96   2.89   2.09
199901   1.67  -1.76  -1.12   0.63  -0.05  -0.88
199902   1.46  -0.54  -0.17  -2.65  -1.51  -3.29
199903   0.22  -0.05   1.21  -0.02   0.33   1.65
199904   3.78   4.26   3.92   0.35   5.13   4.00
199905  -0.46   1.05   1.03  -3.33  -3.67  -4.58
199906   1.40   1.60   2.87   2.30   1.78   2.09
199907   4.56   5.70   4.13   0.87   0.90   2.09
199908   6.64   4.95   3.86   0.72   1.27   1.88
199909   2.31   2.01   0.50   0.05  -0.69  -0.46
199910   1.91   1.49  -0.70   4.71   1.68   0.69
199911   9.57   0.97  -1.13   5.38   2.74  -2.45
199912   8.49   3.74   2.29  12.13   8.10   9.31
200001   6.15  -0.77  -2.35  -5.99  -8.96  -9.95
200002  13.54   5.73   0.24   7.37   6.54   1.53
200003  -6.80  -3.56  -0.55   0.47   3.21   1.78
200004 -13.60  -8.76  -5.54  -4.89  -4.89  -2.85
200005  -3.12   1.97   4.32  -1.84   2.55   3.06
200006   1.24   1.53   2.51  -0.57   1.70   3.63
200007  -2.61  -1.13  -1.11  -3.32  -0.43   2.43
200008  -0.83  -1.46  -0.04  -1.60  -0.11  -2.45
200009  -3.54  -2.32  -1.19  -6.41  -3.49  -3.03
200010 -13.14  -6.33  -3.71  -3.90  -0.87   2.14
200011 -13.20  -3.37   1.52  -8.78  -0.97  -1.59
200012   5.33   6.65   7.76   3.20   7.84   7.84
200101   0.46   2.26   3.41   0.24   0.87  -0.25
200102  -8.95  -4.02  -0.41 -15.33  -5.04  -6.68
200103 -13.29  -8.92  -7.13 -11.30  -8.15  -6.70
200104   4.00   4.93   5.15  12.71   6.12   6.07
200105  -5.00  -1.88  -0.57  -7.56  -3.40  -4.30
200106  -9.46  -2.84  -1.39  -6.18  -1.58  -2.24
200107  -6.22  -1.22   0.72  -0.25  -0.31   0.21
200108  -2.65   0.46   2.42  -4.53  -0.59  -1.18
200109 -20.77 -16.17 -11.92  -8.85 -11.57 -12.64
200110   8.78   4.91   2.41   4.13   2.45   3.99
200111   8.86   6.61   4.37   4.76   2.59   6.87
200112  -0.10  -0.08   1.27   1.51   2.13   2.60
200201  -3.73  -2.57   0.26  -5.53  -4.03  -5.49
200202  -2.49   0.14   2.55   1.10   0.81  -0.86
200203   4.14   4.83   4.77   3.87   6.40   4.70
200204  -1.02   2.51   5.43  -3.07   1.23   0.06
200205  -0.61   3.27   3.91  -2.58   1.39   2.33
200206  -4.55  -0.48   1.40  -1.44  -3.33  -2.45
200207 -10.01  -8.48  -6.74 -10.76 -12.01  -7.38
200208  -2.65  -0.90  -0.92  -0.57   0.83   1.69
200209 -12.30 -11.41  -8.17  -8.67 -16.18 -16.81
200210   3.63   2.01   1.81   8.41  11.11   8.77
200211   5.68   4.92   3.86   2.16   6.52   8.32
200212  -2.74   0.81   3.56  -2.87  -3.62  -2.72
200301  -2.55  -1.08   0.08  -4.33  -3.61  -1.62
200302  -4.22  -3.02  -1.95  -4.35  -2.62  -3.28
200303  -0.76  -0.37  -0.80  -0.73  -1.74  -1.81
200304  12.08  11.68  10.69  12.45  14.21  14.26
200305  10.18  10.35  10.44   6.84   7.14   9.17
200306   3.08   3.20   2.66  -0.05   1.60   1.44
200307   1.45   2.37   4.83  -0.95   3.42   3.55
200308   3.17   2.63   3.60   0.69  -0.92   0.26
200309   4.14   5.11   5.97   3.43   2.20   2.54
200310   4.41   5.50   6.64   4.25   7.06   9.14
200311   4.19   4.75   4.86   4.84   4.22   4.78
200312   5.27   5.61   5.94   7.25   7.65   7.80
200401   4.21   5.95   7.31   1.53   2.19   2.88
200402   3.70   3.99   4.57   2.91   3.61   2.37
200403  -3.06  -2.39  -2.26  -3.34  -2.68  -4.36
200404  -2.07  -1.49  -1.77  -1.18  -1.29  -0.08
200405   0.28   0.97   0.08   2.17   1.48   0.74
200406   3.02   2.78   3.39   1.33   1.97   2.65
200407  -3.34  -2.85  -2.73  -3.80  -2.27  -3.45
200408  -0.68   0.11   1.01  -0.28   1.05   0.92
200409   4.24   4.29   4.38   3.24   4.72   4.37
200410   4.38   4.58   4.11   3.28   4.27   5.20
200411   8.51   8.84   9.91   6.12   6.59   8.06
200412   3.99   5.39   5.05   4.24   4.40   4.74
200501   0.99   2.14   2.95  -2.33  -0.89  -1.27
200502   5.06   5.16   6.29   4.25   4.75   5.02
200503  -2.84  -2.40  -2.15  -1.89  -2.72  -2.31
200504  -2.95  -2.23  -0.60  -0.88  -3.18  -3.43
200505  -1.96  -0.76  -0.68   0.32   0.20   1.08
200506   1.20   3.03   3.20   0.22   3.03   1.32
200507   3.87   4.75   4.86   3.41   3.89   5.19
200508   4.73   4.35   4.04   1.81   2.03   2.53
200509   1.18   1.59   1.77   2.47   1.24   2.02
200510  -4.02  -4.08  -3.72  -2.29  -3.89  -2.05
200511   1.21   1.16   1.24   0.96   2.17   1.86
200512   4.50   4.74   4.30   3.21   4.66   4.24
200601   8.74   8.47   9.12   5.04   6.94   7.68
200602   2.27   3.40   3.34  -0.33   0.74   1.84
200603   4.09   5.66   5.69   4.05   3.76   5.62
200604   7.46   7.20   6.87   5.81   4.87   5.71
200605  -3.41  -3.97  -4.34  -2.67  -3.23  -3.45
200606  -1.81  -1.16  -1.03   0.89   0.43  -0.82
200607  -0.93  -0.42   0.55   0.77   1.83   2.00
200608   3.08   2.38   3.31   3.10   2.68   4.00
200609   1.81   0.56   0.95   0.04   1.22   1.92
200610   3.32   4.67   5.07   3.87   3.92   5.01
200611   6.35   6.35   6.47   3.38   4.35   3.66
200612   5.20   4.00   4.52   2.87   3.51   4.62
200701   1.97   3.46   3.19   1.03   0.27   1.58
200702   0.66   1.73   0.89   0.17  -0.64  -0.16
200703   3.91   4.64   5.17   3.99   4.83   2.83
200704   5.42   6.04   5.91   4.89   6.29   6.80
200705   1.04   1.41   0.94   1.25   2.19   2.21
200706  -0.95  -0.31   0.09   0.44   0.22   0.02
200707  -0.72   0.26  -0.13  -1.16  -2.03  -2.59
200708  -4.57  -5.09  -3.56  -0.40  -1.56  -1.84
200709   2.15   1.82   2.03   6.72   4.92   5.35
200710   5.46   5.63   3.92   5.41   4.41   4.40
200711  -8.49  -7.49  -7.13  -0.76  -2.90  -5.52
200712  -3.46  -2.34  -2.47  -2.60  -1.34  -1.68
200801 -10.83  -9.52  -8.20  -8.58  -9.89 -10.47
200802   4.15   4.84   4.58   2.07   2.79   0.60
200803  -0.47  -0.03   0.12  -1.28  -0.07   2.59
200804   1.69   3.57   1.54   4.30   5.62   4.30
200805   1.63   1.61   1.42   1.65   1.96  -0.68
200806  -8.09  -6.83  -5.97  -6.72  -8.42 -10.49
200807  -4.95  -4.92  -5.67  -3.06  -4.92  -0.88
200808  -3.97  -3.99  -4.17  -3.45  -5.14  -3.60
200809 -17.91 -17.67 -17.18 -13.86 -15.94 -13.38
200810 -25.95 -26.46 -26.65 -20.49 -20.02 -25.01
200811  -8.22  -7.33  -9.34  -4.69  -6.06 -10.63
200812   2.74   5.30   7.48   6.03   8.01   5.50
200901  -5.01  -7.94  -7.02  -8.71 -11.16 -14.64
200902  -5.01  -6.53  -7.04  -6.53 -11.06 -13.71
200903   5.82   4.47   4.67   5.24   7.07  10.19
200904  17.81  15.23  16.45   9.17  12.01  21.74
200905  14.17  13.89  13.31  12.75  13.72  11.25
200906   0.37  -0.20  -1.42  -0.71  -3.08  -1.47
200907   6.31   6.56   8.28   8.48  10.41  13.82
200908   4.53   7.47  11.26   2.62   4.39  10.79
200909   6.42   7.07   7.82   4.97   5.02   5.66
200910   0.17  -0.91  -1.47   0.10  -1.60  -5.10
200911   1.41   1.06   0.62   3.59   3.70   2.01
200912  -0.22  -0.73  -1.25   1.89   1.64  -0.08
201001  -0.85  -1.48  -1.06  -3.72  -6.66  -7.23
201002  -2.43  -2.47  -3.39  -0.85  -2.40  -3.23
201003   4.38   5.92   7.47   4.53   6.35   9.82
201004   1.65   0.81   0.55  -2.78  -1.49  -2.91
201005 -10.99 -12.18 -14.06 -10.19 -12.04 -14.14
201006  -0.64  -0.22  -2.03   1.33  -2.37  -1.60
201007  10.43  10.59  11.58   8.69  11.61  17.42
201008  -4.19  -4.15  -4.84  -1.82  -4.28  -6.82
201009  12.82  13.05  11.73  10.32  12.20  11.82
201010   5.64   5.30   5.14   4.57   5.30   5.36
201011  -7.39  -6.34  -8.23  -6.34  -7.51 -11.87
201012  10.31  11.76  11.53   7.68   9.37   9.09
201101   2.41   3.61   4.24   0.75   3.29   8.60
201102   1.43   1.98   2.70   3.06   3.02   3.42
201103   1.99   2.26   1.24   1.08  -0.61  -1.92
201104   7.44   6.79   7.29   8.67   8.22   7.54
201105  -2.62  -2.70  -3.51  -1.01  -3.43  -4.65
201106  -3.27  -3.18  -3.29  -1.95  -1.91  -1.61
201107  -2.50  -2.58  -4.33  -1.15  -2.54  -6.85
201108  -9.05  -8.92 -10.02  -6.91 -10.08 -13.61
201109 -11.01 -13.52 -13.89 -10.85 -11.67 -11.86
201110   9.47   8.11   6.71  11.04  12.26  10.59
201111  -5.88  -7.23  -8.62  -3.01  -3.47  -7.10
201112  -2.93  -2.60  -3.77  -1.59  -1.58  -3.21
201201   8.70   8.74   7.58   4.29   5.00   7.21
201202   8.12   7.37   7.45   6.01   6.66   5.95
201203   0.91   0.70  -0.09   1.62  -0.72  -0.79
201204  -0.32  -0.57  -2.92  -0.12  -1.36  -6.47
201205 -11.29 -12.14 -13.06 -10.54 -12.43 -14.10
201206   3.13   2.89   4.21   6.00   6.52  11.18
201207   0.30  -0.73  -1.42   2.00   1.35  -1.46
201208   3.99   4.17   5.82   2.90   4.12   7.39
201209   4.47   4.41   6.00   2.53   2.40   5.56
201210   1.07   1.08   1.71   0.76   1.35   3.59
201211   0.05   0.42   0.16   3.40   1.87   2.38
201212   4.68   5.05   7.09   1.56   3.62   4.71
201301   4.17   6.73   9.38   4.49   6.28   7.83
201302  -0.15  -0.14  -1.92  -0.30  -2.65  -5.09
201303  -0.16  -1.61  -2.37   2.30  -0.15  -3.96
201304   1.87   2.53   4.83   2.88   3.46   7.33
201305   2.16   1.66   2.99  -0.93   1.00   3.39
201306  -1.67  -2.50  -3.83  -3.38  -4.70  -6.58
201307   5.29   6.51   6.48   5.78   7.56   9.78
201308   2.12   1.14   2.36  -1.14  -1.34  -0.74
201309   6.77   7.26   7.59   6.10   7.83   7.44
201310   2.20   4.32   6.34   2.38   4.16   6.73
201311   2.96   2.44   0.95   0.79   1.60   1.52
201312   2.81   2.56   2.99   2.34   2.22   2.52
201401  -1.40   0.33   1.30  -4.78  -3.42  -2.28
201402   7.35   7.32   8.50   7.49   7.27   6.93
201403  -1.71  -0.61   1.60  -0.78  -0.34  -0.58
201404  -0.90  -0.10   0.49   2.00   2.39   1.50
201405   0.24   0.18   0.20   1.35   0.95   0.28
201406   0.08   0.54  -0.72   1.02   0.15  -1.56
201407  -4.54  -5.00  -4.21  -3.88  -4.55  -3.61
201408  -0.25  -0.84  -1.40   0.51  -0.06  -0.30
201409  -5.67  -5.27  -6.42  -3.16  -4.03  -3.34
201410  -2.35  -3.06  -5.73  -0.81  -2.68  -4.13
201411   1.44   0.72   0.99   3.26   3.30   0.36
201412   0.20  -1.57  -3.28  -3.19  -3.85  -5.29
201501  -1.34  -1.99  -2.05   2.27   0.89  -3.76
201502   7.08   7.02   7.54   4.55   6.10   7.87
201503  -2.91  -2.30  -2.75  -1.53  -2.87  -2.20
201504   7.43   6.12   6.73   3.88   4.68   5.15
201505   2.69   1.68  -0.31   0.74  -0.28  -1.61
201506  -0.78  -1.00  -1.24  -3.68  -2.74  -2.78
201507   2.91   2.01   0.31   4.05   2.24   1.24
201508  -2.43  -2.68  -2.76  -6.05  -5.87  -7.40
201509  -2.38  -3.14  -4.27  -2.39  -3.17  -7.61



  Average Equal Weighted Returns -- Monthly
               Small                 Big
          Low     2    High    Low     2    High
199007   5.95   4.36   4.74   5.39   4.62   4.10
199008  -8.41  -9.73  -9.06 -11.30 -12.10 -12.33
199009 -10.15  -9.52  -9.73 -13.09 -12.87 -12.98
199010   3.17   3.98   2.80   7.24   6.96   6.22
199011  -3.50  -3.46  -2.70  -1.39  -1.33  -1.17
199012  -1.65  -0.63  -0.44  -0.59  -0.87  -0.02
199101  -1.69  -2.37  -2.44   3.25   0.42   1.36
199102  10.66  10.29   9.87   9.03  10.76  11.81
199103  -0.52  -1.56  -2.01  -5.89  -5.92  -5.39
199104   0.03   0.19  -1.50  -0.50  -1.29  -2.08
199105  -2.32  -3.36  -3.11   0.56   0.83   0.74
199106  -6.71  -7.82  -6.61  -6.36  -6.35  -6.80
199107   3.00   2.92   2.88   3.94   4.90   4.61
199108   0.32   2.02   0.58   1.60   1.40   0.86
199109   5.86   7.41   7.46   3.43   2.78   2.76
199110  -3.44  -1.92  -3.28  -3.03  -3.37  -2.95
199111  -0.43  -0.82  -1.25  -1.46  -2.90  -3.12
199112   3.57   3.10   2.97   5.34   5.45   4.48
199201  -1.74  -1.99  -1.88  -0.72   1.22   2.34
199202   0.34  -1.22  -1.17   0.02   0.05  -0.46
199203  -5.38  -3.84  -4.05  -2.41  -2.99  -2.98
199204   5.49   5.29   7.38   3.71   5.20   5.39
199205   7.62   7.03   7.81   3.67   5.47   5.20
199206  -1.90  -1.15  -0.58  -1.43  -2.08  -2.16
199207  -4.84  -5.00  -6.43  -3.92  -5.38  -6.73
199208  -1.85  -1.72  -2.22  -1.42  -2.00  -1.48
199209  -6.22  -7.42  -8.15  -3.12  -4.55  -7.63
199210  -9.78 -10.75  -8.53  -6.20  -6.04  -3.03
199211  -2.39  -2.67  -1.60  -1.29  -0.10  -0.93
199212   3.93   2.36   0.70   0.92   1.63   0.61
199301   7.20   5.54   6.86   1.42   2.65   7.38
199302   1.69   1.05   1.99   0.56   2.42   1.07
199303   7.54   7.51   8.80   5.80   5.69   5.39
199304   6.03   6.31   8.06   2.35   4.23   7.13
199305   1.03   2.65   4.32   0.53   0.38   1.94
199306  -4.85  -4.89  -3.13  -3.75  -3.95  -3.63
199307  -1.10   0.39   5.14   1.19   2.07   3.23
199308   9.56   8.91  10.79   7.85   8.86  11.47
199309   1.17   1.56   2.04  -1.10   0.12  -2.03
199310  -0.34   0.98   1.15   1.67   2.48   1.59
199311  -0.50   0.02   0.07  -1.31  -2.45  -3.47
199312   3.30   5.30   6.34   5.90   7.71  10.15
199401  11.00  11.33  17.09   6.47   8.32  12.82
199402   0.56   1.16   2.96  -1.88  -2.37  -1.57
199403  -1.69  -0.65  -0.33  -1.35  -1.80   1.41
199404   3.07   3.27   4.91   3.62   4.65   6.35
199405  -1.91  -2.26  -0.93  -3.47  -3.69  -4.27
199406  -1.44  -0.49  -0.90  -0.29  -1.37  -2.01
199407   0.58   1.88   1.91   4.05   5.39   3.91
199408   2.27   1.67   1.35   2.17   1.80  -0.27
199409  -0.71  -0.33   0.58  -2.68  -3.28  -1.98
199410   1.11   0.95   1.39   3.14   2.96   1.54
199411  -5.84  -4.05  -4.37  -4.64  -4.34  -4.34
199412   0.44   0.56   1.55   0.78   0.64   0.43
199501   1.56   0.23   1.17  -1.90  -1.05  -0.11
199502   0.94   1.20   1.75   2.96   2.11   1.19
199503   1.98   2.42   2.42   3.90   2.25  -0.63
199504   1.48   1.16   1.03   2.19   3.46   4.03
199505   2.34   1.43   2.11   2.34   1.90   2.89
199506   0.60   1.51   1.92   2.55   1.07   0.88
199507   4.00   3.51   2.39   4.06   4.68   3.86
199508  -2.06  -2.51  -2.51  -2.55  -4.24  -5.03
199509   2.88   3.01   2.75   2.66   2.06   1.65
199510  -0.24  -0.16  -0.82  -1.35  -1.65  -2.24
199511  -2.67  -3.11  -2.29  -2.29  -1.13  -1.70
199512   1.35   1.33   1.34   2.31   2.36   2.47
199601   0.37   0.37   0.60   1.63   1.05   1.71
199602   4.11   3.25   3.43   3.11   3.27   3.32
199603   0.17   1.44   1.89   1.47   1.18   0.09
199604   0.83   1.37   1.89   0.70   2.61   2.13
199605   3.91   3.65   4.04   2.91   2.01   2.73
199606  -0.40  -0.04   0.54   0.12  -0.08  -0.14
199607  -1.68  -0.63   1.02  -2.02  -1.58  -1.51
199608   2.17   2.23   1.46   3.10   1.97   2.04
199609  -0.99  -1.24  -0.59  -0.09   1.11   0.23
199610   1.24   1.70   2.25   2.31   1.89   0.83
199611   2.24   1.83   2.80   3.25   3.01   5.08
199612   1.45   1.72   2.53   1.50   2.52   4.02
199701   0.09   1.44   1.80  -0.33   0.11   3.51
199702   3.85   2.58   2.38   0.51   0.52   1.24
199703   0.62   1.48   2.01   1.04   2.47   2.83
199704  -1.98  -1.87  -0.83  -2.38  -1.73  -0.97
199705   1.61   3.44   3.62   3.31   3.64   3.38
199706  -0.47   0.24   1.14   1.95   3.67   3.21
199707  -3.05  -2.81  -1.58   1.36   1.69   3.11
199708   1.20   0.99   0.85  -2.19  -2.57  -2.42
199709   4.68   4.87   5.73   7.10   7.76   9.76
199710  -0.28  -0.34   0.52  -3.56  -3.87  -2.42
199711  -2.10  -1.71  -1.08   0.83   0.73  -0.86
199712  -1.32  -1.79  -0.60   0.85   0.96   4.03
199801   1.71   0.95   2.83   2.55   2.13   4.84
199802   5.71   4.70   6.35   7.40   7.24   8.65
199803   6.64   6.56   7.54   7.11   8.50  11.92
199804   5.07   4.34   5.53   2.82   4.78   2.85
199805   5.13   4.19   4.40   2.31   3.01   3.02
199806  -3.08  -2.30  -2.33  -2.90  -2.48  -4.03
199807  -1.35  -0.98  -0.06   2.68   1.83   2.06
199808 -10.25  -9.16  -6.80 -11.20 -11.03 -12.55
199809  -3.85  -3.67  -2.21  -3.39  -4.70  -5.50
199810  -0.56  -0.03   0.32   6.14   7.65   6.31
199811   1.87   1.22   1.25   3.29   1.99   5.33
199812   1.06  -0.55   0.62   2.29   2.39   1.28
199901   2.88   0.43   0.84   1.63  -1.16  -0.77
199902   0.80  -0.85   0.36  -1.95  -2.01  -1.91
199903   1.34   0.49   1.34  -0.10   0.23   2.64
199904   4.06   5.40   4.67   3.01   5.39   5.21
199905   0.83   2.10   3.66  -1.32  -2.20  -2.47
199906   1.66   2.29   2.97   2.01   1.93   1.97
199907   4.52   7.19   5.35   2.25   1.71   2.98
199908   3.97   4.69   3.06   0.93   1.27   1.24
199909   1.72   1.87   1.73  -0.27   0.06   0.10
199910   0.08   0.38  -0.13   1.60  -0.95  -2.02
199911  10.40   3.96   0.60   5.43  -0.68  -1.39
199912  11.05   6.71   4.03  10.07   7.16   6.40
200001   8.63   4.60   2.01  -5.97  -7.05  -8.69
200002  10.96   6.37   1.14   7.01   3.04   1.20
200003  -1.52   0.17   0.68   1.02   3.12   4.46
200004 -10.39  -7.49  -5.32  -6.39  -3.07  -3.36
200005  -2.27   2.40   3.89   0.48   4.13   4.05
200006   1.01   1.06   2.78   1.17   1.90   2.48
200007  -4.10  -2.05  -1.11   3.10   0.28  -0.67
200008  -2.36  -0.98  -0.58   0.52  -0.47  -0.52
200009  -2.57  -1.69  -1.11  -5.81  -2.23  -2.66
200010 -14.53  -7.48  -4.35  -7.64  -2.03   0.61
200011 -12.31  -4.59   0.23 -12.83  -0.49   2.91
200012   2.33   3.46   5.91   6.43   8.25   8.26
200101   3.90   5.81   3.74   5.26   1.88   1.10
200102  -6.77  -5.36  -1.11 -13.49  -3.33   0.59
200103 -12.18  -9.35  -7.14 -15.98  -8.58  -8.24
200104   3.65   4.13   4.22  13.67   5.65   4.78
200105  -6.57  -2.65  -0.90  -6.16  -3.13  -1.69
200106 -11.61  -5.13  -1.02 -10.22  -2.68  -2.13
200107  -6.03  -2.61  -0.20  -1.22   0.00   1.18
200108  -3.01  -0.21   1.63  -3.43   0.60   0.56
200109 -19.29 -15.78 -11.46 -15.01 -12.94 -14.86
200110  11.63   6.63   3.68   9.99   3.56   4.79
200111   8.63   7.70   4.72   8.91   5.54   6.61
200112  -1.35  -1.48   0.21   0.59   1.45   1.83
200201  -3.17  -2.15  -0.41  -5.48  -1.89  -0.72
200202  -3.85  -2.46   0.64  -1.29   1.14   1.65
200203   2.97   3.50   3.95   6.25   6.86   5.25
200204  -2.02   0.23   3.51  -4.05   2.96   3.24
200205  -1.33   1.01   3.11  -1.02   2.01   2.36
200206  -5.69  -2.34   1.59  -4.59  -2.99  -1.07
200207  -7.63  -8.21  -6.28 -11.68 -10.58  -8.31
200208  -2.81  -1.88  -0.28  -0.16   0.79  -0.07
200209 -13.02 -12.42  -8.82 -12.36 -12.28 -13.59
200210   3.19   3.34   2.52   9.22   8.88   6.88
200211   7.28   6.99   5.35   7.88   6.60   7.42
200212  -2.29  -2.09   2.22  -4.79  -1.37  -0.74
200301  -0.95  -1.18   1.15  -2.82  -1.91  -1.72
200302  -5.52  -4.30  -3.17  -5.45  -4.07  -3.70
200303  -2.08  -2.45  -1.10  -0.38  -0.12  -0.78
200304  13.02  13.99  11.83  16.29  15.35  18.78
200305  12.19  12.19  12.24  10.80   8.73   9.54
200306   4.55   5.42   5.42   0.14   1.36   2.63
200307   1.56   2.95   5.20   2.39   2.38   5.28
200308   4.07   4.25   4.95   1.61   1.05   1.97
200309   6.98   6.51   8.08   4.60   4.31   4.24
200310   4.37   5.55   5.18   5.90   6.26   7.59
200311   5.15   4.40   4.85   4.28   4.40   4.95
200312   4.27   5.17   5.07   6.04   6.06   5.93
200401   7.81   7.25   9.55   3.45   3.37   3.58
200402   4.67   4.57   4.70   3.82   3.32   3.35
200403  -3.50  -2.93  -2.77  -2.72  -1.47  -3.15
200404  -2.94  -1.76  -1.93  -1.44  -0.63  -0.96
200405  -0.75  -0.39  -0.19   2.09   1.52   0.80
200406  -0.02   1.15   1.62   2.03   2.42   3.63
200407  -3.93  -2.62  -2.61  -4.11  -3.64  -2.43
200408  -1.31  -0.31   0.01  -0.17   1.11   0.63
200409   2.94   3.28   3.47   4.51   4.66   4.04
200410   3.48   4.55   4.97   4.07   4.27   4.44
200411   7.13   7.98   8.74   6.87   7.55   8.49
200412   3.15   4.31   4.34   4.65   5.19   5.55
200501   1.92   2.61   3.68  -0.97   0.97   0.25
200502   6.63   6.24   7.52   4.18   5.00   5.96
200503  -3.12  -2.88  -1.98  -2.62  -2.31  -2.63
200504  -3.42  -2.30  -2.05  -2.68  -2.97  -3.16
200505  -3.73  -2.44  -2.42   0.07   0.71   1.05
200506   1.14   1.78   2.27   0.76   2.16   1.78
200507   2.27   3.76   4.84   3.85   5.13   4.54
200508   4.80   4.63   4.40   2.72   3.85   2.89
200509  -0.19   1.14   0.44   2.25   1.94   1.79
200510  -4.71  -3.45  -2.33  -3.92  -3.31  -4.38
200511  -0.29   0.27  -0.28   1.93   2.11   2.68
200512   3.44   3.57   4.15   3.98   5.64   5.37
200601   9.78   8.94   9.05   6.46   7.77   8.90
200602   2.06   2.22   2.64   0.57   1.19   3.32
200603   4.77   5.20   5.07   4.13   4.62   6.58
200604   7.57   6.58   7.66   5.92   5.79   5.46
200605  -3.43  -3.84  -2.25  -3.42  -3.57  -3.72
200606  -2.78  -2.08  -1.59  -0.14   0.40   0.26
200607  -1.14  -0.49   0.12  -0.21   0.60   2.21
200608   2.84   2.29   3.29   3.16   4.12   3.57
200609   0.54  -0.21  -0.14   1.16   2.55   2.11
200610   1.88   2.71   3.19   4.54   4.29   5.30
200611   5.40   5.26   5.88   4.95   4.77   5.27
200612   3.77   3.85   2.87   3.64   4.58   5.27
200701   3.94   3.90   4.40   0.93   2.04   1.79
200702   0.82   1.27   2.13   0.46   0.07   0.36
200703   2.94   3.25   4.33   4.88   5.82   5.29
200704   4.97   6.10   5.55   4.63   5.55   6.24
200705  -0.22   0.46   1.94   1.70   1.57   0.65
200706  -0.16   0.98   1.82  -0.47  -1.14  -1.17
200707  -0.34   0.30   0.41  -0.52  -1.19  -1.72
200708  -5.35  -5.08  -3.94  -1.87  -2.16  -2.87
200709   2.36   2.03   2.51   4.97   2.95   3.08
200710   2.84   2.90   2.10   5.20   4.20   3.55
200711  -7.35  -7.56  -6.32  -5.08  -5.39  -6.60
200712  -3.94  -2.53  -3.15  -2.34  -2.53  -2.02
200801  -7.86  -7.98  -6.29  -9.10  -9.21  -9.64
200802   3.17   3.63   3.22   4.02   3.85   3.12
200803  -2.05  -1.81  -1.35   0.84   2.02   1.79
200804   1.32   2.10   1.31   3.06   2.63   3.20
200805   0.87   1.33   0.74   1.56   1.05   0.13
200806  -7.30  -6.82  -4.83  -8.68 -11.00 -11.26
200807  -5.35  -5.88  -6.05  -3.79  -5.28  -3.84
200808  -6.19  -5.22  -5.36  -3.81  -3.27  -2.45
200809 -15.43 -16.43 -15.93 -16.25 -16.33 -16.54
200810 -25.68 -26.05 -25.47 -25.31 -24.97 -27.16
200811  -7.75  -7.71  -7.47  -6.17  -7.52  -8.42
200812  -0.02   1.52   2.05   6.68   7.80   7.15
200901  -2.48  -4.42  -2.68  -6.77  -8.35 -11.67
200902  -4.30  -3.85  -5.18  -5.53  -9.87 -11.94
200903   7.87   4.66   4.89   7.70   9.43  13.37
200904  17.14  19.60  19.53  17.13  18.92  26.03
200905  17.27  16.60  16.00  13.80  14.44  14.70
200906   0.42   0.97  -0.29  -0.38  -2.16  -2.33
200907   3.93   4.42   5.05   6.75   9.62  12.73
200908   4.29   6.73   9.76   4.00   6.00  10.05
200909   7.44   5.32   6.38   6.19   5.64   6.83
200910   0.15   0.53   1.29  -1.38  -1.65  -3.57
200911   0.13   0.56  -0.30   3.26   3.56   1.34
200912  -2.69  -1.82  -2.98   2.06   0.56  -0.14
201001   0.01  -0.55   0.00  -2.83  -3.81  -4.38
201002  -3.20  -2.07  -3.52  -1.44  -2.84  -3.48
201003   1.65   3.13   4.34   5.49   7.51   9.27
201004   2.01   0.68   1.39  -1.77  -0.21  -0.86
201005 -11.14 -10.78 -11.75 -11.00 -12.35 -14.73
201006  -1.09   1.12  -0.32   0.55  -0.73  -2.93
201007   8.18   8.67   9.24  10.75  11.54  14.81
201008  -4.55  -3.28  -2.86  -3.00  -4.11  -6.22
201009  12.02  11.15  10.49  12.11  13.46  12.97
201010   3.61   4.51   5.11   5.37   5.35   5.22
201011  -5.61  -6.24  -6.90  -5.95  -6.80 -10.73
201012   8.51   9.81   8.06   9.48  11.64  10.74
201101   6.09   6.06   6.82   1.45   2.42   6.56
201102   2.05   1.97   3.26   2.88   3.08   2.84
201103   1.16   0.93   0.47   2.04   1.75   0.19
201104   6.07   6.69   6.79   7.39   7.93   7.87
201105  -2.15  -1.57  -3.20  -1.72  -2.77  -4.50
201106  -4.45  -3.41  -2.87  -1.87  -2.84  -3.77
201107  -1.75  -1.19  -1.29  -3.05  -3.77  -7.36
201108  -8.20  -8.41  -7.87  -6.74  -9.78 -12.65
201109 -11.35 -11.59 -11.26 -12.57 -13.31 -13.14
201110   6.22   5.56   4.20  11.45  11.57   8.99
201111  -7.11  -7.52  -6.47  -2.20  -4.97  -8.67
201112  -1.98  -2.41  -3.68  -3.20  -2.99  -3.83
201201   8.25   8.98   8.45   8.57   8.93  13.49
201202   8.62   7.23   7.47  10.37   6.89   6.98
201203   0.55   0.34   0.23   1.38   0.39  -1.12
201204  -0.87   1.14  -2.83   0.90  -1.63  -5.59
201205 -11.80 -11.54 -12.08 -12.29 -13.28 -15.75
201206   1.42   2.15   2.86   5.19   6.78  10.04
201207  -1.87  -0.99  -1.82   2.04   1.40  -1.15
201208   4.06   4.49   4.49   3.81   3.87   7.56
201209   3.33   4.05   4.78   2.74   3.74   5.64
201210   0.23   0.58   0.84   0.93   1.31   2.07
201211  -0.82  -0.98  -0.25   2.72   1.40   0.50
201212   4.21   4.29   5.72   2.53   3.55   5.37
201301   7.62   7.38  10.48   3.62   6.32   8.00
201302  -2.60  -2.17  -3.25  -0.08  -1.04  -4.03
201303  -1.55  -1.90  -2.11   1.14  -0.76  -3.79
201304   1.14   1.52   2.25   2.57   3.09   6.99
201305  -0.07   0.74   1.47   0.49   1.20   2.31
201306  -0.71  -1.70  -2.22  -2.86  -4.43  -6.67
201307   4.60   4.56   4.41   7.13   8.62  10.04
201308   3.69   2.93   4.20  -0.53  -1.26  -0.25
201309   7.78   6.94   7.03   6.15   7.25   7.98
201310   3.05   3.16   4.85   2.42   3.83   7.52
201311   2.59   2.50   2.19   1.30   1.27   1.67
201312   1.76   2.67   1.95   3.26   2.73   2.82
201401   2.47   2.27   3.25  -4.00  -2.63  -1.00
201402   6.80   6.89   6.54   7.66   7.60   8.51
201403  -2.42  -0.43   0.27  -1.07  -0.23   0.47
201404  -1.04   0.87   1.21   1.21   1.54   0.81
201405  -0.11   0.26  -0.44   1.27   0.73   0.04
201406   1.03   1.53  -0.10   0.41  -0.40  -1.26
201407  -3.22  -4.17  -2.85  -4.51  -5.06  -4.47
201408  -2.32  -1.38  -1.59   0.03  -0.53  -0.80
201409  -4.60  -4.99  -4.99  -5.14  -4.96  -4.23
201410  -4.88  -4.28  -6.31  -0.44  -2.79  -3.71
201411   0.18  -0.04  -0.48   2.92   2.44   2.05
201412  -3.30  -2.60  -4.14  -0.97  -3.26  -5.42
201501  -2.95  -3.08  -4.03   1.07  -0.63  -2.45
201502   5.61   5.92   5.58   5.88   7.27   9.25
201503  -1.95  -3.34  -2.49  -2.43  -2.60  -2.32
201504   7.12   6.79   7.59   5.33   6.02   4.61
201505   0.67   1.47   0.52   1.07  -0.07  -1.54
201506   0.99  -0.15  -0.43  -2.93  -2.71  -2.58
201507   1.50   0.63  -0.17   2.86   1.69   1.20
201508  -1.92  -1.77  -1.98  -4.76  -5.06  -6.29
201509  -1.69  -2.42  -2.40  -2.59  -3.78  -6.26



  Average Value Weighted Returns -- Annual
           Small                 Big
       Low    2      High   Low    2      High
1991   6.88   3.39  -4.11  13.56   9.71  11.74
1992 -15.06 -18.55 -20.80  -6.36  -4.45  -5.64
1993  25.41  31.39  45.38  15.54  30.87  42.01
1994   7.25  10.40  16.37   3.44   2.00   5.13
1995  11.92  10.40   8.60  25.23  17.81  16.91
1996  18.16  19.91  21.16  20.70  23.33  21.62
1997   2.81   7.82  17.46  17.66  21.28  29.22
1998  11.60   4.03  16.41  29.42  26.37  23.57
1999  49.68  25.74  17.79  22.25  16.63   9.74
2000 -29.58 -12.20   1.18 -24.18   0.92   1.39
2001 -39.28 -16.85  -3.03 -29.27 -16.50 -14.98
2002 -24.89  -6.58  11.19 -19.52 -13.36 -12.01
2003  47.17  56.69  66.57  31.89  44.21  55.14
2004  24.91  33.76  37.42  16.92  26.32  26.03
2005  10.90  18.27  23.15   9.37  11.34  14.65
2006  41.81  43.09  47.87  29.96  35.34  44.36
2007   1.47   9.17   8.38  20.15  15.08  11.23
2008 -54.06 -49.85 -50.19 -40.98 -43.83 -49.87
2009  54.52  43.51  49.64  35.51  31.12  39.59
2010  16.97  18.72  11.00   9.60   4.65   0.21
2011 -15.39 -18.54 -24.53  -3.76 -10.48 -21.62
2012  24.73  21.67  22.53  21.18  18.24  24.88
2013  31.99  34.98  40.98  22.97  27.34  32.51
2014  -7.79  -7.65  -9.14  -1.61  -5.41 -11.89



  Average Equal Weighted Returns -- Annual
           Small                 Big
       Low    2      High   Low    2      High
1991   7.45   7.00   2.38   9.15   5.51   4.97
1992 -16.71 -20.29 -18.43 -11.94  -9.88 -12.05
1993  34.18  40.55  65.68  22.53  33.75  46.57
1994   6.80  13.04  26.61   5.40   6.19  11.30
1995  12.62  10.26  11.67  15.54  12.07   7.08
1996  14.07  16.68  24.10  19.39  20.59  22.34
1997   2.59   6.39  14.62   8.37  13.63  26.55
1998   6.97   4.30  17.80  19.03  21.40  24.00
1999  52.04  40.21  32.29  25.27  10.80  12.15
2000 -26.53  -7.08   3.65 -19.09   4.60   7.22
2001 -35.93 -19.16  -4.85 -28.42 -12.92  -7.29
2002 -26.18 -16.60   6.28 -22.14  -2.22   0.19
2003  57.19  64.77  77.24  50.49  51.69  67.83
2004  17.04  27.22  33.13  24.90  30.77  31.07
2005   4.12  13.08  19.12   9.49  20.02  16.69
2006  35.02  34.07  41.38  34.86  43.42  54.01
2007  -0.29   5.32  11.65  12.53   9.52   6.01
2008 -54.59 -53.37 -51.24 -47.18 -49.09 -51.34
2009  57.81  57.77  60.81  54.36  51.35  61.01
2010   8.28  14.68  11.29  16.06  16.04   4.71
2011 -16.00 -15.59 -15.72  -8.02 -15.21 -26.76
2012  14.59  19.83  17.36  30.84  23.75  27.56
2013  30.24  29.42  35.03  27.06  29.33  35.72
2014 -11.37  -6.48  -9.86  -3.24  -7.93  -9.35



  Number of Firms in Portfolios
              Small                 Big
          Low    2      High   Low    2      High
199007    399    690    909    246    329    244
199008    397    687    903    246    329    243
199009    395    687    900    246    329    243
199010    393    684    897    246    326    243
199011    392    681    894    246    326    242
199012    390    678    892    246    326    241
199101    390    678    890    246    326    241
199102    390    677    886    246    326    241
199103    389    675    884    246    325    241
199104    385    674    880    246    325    241
199105    384    672    876    246    325    241
199106    383    669    874    245    325    241
199107    389    743   1118    251    334    250
199108    386    741   1110    251    333    250
199109    386    741   1109    251    333    250
199110    385    737   1103    251    333    250
199111    384    735   1100    250    333    249
199112    384    730   1096    249    333    249
199201    383    727   1093    248    333    248
199202    381    725   1085    248    333    248
199203    381    724   1081    247    333    247
199204    381    724   1078    247    332    247
199205    381    723   1074    247    332    247
199206    380    721   1070    245    331    247
199207    455    801   1309    271    360    271
199208    455    798   1307    271    360    270
199209    454    797   1303    271    359    270
199210    451    794   1299    271    359    269
199211    451    794   1297    271    359    269
199212    450    793   1291    271    359    269
199301    445    791   1286    270    359    269
199302    445    787   1285    270    359    269
199303    444    786   1281    270    358    268
199304    443    784   1279    270    358    266
199305    442    784   1277    267    358    266
199306    442    783   1274    267    358    265
199307    414    832   1703    278    371    278
199308    414    828   1698    278    371    278
199309    412    827   1694    278    371    278
199310    412    827   1691    278    371    277
199311    412    827   1683    276    371    276
199312    412    827   1680    275    371    276
199401    411    826   1675    274    371    276
199402    410    826   1671    274    371    275
199403    408    825   1669    274    371    275
199404    408    822   1664    273    371    274
199405    408    820   1655    272    371    273
199406    407    820   1651    270    371    273
199407    520    775   1759    319    426    320
199408    520    774   1756    319    426    320
199409    519    773   1750    319    425    320
199410    518    773   1749    319    425    320
199411    516    773   1740    319    424    320
199412    516    772   1737    319    424    320
199501    512    771   1736    318    421    317
199502    510    769   1734    318    421    317
199503    510    768   1732    318    421    317
199504    510    766   1720    317    419    317
199505    509    763   1718    316    419    317
199506    508    760   1715    316    419    317
199507    709   1088   1691    318    427    318
199508    707   1086   1684    316    426    318
199509    706   1086   1681    315    425    318
199510    706   1083   1678    314    424    318
199511    703   1081   1668    314    421    316
199512    700   1075   1662    314    419    315
199601    696   1071   1649    311    416    314
199602    693   1068   1642    310    413    314
199603    693   1068   1635    309    413    313
199604    688   1066   1627    309    413    312
199605    686   1062   1622    308    409    309
199606    686   1058   1619    307    409    308
199607    704   1128   1851    306    413    310
199608    702   1126   1845    303    410    309
199609    701   1125   1836    303    409    309
199610    697   1124   1829    302    406    307
199611    693   1121   1820    301    406    306
199612    690   1113   1813    301    405    306
199701    688   1108   1802    300    402    306
199702    685   1104   1798    300    401    304
199703    682   1104   1789    300    400    304
199704    681   1099   1783    300    399    304
199705    677   1096   1776    296    397    304
199706    675   1093   1769    294    397    304
199707    829   1161   2075    290    385    288
199708    826   1157   2065    290    385    287
199709    825   1154   2058    289    385    287
199710    821   1152   2045    289    385    287
199711    821   1140   2028    288    385    286
199712    819   1135   2018    287    385    286
199801    816   1127   2001    287    380    286
199802    815   1123   1994    286    380    285
199803    811   1119   1980    285    378    283
199804    803   1115   1967    284    377    283
199805    801   1107   1960    283    376    283
199806    797   1101   1950    283    374    282
199807    977   1096   2320    267    352    266
199808    974   1090   2301    267    352    265
199809    969   1082   2286    266    351    262
199810    968   1079   2273    265    349    260
199811    964   1075   2254    265    347    259
199812    956   1070   2234    263    345    256
199901    950   1064   2204    261    340    252
199902    946   1055   2197    260    338    252
199903    944   1047   2188    257    335    251
199904    940   1043   2172    257    333    250
199905    935   1040   2156    256    332    248
199906    928   1035   2144    254    332    245
199907    789   1172   2699    241    320    237
199908    785   1163   2671    240    319    231
199909    782   1156   2652    239    318    229
199910    776   1151   2620    239    317    228
199911    772   1144   2594    238    317    228
199912    768   1135   2566    238    315    228
200001    767   1126   2537    236    313    225
200002    762   1121   2520    235    311    224
200003    761   1114   2495    235    310    223
200004    757   1104   2479    235    307    222
200005    752   1099   2464    234    304    220
200006    748   1095   2444    233    302    218
200007    937   1275   2600    238    317    239
200008    931   1269   2584    235    313    236
200009    928   1263   2565    234    311    233
200010    924   1255   2543    231    306    232
200011    922   1248   2521    229    304    228
200012    919   1240   2500    229    301    227
200101    915   1231   2478    228    298    225
200102    913   1222   2464    228    298    223
200103    912   1220   2441    228    298    221
200104    910   1209   2423    226    298    219
200105    907   1207   2409    226    296    216
200106    905   1207   2391    224    296    216
200107   1060   1488   2727    219    294    219
200108   1056   1478   2705    219    292    219
200109   1055   1471   2686    219    292    219
200110   1049   1465   2666    219    290    218
200111   1048   1458   2645    217    288    217
200112   1047   1451   2624    217    287    217
200201   1041   1435   2606    215    286    217
200202   1038   1429   2587    214    286    216
200203   1032   1425   2570    214    282    216
200204   1030   1418   2558    214    282    216
200205   1026   1414   2550    214    281    216
200206   1021   1408   2536    214    281    215
200207    971   1418   2825    218    288    216
200208    964   1406   2796    215    287    215
200209    957   1392   2778    213    285    211
200210    952   1382   2758    212    285    210
200211    949   1367   2741    210    285    210
200212    945   1365   2733    208    284    209
200301    940   1357   2709    206    282    208
200302    927   1353   2694    205    281    207
200303    922   1350   2672    205    280    207
200304    916   1344   2656    205    280    202
200305    910   1334   2644    204    280    201
200306    904   1328   2622    199    280    200
200307    832   1390   2674    211    279    207
200308    826   1381   2653    210    278    207
200309    820   1374   2639    208    277    206
200310    818   1371   2622    208    275    205
200311    808   1368   2598    208    275    204
200312    802   1366   2584    207    274    204
200401    792   1355   2562    205    272    203
200402    788   1345   2553    203    270    203
200403    786   1340   2543    201    270    202
200404    783   1337   2528    201    269    200
200405    780   1331   2519    200    267    200
200406    776   1326   2509    200    264    199
200407   1071   1353   2252    218    288    216
200408   1062   1346   2239    215    286    216
200409   1057   1340   2230    215    282    215
200410   1055   1333   2218    215    282    215
200411   1053   1328   2207    215    279    215
200412   1052   1325   2195    215    277    215
200501   1050   1322   2188    215    277    215
200502   1046   1315   2173    215    276    212
200503   1043   1308   2154    215    275    211
200504   1039   1308   2141    215    275    211
200505   1029   1305   2132    214    273    210
200506   1023   1298   2116    214    270    209
200507   1115   1408   2222    228    303    229
200508   1102   1403   2209    226    301    228
200509   1099   1395   2199    226    301    228
200510   1094   1387   2189    223    301    226
200511   1090   1384   2180    223    301    226
200512   1082   1371   2167    222    301    226
200601   1069   1365   2148    218    299    224
200602   1064   1359   2140    218    298    224
200603   1061   1355   2123    216    297    223
200604   1056   1346   2105    216    295    222
200605   1055   1337   2100    216    293    222
200606   1049   1332   2094    216    293    221
200607   1189   1357   2401    240    321    240
200608   1182   1345   2391    239    320    236
200609   1173   1336   2383    239    318    236
200610   1163   1323   2359    239    316    233
200611   1146   1310   2326    238    314    233
200612   1139   1301   2314    238    311    233
200701   1133   1291   2302    236    307    231
200702   1129   1289   2289    234    307    231
200703   1119   1285   2282    234    307    231
200704   1111   1279   2273    232    307    229
200705   1105   1276   2263    231    306    227
200706   1099   1266   2249    230    306    227
200707   1255   1298   2699    254    337    251
200708   1249   1295   2684    254    334    250
200709   1245   1289   2666    252    334    249
200710   1240   1281   2651    248    333    248
200711   1234   1272   2632    248    333    247
200712   1231   1265   2623    247    332    246
200801   1226   1258   2604    244    330    245
200802   1220   1252   2592    244    330    245
200803   1208   1245   2579    243    326    244
200804   1204   1237   2569    242    325    244
200805   1199   1229   2554    242    324    240
200806   1194   1222   2533    241    323    238
200807   1001   1654   2781    222    303    228
200808    995   1647   2764    221    303    227
200809    986   1642   2747    221    302    226
200810    983   1631   2724    221    299    225
200811    978   1621   2701    221    297    224
200812    971   1613   2677    221    296    224
200901    962   1593   2647    221    293    224
200902    958   1585   2623    221    293    222
200903    954   1576   2606    218    292    219
200904    949   1562   2588    217    292    219
200905    943   1552   2568    216    290    219
200906    941   1548   2548    216    290    219
200907    883   1402   2797    203    271    204
200908    875   1397   2784    203    271    204
200909    871   1391   2772    202    271    203
200910    868   1387   2760    199    270    202
200911    861   1383   2742    199    267    200
200912    860   1374   2728    198    267    200
201001    848   1364   2705    198    266    200
201002    843   1358   2690    198    266    200
201003    836   1347   2670    197    266    200
201004    830   1338   2649    197    264    200
201005    830   1332   2639    196    264    199
201006    826   1326   2629    196    263    199
201007    895   1334   2505    199    266    199
201008    890   1330   2488    198    265    199
201009    885   1323   2476    198    263    199
201010    879   1315   2462    198    262    199
201011    874   1308   2451    198    262    199
201012    869   1303   2436    196    262    199
201101    860   1294   2423    196    261    199
201102    857   1289   2414    195    259    198
201103    853   1288   2402    194    259    198
201104    846   1280   2388    194    258    198
201105    839   1270   2378    193    258    198
201106    838   1264   2367    193    257    197
201107    913   1429   2271    197    264    198
201108    908   1425   2258    197    263    197
201109    906   1418   2247    197    263    196
201110    897   1401   2226    195    262    196
201111    890   1395   2214    194    261    196
201112    884   1379   2197    194    261    196
201201    880   1380   2183    194    261    195
201202    873   1367   2151    194    261    195
201203    873   1366   2151    194    261    195
201204    862   1362   2147    195    261    195
201205    862   1348   2118    196    260    197
201206    856   1346   2118    196    258    194
201207    751   1349   2290    183    244    183
201208    763   1334   2252    183    244    183
201209    779   1353   2206    185    246    186
201210    771   1344   2189    184    246    186
201211    767   1325   2227    181    242    182
201212    767   1337   2157    180    241    182
201301    767   1337   2157    180    241    182
201302    777   1324   2104    183    247    186
201303    777   1324   2104    183    247    186
201304    763   1311   2091    182    246    184
201305    755   1302   2091    182    245    182
201306    755   1303   2091    182    245    183
201307    758   1253   2150    186    248    186
201308    762   1247   2127    187    246    185
201309    766   1248   2118    187    246    185
201310    767   1252   2117    187    245    185
201311    762   1249   2102    186    246    185
201312    758   1241   2094    186    246    183
201401    751   1243   2077    185    246    183
201402    751   1243   2065    184    246    183
201403    740   1232   2071    184    246    182
201404    733   1183   2097    184    246    182
201405    738   1192   2074    184    249    184
201406    753   1196   2061    185    248    184
201407    746   1228   2139    205    271    205
201408    748   1222   2100    205    272    204
201409    748   1219   2094    205    272    204
201410    762   1215   2070    205    273    203
201411    761   1200   2054    205    274    202
201412    781   1204   2037    205    273    202
201501    770   1193   2004    203    270    201
201502    788   1207   1977    203    268    201
201503    785   1199   1960    203    268    201
201504    754   1176   1987    203    268    201
201505    751   1161   1980    203    266    198
201506    790   1193   1948    203    269    198
201507    797   1264   2089    210    280    209
201508    788   1249   2059    210    280    208
201509    791   1247   2050    208    281    208



  Average Firm Size
                       Small                                Big
              Low         2           High        Low         2           High
199007      115.14      111.18       79.28     2273.61     2563.99     2640.63
199008      121.29      115.95       82.70     2378.87     2670.82     2732.26
199009      110.14      103.91       73.44     2150.00     2403.56     2470.70
199010       99.64       95.04       65.95     1905.45     2148.04     2206.79
199011      104.12       99.34       68.66     2054.41     2323.52     2332.61
199012      102.24       97.83       67.02     2050.84     2327.86     2364.99
199101      100.86       97.72       67.07     2016.46     2293.72     2335.14
199102       93.98       91.21       62.14     2043.34     2333.48     2376.06
199103      100.69       97.07       66.99     2172.40     2483.78     2550.77
199104       95.88       91.33       61.34     2015.25     2310.87     2377.56
199105       95.06       90.50       60.03     2004.29     2294.64     2366.93
199106       92.61       88.53       58.70     2019.36     2314.27     2381.89
199107      107.70       98.17       65.56     2061.62     2387.50     1934.40
199108      111.73      100.34       66.96     2183.16     2536.95     2028.18
199109      113.27      102.14       66.92     2217.46     2578.24     2073.93
199110      119.37      107.78       69.41     2285.32     2646.39     2147.01
199111      116.35      104.19       66.76     2237.54     2581.31     2105.28
199112      114.73      102.55       64.97     2231.53     2509.87     2049.54
199201      118.22      105.61       66.68     2416.89     2674.41     2169.41
199202      116.70      105.50       66.09     2395.35     2660.01     2181.93
199203      115.73      104.63       65.32     2407.87     2641.91     2207.10
199204      111.19      100.54       63.11     2312.41     2556.86     2119.46
199205      116.57      104.71       65.05     2428.82     2704.72     2220.85
199206      122.33      109.30       68.74     2543.14     2832.56     2324.31
199207      129.88      102.57       69.73     2701.50     2852.88     2042.11
199208      122.87       96.90       64.70     2594.92     2733.55     1939.10
199209      120.27       94.54       63.17     2584.04     2733.49     1924.37
199210      114.87       88.70       58.38     2526.34     2674.34     1843.28
199211      103.51       79.61       53.65     2363.27     2436.67     1731.31
199212      100.42       76.88       52.00     2350.50     2443.74     1713.56
199301      103.67       78.55       51.48     2373.83     2469.79     1730.73
199302      107.71       82.07       53.61     2336.05     2462.87     1820.37
199303      107.72       81.73       54.18     2330.58     2511.17     1864.96
199304      115.16       86.75       57.92     2428.39     2662.40     1971.24
199305      120.52       90.20       61.87     2477.26     2678.48     2033.30
199306      120.71       90.64       62.90     2471.36     2690.16     2053.58
199307      107.11       94.76       61.38     2674.63     2687.39     1791.84
199308      105.48       94.50       62.31     2676.32     2716.88     1830.65
199309      114.15      103.34       68.68     2885.19     2938.28     2015.31
199310      113.89      103.95       68.93     2832.46     2946.75     1986.28
199311      112.81      104.91       69.98     2892.61     3047.01     2028.58
199312      111.31      103.52       68.61     2872.15     2970.95     1951.47
199401      115.21      108.06       73.41     3043.95     3190.87     2119.14
199402      126.30      118.91       83.89     3190.54     3333.81     2311.59
199403      126.14      119.22       84.37     3060.17     3194.49     2243.62
199404      123.17      117.36       83.31     2985.55     3075.47     2214.86
199405      126.25      120.40       86.96     3117.93     3185.46     2305.33
199406      121.32      116.72       85.10     2985.42     3044.94     2210.03
199407      116.86      104.71       73.93     2581.90     2888.53     2219.23
199408      117.89      106.46       75.39     2677.80     3050.22     2331.10
199409      120.51      108.04       75.84     2771.96     3141.70     2329.42
199410      118.77      106.82       75.11     2679.19     3005.31     2261.30
199411      119.55      107.93       75.83     2792.78     3161.14     2328.70
199412      113.16      102.38       72.53     2670.89     3027.43     2229.95
199501      112.44      102.17       72.82     2694.00     3025.08     2229.88
199502      110.99      102.81       73.05     2655.87     2974.18     2214.39
199503      112.25      104.11       74.21     2748.55     3033.49     2241.43
199504      115.24      106.01       75.03     2895.83     3158.14     2291.22
199505      116.69      107.75       75.85     2982.21     3238.23     2381.32
199506      118.54      108.86       77.16     3032.56     3264.36     2406.94
199507      120.76      111.11       78.83     3023.73     3599.17     2500.89
199508      124.96      113.90       80.11     3145.29     3768.01     2595.22
199509      122.17      110.66       77.27     3080.21     3622.04     2448.92
199510      125.74      112.57       78.20     3189.89     3719.76     2495.47
199511      123.95      110.82       76.45     3174.66     3715.40     2499.12
199512      119.80      106.97       74.17     3161.96     3701.43     2519.50
199601      120.50      108.09       75.64     3232.17     3785.36     2600.43
199602      120.43      108.97       76.29     3259.57     3822.62     2613.72
199603      124.20      112.22       78.93     3332.44     3899.42     2677.14
199604      125.05      113.88       80.07     3358.07     3956.59     2706.22
199605      126.59      115.36       80.82     3358.34     4024.17     2696.70
199606      130.67      117.83       82.93     3421.47     4071.25     2708.73
199607      141.01      118.47       88.68     4442.07     4074.86     2471.52
199608      136.29      116.19       87.25     4392.46     4004.08     2430.08
199609      139.71      118.53       88.02     4528.79     4097.71     2475.63
199610      137.16      117.56       87.07     4580.73     4206.48     2515.64
199611      140.90      120.25       88.96     4683.24     4286.01     2539.74
199612      143.79      122.57       91.16     4882.92     4488.62     2691.87
199701      146.16      124.65       93.53     4993.52     4513.39     2763.74
199702      146.55      127.05       95.43     4952.04     4508.00     2817.76
199703      148.91      128.38       96.67     4993.11     4551.04     2845.78
199704      149.43      130.65       98.49     5096.62     4658.06     2908.90
199705      145.90      127.76       96.90     5113.25     4655.13     2877.77
199706      148.90      133.03      100.36     5347.76     4841.06     2997.18
199707      160.43      148.10       98.61     6037.84     5861.29     2918.21
199708      156.28      145.21       98.22     6282.85     6054.25     2983.87
199709      158.10      144.53       98.15     5963.14     5694.63     2823.18
199710      165.49      151.82      105.83     6480.51     6224.71     3141.27
199711      164.77      149.80      105.73     6173.32     5937.66     3028.48
199712      161.40      147.42      103.68     6254.09     6032.17     3036.06
199801      158.75      145.54      103.89     6417.23     6182.42     3184.78
199802      162.58      145.79      108.49     6731.84     6344.11     3279.13
199803      171.79      154.63      115.96     7279.69     6818.87     3563.68
199804      186.47      165.24      128.19     7563.46     7365.30     3932.10
199805      195.89      170.73      132.01     7723.86     7585.97     4026.77
199806      206.59      177.18      137.98     7798.18     7775.83     4145.18
199807      202.60      185.52      132.31     8581.74     9103.66     4581.05
199808      200.92      183.12      129.86     8729.60     9242.44     4800.03
199809      177.54      162.30      117.00     7943.90     8115.45     4031.68
199810      168.57      154.99      112.48     7616.66     7792.29     3676.51
199811      170.81      157.13      114.68     8168.28     8368.66     3960.44
199812      174.58      159.83      116.80     8557.48     8806.67     4220.86
199901      174.23      159.98      116.61     8965.75     8930.51     4274.00
199902      177.64      156.55      115.40     9047.25     8940.69     4231.37
199903      180.40      155.59      114.76     8838.42     8846.21     4089.80
199904      180.96      155.59      115.48     8812.22     8879.76     4151.63
199905      186.98      161.41      118.82     8548.06     9295.40     4313.92
199906      185.43      162.07      118.93     8276.83     8877.35     4088.63
199907      204.76      191.43      130.13    10946.03     9778.68     4816.52
199908      213.70      200.43      134.73    11075.81     9843.37     4973.12
199909      228.30      210.50      139.79    11181.74     9971.67     5079.34
199910      232.77      214.63      139.84    11179.16     9879.43     5068.20
199911      237.21      218.53      138.59    11717.13    10042.12     5096.58
199912      260.80      220.57      136.53    12309.64    10176.80     4967.65
200001      283.16      228.52      139.27    13880.43    11047.98     5464.98
200002      299.41      225.83      135.25    13060.26    10073.92     4865.03
200003      339.93      238.81      134.97    14007.28    10746.31     4953.88
200004      318.10      230.35      133.83    14051.43    11150.24     5029.32
200005      275.66      209.59      124.64    13388.15    10546.57     4889.19
200006      266.99      212.70      128.32    13086.74    10805.77     4979.28
200007      249.02      213.12      143.46    12741.18    12305.32     6355.80
200008      242.36      210.59      141.39    12351.19    12319.17     6554.69
200009      240.05      207.63      141.59    12190.38    12205.80     6444.06
200010      231.64      203.11      138.96    11454.79    11929.32     6233.99
200011      201.09      189.26      133.95    11063.14    11835.28     6360.75
200012      174.29      183.14      135.41    10094.66    11796.13     6254.16
200101      183.30      195.09      145.55    10148.94    12777.00     6710.32
200102      184.25      199.78      150.64    10173.79    12883.08     6728.34
200103      167.86      191.60      148.83     8605.76    12210.88     6273.86
200104      145.72      174.48      137.54     7671.90    11193.79     5849.07
200105      151.01      182.15      142.76     8620.31    11895.51     6159.16
200106      142.81      177.79      140.94     7988.13    11427.90     5849.24
200107      181.67      157.11      114.39    10282.59    11234.86     5532.99
200108      169.93      152.37      114.18    10251.83    11240.49     5537.65
200109      165.44      151.99      116.60     9782.32    11132.68     5465.02
200110      131.27      126.72      102.77     8898.48     9754.88     4770.92
200111      142.70      132.45      104.71     9334.02    10037.87     4974.49
200112      155.07      140.93      109.09     9773.61    10303.28     5302.02
200201      154.80      141.12      110.18     9993.36    10507.48     5438.05
200202      148.84      137.18      110.63     9472.09    10074.91     5149.12
200203      145.39      137.10      113.83     9565.09    10210.97     5079.79
200204      151.02      142.99      118.51     9915.81    10834.61     5291.00
200205      148.57      145.67      124.38     9576.30    10955.04     5270.45
200206      146.79      149.59      129.00     9298.51    11036.16     5366.42
200207      164.78      157.92      110.28    10763.55     9822.48     5537.34
200208      147.06      144.03      102.93     9685.61     8651.78     5013.29
200209      141.82      142.76      101.77     9691.69     8712.78     4611.14
200210      123.15      125.83       93.13     8871.07     7298.00     3838.60
200211      126.57      127.75       95.07     9676.47     8105.04     4164.08
200212      132.99      134.07       98.69     9942.72     8647.43     4515.01
200301      127.62      134.94      100.94     9730.86     8380.06     4396.74
200302      122.49      132.63      101.25     9349.39     8081.57     4342.25
200303      116.50      128.61       98.79     8925.82     7866.85     4197.63
200304      114.79      128.01       97.91     8829.64     7695.90     4149.10
200305      128.05      142.78      107.56     9892.47     8736.42     4689.75
200306      139.25      156.58      117.67    10674.23     9290.25     5104.57
200307      155.33      177.26      101.77    11033.92     8494.83     5556.32
200308      157.91      180.13      105.67    10948.40     8800.91     5750.15
200309      162.20      184.39      109.80    10830.84     8638.44     5781.03
200310      167.90      193.90      115.87    11193.16     8835.46     5931.73
200311      175.79      204.53      124.15    11655.10     9455.05     6491.11
200312      181.98      214.41      129.99    12267.14     9869.83     6794.02
200401      191.84      226.45      138.01    13254.75    10670.77     7342.71
200402      200.55      239.55      148.17    13560.37    10937.35     7550.89
200403      207.29      249.45      155.17    14045.21    11316.36     7743.23
200404      200.06      242.36      151.71    13526.57    10995.61     7417.85
200405      193.61      238.37      148.54    13317.06    10657.53     7365.78
200406      190.76      238.84      147.20    13520.75    10827.08     7390.19
200407      185.67      218.15      137.09    12929.80    10799.39     7133.57
200408      179.40      210.91      133.26    12452.22    10592.11     6868.45
200409      177.17      210.40      134.67    12393.23    10759.53     6947.70
200410      183.49      219.77      140.96    12778.12    11256.62     7249.11
200411      190.77      228.90      147.08    13181.76    11802.44     7622.57
200412      207.11      249.28      161.20    13960.34    12567.95     8223.15
200501      215.25      262.25      169.28    14541.47    13115.25     8598.39
200502      218.02      267.57      173.84    14197.82    13014.67     8557.77
200503      229.24      282.02      185.13    14785.32    13629.96     9009.15
200504      222.63      274.45      181.34    14465.95    13202.49     8791.11
200505      214.23      267.42      176.23    14305.69    12781.92     8437.39
200506      207.98      263.56      174.02    14276.89    12803.78     8486.64
200507      228.82      241.85      147.48    12738.16    12448.03     7925.13
200508      235.74      253.48      153.78    13022.42    12687.86     8354.53
200509      246.21      263.70      159.30    13220.31    12897.97     8555.81
200510      248.89      267.38      160.88    13342.60    13048.42     8782.73
200511      238.49      255.31      154.86    13031.03    12528.90     8600.87
200512      241.56      257.55      157.00    13162.34    12773.15     8735.80
200601      247.16      269.13      162.45    13731.27    13438.22     9137.00
200602      268.99      291.68      176.72    14417.54    14383.79     9835.27
200603      275.64      301.92      182.86    14435.25    14513.68    10014.19
200604      287.08      317.25      192.86    14971.55    15065.30    10456.16
200605      308.26      339.39      205.70    15771.61    15768.39    10961.91
200606      297.82      323.91      195.82    15241.55    15120.11    10477.37
200607      266.60      280.46      185.06    11560.32    15637.62    12011.74
200608      262.20      277.22      185.41    11427.09    15893.34    12204.96
200609      270.50      283.46      191.76    11759.32    16345.25    12669.82
200610      275.60      285.28      194.17    11751.08    16552.36    13022.19
200611      288.49      300.23      205.22    12181.66    17208.84    13666.00
200612      305.78      319.94      219.30    12550.83    18010.89    14147.59
200701      321.21      332.40      228.67    12991.82    18839.11    14746.44
200702      328.08      343.90      235.01    13183.44    18869.29    14971.39
200703      331.58      349.09      237.40    13183.37    18731.85    14943.97
200704      342.13      364.28      249.72    13742.47    19564.13    15378.69
200705      360.09      384.70      263.77    14366.26    20667.64    16407.30
200706      359.48      388.07      265.28    14485.64    20952.74    16548.93
200707      348.07      358.77      221.27    13296.07    16948.83    19417.55
200708      342.88      358.23      221.14    13128.04    16556.52    18931.20
200709      326.90      339.86      212.61    13113.77    16252.81    18547.25
200710      333.88      345.81      216.88    14097.94    17054.94    19510.09
200711      351.83      364.82      224.81    14838.54    17773.11    20416.46
200712      321.21      337.98      208.07    14729.88    17268.34    19300.91
200801      308.52      330.46      202.92    14377.69    17010.79    19025.70
200802      274.53      298.85      185.62    13120.56    15305.28    17028.51
200803      286.58      311.25      194.47    13341.51    15851.98    17168.86
200804      282.64      307.24      193.42    13168.80    15826.70    17530.29
200805      285.40      317.06      193.31    13639.97    16613.79    17783.84
200806      289.10      321.01      195.37    13775.12    16798.29    17332.57
200807      290.99      302.50      196.69    14229.06    18436.87    14634.04
200808      275.88      287.14      185.29    13814.52    17491.99    14489.15
200809      264.21      275.83      177.21    13301.75    16610.35    13975.24
200810      216.50      226.54      147.38    11444.38    13950.73    11945.15
200811      160.72      166.06      107.59     9090.02    11212.42     8988.51
200812      144.97      153.92       97.68     8640.27    10211.48     7998.29
200901      148.07      160.11      103.89     9142.08    11078.47     8433.32
200902      140.24      147.71       96.82     8334.28     9822.01     7241.12
200903      133.03      138.31       89.84     7818.60     8728.93     6246.24
200904      138.72      145.11       93.62     8234.53     9303.66     6859.99
200905      163.52      166.85      108.16     8927.54    10392.72     8278.32
200906      186.05      188.95      122.24     9982.24    11673.80     9090.43
200907      197.03      202.83      138.30    12361.14    12036.99     8971.52
200908      209.05      215.94      149.98    13386.34    13270.35    10194.30
200909      219.30      232.79      166.57    13741.92    13808.77    11327.97
200910      233.65      248.71      179.91    14540.14    14513.61    11990.35
200911      232.97      246.13      177.71    14547.40    14393.21    11412.54
200912      236.22      249.13      178.78    15094.08    14871.48    11626.91
201001      236.11      248.52      176.41    15370.30    15119.05    11609.67
201002      234.78      245.53      175.05    14789.70    14100.57    10768.03
201003      226.51      239.80      170.15    14617.75    13739.86    10294.76
201004      236.69      253.50      183.32    15193.08    14677.54    11283.12
201005      239.76      254.86      184.18    14723.40    14384.94    10954.17
201006      213.20      222.34      157.20    13142.23    12513.09     9299.76
201007      228.88      228.55      145.50    12457.38    13022.89     9478.73
201008      252.66      252.52      162.78    13568.29    14535.38    11118.92
201009      242.66      242.57      155.21    13292.13    13959.86    10355.39
201010      272.53      274.97      173.19    14646.78    15689.00    11573.70
201011      288.94      287.03      182.14    15304.40    16510.04    12191.33
201012      268.74      268.59      167.56    14402.23    15238.03    10712.24
201101      297.37      299.88      186.75    15480.32    16703.71    11682.14
201102      303.46      310.95      194.89    15658.91    17307.92    12723.87
201103      309.02      317.13      200.82    16069.15    17786.20    13141.52
201104      314.39      318.74      203.79    16169.47    17698.07    12874.55
201105      337.68      339.53      217.35    17259.75    19070.99    13745.77
201106      326.36      328.09      209.05    16960.84    18245.94    12952.48
201107      325.50      315.49      193.22    15381.46    15500.86    17342.01
201108      317.98      305.66      185.26    15181.65    15130.89    16128.14
201109      289.39      278.27      166.77    14102.98    13564.27    13925.89
201110      257.37      239.93      144.04    12622.05    11979.70    12251.35
201111      283.11      256.22      153.75    14060.71    13451.94    13545.99
201112      267.27      238.37      140.79    13591.87    12946.42    12515.50
201201      259.41      230.08      135.94    13372.95    12959.08    11755.76
201202      283.47      249.57      147.71    13922.05    13595.33    12593.89
201203      306.33      266.54      158.66    14701.25    14387.69    13336.92
201204      309.28      267.42      159.16    14800.37    14245.86    13195.16
201205      300.93      261.34      151.47    14241.36    13681.72    12603.24
201206      267.41      229.11      132.24    13112.29    11792.13    10749.79
201207      256.19      266.81      173.45    15246.43    13897.40    12276.00
201208      253.34      263.82      170.87    15334.07    14143.83    11956.48
201209      253.28      271.22      172.42    15602.88    14605.74    12479.47
201210      265.64      284.41      183.42    16047.82    14928.55    13136.48
201211      274.23      291.54      194.00    16387.85    15380.41    14013.01
201212      272.30      292.20      195.12    17011.10    15679.47    14327.38
201301      284.61      306.62      208.77    17265.52    16210.44    14993.65
201302      292.92      327.38      222.23    18169.82    16807.45    15562.76
201303      292.39      326.87      217.84    18074.91    16315.61    14765.01
201304      290.05      320.97      212.87    18472.16    16341.41    14021.04
201305      294.51      327.70      223.29    18412.01    17132.40    14840.51
201306      298.83      329.98      228.30    18149.21    17131.42    15182.33
201307      321.05      324.93      204.57    18004.76    14533.01    16508.76
201308      340.53      341.82      218.55    18962.46    15682.76    18084.15
201309      345.41      343.63      224.78    18699.49    15447.91    17964.27
201310      362.68      369.58      241.06    19808.53    16660.31    19250.80
201311      367.70      385.33      255.29    20326.80    17280.34    20522.72
201312      380.33      395.84      257.36    20449.46    17539.49    20953.36
201401      393.37      404.80      266.88    21016.14    17857.60    21455.92
201402      385.75      403.95      270.26    20074.64    17275.42    20934.12
201403      411.67      439.16      292.82    21589.99    19080.45    21404.62
201404      403.04      440.32      297.06    21325.49    18875.09    21331.43
201405      408.41      426.38      292.17    21122.93    18916.61    21138.96
201406      402.65      421.77      288.81    21190.15    18981.90    20859.24
201407      412.52      423.79      237.05    19540.50    16820.31    20866.12
201408      385.69      402.50      228.18    18455.06    15990.86    20106.10
201409      379.53      401.03      225.25    18505.64    15876.99    19917.57
201410      356.81      377.71      212.31    17913.68    15178.78    19289.07
201411      350.46      364.85      201.17    17753.38    14717.37    18429.02
201412      348.08      366.45      203.40    18308.65    15224.34    18461.07
201501      350.39      361.81      198.46    17762.03    14740.54    17688.11
201502      337.00      351.07      196.45    18158.28    15038.12    16827.00
201503      364.56      372.82      213.11    18911.29    16096.54    17961.91
201504      357.25      368.61      202.82    18588.41    15257.47    17823.97
201505      384.91      391.16      216.34    19199.88    15957.06    18851.63
201506      375.56      380.42      219.93    19231.02    15757.65    18191.46
201507      333.64      371.25      234.54    18229.27    14219.31    18674.49
201508      345.26      381.32      237.63    18958.20    14524.14    18970.56
201509      337.28      367.23      229.47    17765.19    13638.75    17477.19
