This file was created by CMPT_ME_PRIOR_RETS using the 201509 CRSP database.  It
contains a momentum factor, constructed from six value-weight portfolios formed
using independent sorts on size and prior return of NYSE, AMEX, and NASDAQ stocks.
Mom    is the average of the returns on two (big and small) high prior return portfolios
minus the average of the returns on two low prior return portfolios.  The portfolios
are constructed monthly.  Big means a firm is above the median market cap on the NYSE
at the end of the previous month; small firms are below the median NYSE market cap.
Prior return is measured from month -12 to - 2.  Firms in the low prior return
portfolio are below the 30th NYSE percentile.  Those in the high portfolio are above
the 70th NYSE percentile.

Missing data are indicated by -99.99 or -999.

          Mom   
192701   0.44
192702  -2.01
192703   3.59
192704   4.19
192705   3.01
192706   0.51
192707   4.32
192708   1.12
192709   1.93
192710  -1.11
192711  -0.68
192712   3.19
192801  -0.60
192802  -1.02
192803   4.87
192804  -5.65
192805   2.85
192806   2.05
192807   2.75
192808   3.62
192809   3.62
192810   5.05
192811   1.93
192812   1.71
192901   2.43
192902   3.05
192903  -1.05
192904   1.90
192905  -2.04
192906   8.72
192907   2.83
192908   4.59
192909   3.04
192910   4.09
192911  -2.39
192912   5.13
193001  -5.24
193002   0.45
193003  -4.18
193004   3.91
193005  -0.02
193006   6.61
193007  -2.16
193008   3.95
193009  11.44
193010   7.01
193011  -1.17
193012  13.29
193101 -10.94
193102 -14.37
193103   9.55
193104  11.42
193105   9.03
193106 -17.85
193107   8.05
193108  -3.52
193109  10.18
193110   3.28
193111   7.61
193112  14.17
193201 -10.32
193202   1.62
193203  10.33
193204   6.78
193205  12.20
193206   2.10
193207 -43.94
193208 -52.26
193209   2.44
193210   4.29
193211  -2.09
193212   5.26
193301  -1.53
193302   4.19
193303   2.35
193304 -15.95
193305  -3.92
193306   3.54
193307   0.41
193308   7.51
193309   1.65
193310  -2.28
193311   6.35
193312   3.96
193401  -3.10
193402  -0.25
193403  -0.86
193404  -5.12
193405  -2.83
193406  -0.96
193407   8.73
193408   2.41
193409  -0.10
193410   6.91
193411   4.22
193412   4.63
193501   3.60
193502  13.75
193503   2.86
193504  -4.72
193505  -3.67
193506   2.07
193507  -4.22
193508  -7.69
193509   8.93
193510   2.09
193511  -5.91
193512   3.75
193601  -3.36
193602   2.57
193603   1.73
193604  -7.83
193605   2.37
193606   0.45
193607   2.90
193608   0.61
193609   1.27
193610   0.99
193611   2.11
193612   2.11
193701  -1.85
193702   2.98
193703   2.81
193704  -3.71
193705   0.51
193706   0.68
193707  -0.40
193708  -1.79
193709  -7.14
193710  -1.56
193711  -0.97
193712   4.70
193801  -1.44
193802  -3.08
193803  15.75
193804  -8.88
193805   7.13
193806 -24.86
193807  -6.44
193808   3.95
193809   2.53
193810  -7.70
193811   3.13
193812   2.05
193901  -3.05
193902   3.25
193903  -1.48
193904   2.70
193905   3.56
193906   1.96
193907  -0.57
193908   5.90
193909 -30.35
193910   6.48
193911  -0.22
193912   5.40
194001   1.74
194002   1.81
194003  -0.36
194004   3.33
194005   2.86
194006  -2.14
194007   0.85
194008  -1.61
194009  -0.26
194010  -6.53
194011   1.33
194012   3.46
194101  -4.72
194102   0.91
194103   2.43
194104   3.03
194105   2.46
194106  -0.64
194107  -1.75
194108   0.17
194109  -1.57
194110   4.74
194111   4.04
194112   0.28
194201  -3.58
194202  -0.71
194203  -0.21
194204  -0.79
194205  -4.71
194206  -1.32
194207   0.77
194208  -0.13
194209  -0.64
194210  -4.01
194211  -0.97
194212   3.06
194301  -0.36
194302  -1.46
194303   4.74
194304   6.18
194305   5.61
194306  -1.30
194307  -4.59
194308   0.71
194309   1.78
194310  -0.53
194311  -4.72
194312   5.99
194401   0.97
194402   0.34
194403   2.61
194404   0.52
194405   2.07
194406  -5.22
194407   0.19
194408   4.68
194409  -1.08
194410  -1.24
194411   1.28
194412   3.36
194501   0.04
194502   3.03
194503  -3.28
194504   4.79
194505   0.11
194506   4.11
194507  -2.62
194508  -1.40
194509   1.40
194510   0.25
194511   4.26
194512   1.25
194601   3.76
194602  -1.45
194603   2.69
194604   3.03
194605  -0.61
194606  -2.52
194607  -0.10
194608  -0.03
194609   0.74
194610   0.97
194611   0.20
194612  -0.10
194701  -6.44
194702  -0.49
194703   4.06
194704   5.05
194705   3.33
194706  -1.85
194707  -3.42
194708   3.38
194709  -0.02
194710   1.34
194711   4.23
194712   3.60
194801  -4.29
194802   1.47
194803  -0.19
194804   4.06
194805   2.38
194806   3.99
194807  -1.58
194808   0.23
194809  -1.26
194810   2.79
194811   0.60
194812   4.66
194901  -2.92
194902  -0.41
194903  -0.87
194904   3.06
194905   3.04
194906  -1.28
194907  -1.54
194908   1.70
194909  -1.42
194910   0.00
194911   1.27
194912  -0.78
195001  -2.32
195002   1.36
195003   1.54
195004   0.33
195005   0.38
195006  -1.66
195007  -0.47
195008   3.21
195009  -0.13
195010   1.42
195011   3.59
195012   4.97
195101   2.00
195102  -1.58
195103  -2.95
195104   6.02
195105  -0.93
195106  -2.39
195107   7.24
195108   1.00
195109   0.56
195110  -0.31
195111   0.63
195112   1.70
195201   1.37
195202  -0.75
195203   1.65
195204  -2.04
195205   0.49
195206   1.50
195207  -0.52
195208   0.31
195209   1.76
195210   2.75
195211   0.44
195212   1.51
195301   0.72
195302   0.86
195303   0.08
195304   1.85
195305   0.94
195306  -0.01
195307  -0.31
195308   2.21
195309   2.88
195310   0.27
195311   1.95
195312   5.19
195401  -5.74
195402   1.03
195403   2.20
195404   4.98
195405  -1.99
195406   3.52
195407   0.44
195408  -0.64
195409   1.54
195410   0.96
195411   1.93
195412  -1.41
195501   1.36
195502   1.09
195503   1.03
195504   0.09
195505   0.56
195506   4.66
195507  -1.23
195508   1.79
195509   1.77
195510  -0.50
195511   2.67
195512  -1.33
195601  -1.48
195602   1.97
195603   3.59
195604   2.57
195605  -1.62
195606   2.71
195607   2.52
195608  -0.69
195609  -0.76
195610   2.46
195611   3.41
195612   3.81
195701  -3.05
195702   0.31
195703  -0.18
195704   0.96
195705   0.44
195706   0.77
195707  -0.07
195708   0.49
195709   0.62
195710   1.94
195711   1.24
195712   7.79
195801  -7.63
195802   3.75
195803  -1.85
195804   1.85
195805  -1.82
195806  -0.87
195807  -3.62
195808   0.28
195809  -1.13
195810   3.12
195811   1.57
195812  -0.65
195901  -0.24
195902   3.40
195903   0.13
195904   3.15
195905   1.50
195906   2.91
195907  -0.32
195908  -0.95
195909   0.85
195910   3.48
195911   2.26
195912   0.99
196001  -3.49
196002   3.86
196003   1.43
196004   2.81
196005   4.81
196006   0.86
196007  -0.78
196008   1.92
196009   0.29
196010   1.23
196011   3.69
196012   1.36
196101  -3.97
196102   1.03
196103   4.18
196104   3.52
196105  -1.50
196106   0.26
196107   0.27
196108   1.61
196109   0.76
196110   3.09
196111   1.35
196112  -2.25
196201  -2.01
196202  -0.96
196203   1.82
196204   2.89
196205   0.34
196206   6.42
196207   0.71
196208  -0.57
196209   3.97
196210   0.72
196211  -7.15
196212   5.80
196301  -2.11
196302   2.52
196303   1.58
196304  -0.08
196305   0.37
196306   1.18
196307   0.99
196308   1.08
196309   0.13
196310   3.14
196311  -0.75
196312   1.70
196401   1.06
196402   0.25
196403   0.71
196404  -0.59
196405   2.54
196406   0.47
196407  -0.32
196408  -0.20
196409  -0.38
196410   0.13
196411   1.10
196412  -0.71
196501  -1.30
196502   0.28
196503   0.09
196504   2.54
196505   0.53
196506  -3.13
196507   4.09
196508   2.58
196509   3.32
196510   3.44
196511   4.41
196512   0.15
196601   5.43
196602   4.54
196603   1.35
196604   6.21
196605  -4.73
196606   3.31
196607  -1.41
196608  -2.08
196609  -1.77
196610  -5.13
196611   5.73
196612   1.07
196701  -6.75
196702   3.56
196703   1.43
196704   0.62
196705   0.59
196706   6.04
196707  -1.09
196708  -1.41
196709   2.55
196710   3.66
196711   1.29
196712   3.23
196801  -4.64
196802  -3.40
196803   3.18
196804   5.15
196805   3.73
196806  -1.92
196807  -0.85
196808   1.88
196809  -0.66
196810  -1.52
196811   1.73
196812   0.11
196901  -0.15
196902  -2.45
196903   3.95
196904   1.17
196905   1.68
196906  -2.23
196907   1.64
196908   2.13
196909   2.53
196910  -4.33
196911   3.60
196912   5.04
197001   0.63
197002   0.12
197003  -0.29
197004  -0.73
197005  -2.69
197006   5.78
197007  -2.94
197008  -6.50
197009  -8.92
197010   9.61
197011   2.88
197012  -2.21
197101  -6.59
197102   0.81
197103  -1.22
197104   1.31
197105   0.88
197106   2.70
197107  -2.37
197108   3.51
197109   2.09
197110   0.46
197111   1.47
197112  -0.68
197201   0.24
197202   2.70
197203   2.91
197204   2.90
197205   3.18
197206   1.93
197207   2.75
197208  -5.34
197209   1.75
197210   0.75
197211  -5.14
197212   4.98
197301   3.72
197302   2.12
197303   3.62
197304   6.40
197305   7.08
197306   4.31
197307 -11.67
197308   3.42
197309  -7.02
197310   6.74
197311   8.63
197312  10.38
197401  -8.81
197402   0.13
197403  -0.98
197404   2.00
197405  -0.25
197406   2.38
197407   3.02
197408   3.00
197409   4.32
197410  -0.49
197411   2.17
197412   2.94
197501 -13.86
197502  -0.58
197503  -1.99
197504   1.33
197505  -0.47
197506   0.05
197507   0.43
197508  -0.13
197509   0.32
197510  -0.14
197511  -0.45
197512  -0.12
197601   4.46
197602   0.36
197603   0.19
197604   0.50
197605  -1.11
197606  -0.43
197607  -0.11
197608  -0.85
197609   0.24
197610  -0.48
197611   2.88
197612   0.78
197701   3.97
197702   0.38
197703   0.48
197704   4.24
197705   2.03
197706   1.78
197707   0.31
197708  -1.78
197709   2.05
197710  -0.12
197711   2.21
197712   1.56
197801  -0.72
197802   1.91
197803   1.37
197804   0.84
197805   2.85
197806   2.78
197807   4.23
197808   2.85
197809  -3.13
197810  -8.38
197811   5.52
197812   3.05
197901  -1.27
197902  -1.05
197903   2.88
197904   0.79
197905  -0.26
197906   0.84
197907  -1.09
197908  -0.25
197909   5.32
197910   2.15
197911   7.95
197912   4.77
198001   7.50
198002   7.86
198003  -9.58
198004  -0.42
198005  -1.12
198006   1.59
198007   0.37
198008   3.20
198009   5.43
198010   7.33
198011  15.24
198012  -6.65
198101  -7.94
198102  -1.39
198103   0.74
198104  -0.96
198105   3.75
198106  -5.91
198107  -2.52
198108  -1.12
198109   1.98
198110   4.08
198111  -0.26
198112   1.31
198201   1.73
198202   5.00
198203   2.93
198204  -0.41
198205   2.55
198206   4.99
198207   4.47
198208  -3.52
198209   4.17
198210   0.03
198211   5.89
198212   0.02
198301  -1.70
198302   3.83
198303   0.93
198304   1.81
198305  -1.59
198306   1.78
198307  -3.13
198308  -5.63
198309  -0.11
198310  -4.56
198311  -0.08
198312   0.77
198401  -2.49
198402   0.19
198403   1.10
198404   2.05
198405   1.53
198406  -0.70
198407   2.93
198408  -5.68
198409   3.69
198410   3.22
198411   1.70
198412   1.53
198501  -6.91
198502   1.82
198503   1.68
198504   3.06
198505   4.00
198506   3.63
198507  -3.94
198508   1.82
198509   1.48
198510   4.87
198511  -0.41
198512  -0.13
198601   2.96
198602   2.77
198603   2.46
198604  -0.50
198605   2.02
198606   5.15
198607   1.80
198608  -5.01
198609  -5.86
198610   2.69
198611  -0.32
198612   0.40
198701   2.09
198702  -2.17
198703   1.59
198704   0.25
198705  -0.69
198706  -0.20
198707   2.67
198708  -0.87
198709   0.71
198710  -7.86
198711  -1.15
198712   5.84
198801  -7.58
198802  -1.54
198803   0.63
198804   2.25
198805   0.64
198806  -2.91
198807   0.63
198808   0.33
198809   0.24
198810   1.31
198811   0.42
198812   0.42
198901  -0.14
198902   0.93
198903   3.54
198904   1.70
198905   1.57
198906   0.66
198907   5.44
198908  -0.14
198909   3.41
198910   1.37
198911   2.58
198912   2.81
199001  -3.28
199002  -0.52
199003   1.65
199004   2.40
199005   3.05
199006   2.42
199007   5.93
199008   1.79
199009   5.53
199010   6.74
199011  -5.60
199012   0.16
199101  -6.51
199102  -4.72
199103   2.81
199104  -2.40
199105  -0.10
199106   0.46
199107   4.32
199108   1.62
199109   1.73
199110   3.21
199111   1.27
199112   8.28
199201  -2.46
199202  -0.59
199203  -0.36
199204  -2.60
199205   0.10
199206  -0.60
199207   1.43
199208  -0.52
199209   1.43
199210   2.71
199211  -0.33
199212   4.47
199301   4.83
199302   3.10
199303   3.74
199304   0.33
199305   0.29
199306   4.58
199307   3.24
199308   2.58
199309   3.41
199310  -2.67
199311  -4.71
199312   2.29
199401   0.01
199402  -0.29
199403  -1.32
199404   0.41
199405  -2.15
199406  -0.83
199407   0.19
199408   1.54
199409   1.32
199410   1.42
199411  -0.20
199412   3.50
199501  -1.82
199502  -0.35
199503   0.36
199504   1.83
199505  -0.44
199506   2.89
199507   2.54
199508   0.09
199509   2.71
199510   4.12
199511  -0.64
199512   2.53
199601   0.57
199602   0.58
199603  -1.88
199604  -0.91
199605   1.57
199606   1.00
199607  -0.11
199608  -0.01
199609   2.69
199610   3.92
199611  -2.22
199612   0.61
199701   1.95
199702  -2.04
199703   0.96
199704   4.92
199705  -5.16
199706   2.62
199707   3.81
199708  -2.55
199709   1.44
199710  -0.39
199711   0.30
199712   3.97
199801   0.10
199802  -1.13
199803   2.15
199804   0.77
199805   1.87
199806   7.28
199807   3.68
199808   1.90
199809  -0.71
199810  -5.36
199811   1.16
199812   9.06
199901   3.05
199902  -0.13
199903  -1.29
199904  -9.08
199905  -5.28
199906   4.88
199907   1.58
199908   3.00
199909   6.45
199910   5.49
199911   5.68
199912  13.21
200001   1.88
200002  18.38
200003  -6.80
200004  -8.52
200005  -9.06
200006  16.50
200007  -0.12
200008   5.70
200009   2.15
200010  -4.63
200011  -2.44
200012   6.73
200101 -25.01
200102  12.48
200103   8.38
200104  -8.12
200105   2.17
200106   0.34
200107   5.50
200108   5.54
200109  11.55
200110  -8.38
200111  -8.57
200112  -0.03
200201   3.76
200202   6.79
200203  -1.65
200204   7.98
200205   3.04
200206   6.14
200207   3.38
200208   1.75
200209   9.15
200210  -5.46
200211 -16.28
200212   9.62
200301   1.58
200302   1.25
200303   1.52
200304  -9.42
200305 -10.76
200306  -1.02
200307  -0.29
200308  -0.54
200309  -0.19
200310   3.75
200311   1.63
200312  -5.69
200401   2.59
200402  -1.10
200403   0.20
200404  -5.36
200405   1.65
200406   2.07
200407  -2.30
200408  -1.50
200409   5.26
200410  -1.49
200411   3.22
200412  -2.83
200501   3.12
200502   3.21
200503   0.54
200504  -0.81
200505   0.39
200506   2.06
200507   0.04
200508   2.24
200509   3.50
200510  -1.31
200511   0.35
200512   0.74
200601   2.76
200602  -1.82
200603   1.24
200604   0.66
200605  -3.70
200606   1.49
200607  -2.19
200608  -3.47
200609  -0.93
200610  -0.26
200611  -1.03
200612   0.84
200701   0.24
200702  -1.33
200703   2.47
200704  -0.16
200705  -0.27
200706   0.30
200707   2.79
200708   0.09
200709   4.64
200710   4.87
200711   0.90
200712   6.54
200801  -7.81
200802   6.11
200803   4.08
200804  -0.20
200805   3.22
200806  12.45
200807  -5.20
200808  -4.05
200809   0.33
200810   7.78
200811   7.22
200812  -5.05
200901  -1.92
200902   4.17
200903 -11.53
200904 -34.58
200905 -12.33
200906   5.31
200907  -5.41
200908  -8.90
200909  -5.00
200910   2.64
200911   0.32
200912   2.94
201001  -5.36
201002   3.61
201003   3.68
201004   3.21
201005  -0.19
201006  -2.98
201007   1.94
201008  -0.15
201009   1.36
201010   1.25
201011   2.51
201012  -3.19
201101  -0.33
201102   2.07
201103   3.55
201104   0.07
201105  -0.59
201106   1.75
201107   0.03
201108  -0.30
201109  -2.58
201110  -1.45
201111   3.98
201112   1.87
201201  -7.95
201202  -0.28
201203   1.49
201204   3.84
201205   6.64
201206  -1.13
201207   3.06
201208  -2.44
201209  -1.03
201210   0.12
201211   0.35
201212  -2.92
201301  -1.91
201302   1.37
201303   1.95
201304   0.28
201305  -1.92
201306   0.63
201307   1.76
201308   0.05
201309   2.98
201310   0.14
201311   0.45
201312   0.06
201401   1.65
201402   2.09
201403  -3.25
201404  -3.90
201405   1.02
201406   0.70
201407  -0.26
201408   0.77
201409   0.49
201410   0.07
201411   1.02
201412   1.04
201501   3.76
201502  -2.88
201503   3.02
201504  -7.41
201505   5.92
201506   3.05
201507  10.24
201508  -2.16
201509   5.25

Annual Factors:
January-December 
           Mom   
  1927  23.23
  1928  28.21
  1929  20.73
  1930  25.75
  1931  23.96
  1932 -21.25
  1933  20.04
  1934  17.32
  1935  22.47
  1936   5.89
  1937  -4.36
  1938  -1.69
  1939   0.88
  1940   5.80
  1941   9.14
  1942 -15.52
  1943  14.24
  1944  10.92
  1945  15.55
  1946   5.31
  1947  13.84
  1948  11.86
  1949   0.36
  1950  15.39
  1951  11.62
  1952   9.01
  1953  16.32
  1954  10.34
  1955  14.05
  1956  19.04
  1957   9.90
  1958  -9.56
  1959  19.23
  1960  17.19
  1961  10.75
  1962  11.97
  1963  11.66
  1964   4.66
  1965  20.56
  1966  10.46
  1967  22.48
  1968   2.25
  1969   9.89
  1970  -3.25
  1971   3.55
  1972  15.57
  1973  29.26
  1974   8.32
  1975 -18.88
  1976   7.39
  1977  17.86
  1978  12.07
  1979  27.00
  1980  37.10
  1981  -8.32
  1982  34.69
  1983 -10.14
  1984   9.15
  1985  14.81
  1986   8.38
  1987  -3.68
  1988  -5.46
  1989  28.10
  1990  17.65
  1991  14.79
  1992   3.15
  1993  23.72
  1994   3.19
  1995  17.62
  1996   6.74
  1997  11.96
  1998  23.39
  1999  34.66
  2000  14.98
  2001   4.31
  2002  25.65
  2003 -24.47
  2004  -0.33
  2005  14.95
  2006  -7.74
  2007  21.54
  2008  13.19
  2009 -82.91
  2010   5.68
  2011   7.21
  2012   1.56
  2013   7.94
  2014   1.38

Copyright 2015 Kenneth R. French
