This file was created using the 201509 Bloomberg database. It contains
value- and equal-weighted returns for the intersections of 2 ME portfolios
and 3 prior return portfolios in Global.

The portfolios are constructed monthly.  ME is market cap at the end of the
previous month.  Prior return is from -12 to - 2.

Missing data are indicated by -99.99.



  Average Value Weighted Returns -- Monthly
               Small                 Big
          Low     2    High    Low     2    High
199011   0.49  -3.62  -3.81  -4.96  -4.01  -1.31
199012   0.39   0.48  -0.16   4.91   1.63  -0.53
199101   2.43  -0.25   0.99   4.29   3.32   2.28
199102  19.24  11.98  10.63  13.88   8.78   6.73
199103   0.86  -0.30   2.53  -3.02  -2.79  -1.13
199104   1.37   1.57   1.76   1.35   1.18   0.68
199105  -0.48   0.22   1.47   1.32   1.34   1.20
199106  -4.92  -3.68  -4.16  -6.57  -6.26  -4.79
199107   0.56   1.60   4.05   2.23   3.45   6.15
199108  -3.08  -1.20   1.64  -1.71  -1.40   0.12
199109   3.79   4.52   5.33   2.75   3.37   3.51
199110   0.68   1.63   2.93   1.04   1.36   3.11
199111  -4.94  -3.42  -3.88  -5.77  -4.58  -4.34
199112   2.00   3.70   6.04   4.95   7.89   6.88
199201   0.47   0.75   3.29  -0.65  -2.48  -2.85
199202   0.04  -0.19   0.65  -2.55  -2.05  -0.42
199203  -6.30  -3.67  -4.31  -5.34  -5.00  -5.01
199204  -2.97  -2.08  -0.98   1.48  -0.08   0.19
199205   6.32   5.81   4.66   3.93   4.16   5.03
199206  -5.65  -2.14  -2.20  -5.64  -2.55  -2.91
199207  -4.81  -1.99  -1.38   0.12   0.50  -1.43
199208   2.00   1.26  -0.44   6.96   1.73   2.14
199209  -3.13  -0.61  -0.21  -2.78  -0.58  -0.40
199210  -4.27  -4.34  -1.71  -3.19  -3.05  -2.16
199211   1.37   0.16   3.19   2.41   2.01   2.06
199212   2.05   2.42   3.19  -0.32   1.15   1.33
199301   1.36   2.15   4.27  -0.87   0.41   1.45
199302   1.69   2.45   1.82   0.74   3.06   1.91
199303   9.29   7.07   7.36   5.78   6.91   7.83
199304   7.33   6.33   4.32   4.49   4.04   5.27
199305   7.83   6.43   6.34   2.46   1.92   4.75
199306  -3.73  -2.92  -0.78  -3.36  -1.72  -0.89
199307   0.87   1.09   1.97   1.24   2.24   4.60
199308   5.39   5.03   5.65   4.25   4.45   4.78
199309  -0.33  -0.04   0.29  -2.46  -1.56  -2.29
199310   0.70   0.22   1.42   1.87   1.47   0.76
199311  -3.68  -5.47  -6.89  -2.69  -6.88  -8.84
199312   3.72   4.41   5.67   3.18   4.61   4.80
199401  10.00   9.30   9.67   6.55   6.38  10.04
199402   1.00   1.04   0.88  -1.71  -1.35  -0.24
199403  -1.25  -1.95  -3.29  -2.67  -3.85  -3.80
199404   2.55   3.00   2.64   2.83   3.16   1.58
199405  -0.18  -0.46  -1.43  -0.02   0.44  -0.37
199406   1.28   0.89  -0.50   0.11  -0.02   1.47
199407   0.16   0.89   1.62   2.14   2.09  -0.59
199408   2.31   1.97   2.09   1.83   2.57   3.12
199409  -1.47  -1.46  -0.18  -3.26  -2.54  -2.17
199410   0.27   0.83   1.62   2.17   2.64   3.17
199411  -5.56  -5.39  -4.93  -3.84  -4.82  -5.69
199412  -0.48   1.70   1.99   0.68   1.48   1.37
199501  -0.99  -1.48  -2.57  -1.98  -1.38  -2.77
199502   0.67   0.36   1.22   0.52   1.17   0.99
199503   2.32   3.07   3.99   6.43   4.83   3.78
199504   1.93   1.94   2.39   2.55   2.83   4.18
199505  -0.56  -0.01   0.25  -0.17   0.51   0.64
199506   0.33   0.40   4.04  -0.08  -0.82   1.97
199507   4.59   4.58   6.23   5.11   4.67   4.74
199508   0.60  -0.14   0.72  -0.94  -1.97  -1.42
199509  -0.88   0.90   3.15   0.76   2.11   3.07
199510  -4.29  -2.23  -2.57  -3.81  -0.83  -0.75
199511   1.08   1.92   2.72   3.45   3.42   2.58
199512   3.54   3.27   2.97   3.27   3.14   1.69
199601   2.17   1.55   1.47   1.27   1.72   1.14
199602   1.98   1.95   3.11   0.99   0.44   1.42
199603   1.38   2.33   2.36   2.11   1.47   1.54
199604   5.41   4.85   7.30   4.50   2.23   2.69
199605   1.96   1.61   3.99  -0.34   0.42   0.71
199606  -1.95  -0.79  -2.61  -0.86   0.57  -0.03
199607  -4.00  -4.03  -7.62  -3.66  -3.39  -4.98
199608   1.77   1.60   3.97   0.44   1.26   1.62
199609   0.01   1.22   1.86   3.07   3.39   4.94
199610  -1.31  -0.08  -0.02  -2.51   0.95   1.02
199611   2.01   2.22   1.31   4.56   5.53   5.08
199612  -1.58  -0.72  -0.89  -1.80  -1.15  -1.21
199701  -0.31  -0.94   0.38  -2.05   0.60   2.51
199702  -0.40   1.00  -0.63   1.22   1.66  -1.02
199703  -4.57  -2.93  -2.77  -2.89  -1.28  -2.82
199704  -3.09  -1.19  -0.99  -0.58   2.17   5.62
199705  11.73   8.43   8.79   8.74   6.28   7.30
199706   2.05   3.88   3.67   4.80   4.15   4.98
199707  -2.34   0.10   3.96   1.16   3.26   7.61
199708  -1.61  -1.02   1.70  -3.08  -5.76  -6.78
199709   0.39   3.24   6.93   2.94   4.72   7.70
199710  -2.93  -3.07  -5.73  -5.64  -4.85  -5.58
199711  -8.21  -3.46  -2.69   0.42   2.56   0.04
199712  -6.73  -1.48   0.64  -1.08   1.73   1.85
199801   6.92   1.07  -0.19   1.83   1.85   3.18
199802   8.13   6.29   7.39   8.43   7.02   5.77
199803   0.91   3.53   5.40   3.87   4.87   4.00
199804   0.61   0.94   2.11   1.51   0.66   1.68
199805  -3.13  -1.89  -2.36  -2.25  -0.94  -0.69
199806  -3.94  -2.22  -0.36  -1.37   2.21   4.36
199807  -5.13  -3.40  -2.35  -2.73  -0.87   2.02
199808 -16.31 -12.12 -15.31 -13.40 -13.42 -13.90
199809   0.81   0.26   3.01   4.74   0.77   1.70
199810   7.94   5.46   5.50  10.96   9.55   6.57
199811   4.44   3.85   6.15   5.95   4.88   5.45
199812   0.67   3.06   5.43  -0.56   3.37   9.46
199901   0.13  -1.01   4.39   0.73  -0.76   5.92
199902  -3.91  -3.68  -2.22  -0.84  -2.32  -4.48
199903   4.48   1.47   3.71   7.56   3.07   3.57
199904  10.48   5.76   6.71  10.51   5.69   0.35
199905   1.30   0.06   0.29  -2.54  -3.58  -3.10
199906   4.42   6.14  11.08   1.96   3.81   6.97
199907   1.07   1.96   4.09  -0.28  -0.57   0.48
199908  -1.21  -0.17   5.53  -0.66  -0.14   1.15
199909  -0.66   0.51   3.26  -3.53  -0.84   1.88
199910  -2.68  -1.44   3.03   2.74   5.00   6.77
199911  -0.27   0.25   8.73  -1.57   0.71  11.92
199912   2.12   2.71   9.56   0.30   3.09  17.07
200001  -2.36  -1.42   1.88  -7.01  -5.07  -5.70
200002   0.16   2.04  16.68  -6.01  -2.69  13.23
200003   6.85   3.81  -4.38   9.53   9.78  -2.84
200004  -4.60  -3.92 -15.73   0.83  -4.56  -9.21
200005   1.51   1.45  -6.54   3.96  -0.29  -9.81
200006   5.02   4.58  12.06   0.46   1.88   6.89
200007  -2.31  -2.11  -6.05  -2.76  -0.94  -4.88
200008   2.20   3.86   9.57   3.35   2.26   8.28
200009  -4.31  -2.47  -4.47  -2.78  -1.05  -9.90
200010  -6.54  -4.30  -9.27   3.13  -1.34  -7.23
200011  -5.04  -1.84 -10.09  -5.08  -3.53 -14.19
200012   2.14   4.15   5.24  -0.53   2.49   2.89
200101  11.86   2.33   1.25  11.11  -0.62  -5.29
200102  -8.30  -1.05  -2.71 -15.14  -6.41  -3.77
200103 -10.11  -4.48  -4.70 -10.48  -6.36  -5.11
200104   9.98   7.02   7.80  12.57   5.88   4.77
200105   0.88   2.02   2.80  -4.48   0.97   0.62
200106  -3.07   0.80   1.79  -4.70  -2.29  -0.67
200107  -7.38  -1.80  -2.44  -3.33  -1.22  -0.65
200108  -4.82   0.91   0.54  -8.66  -2.45  -0.81
200109 -20.29 -10.44  -9.88 -14.67  -6.33  -6.64
200110  11.27   3.46   4.08   5.20   0.45   0.78
200111  11.62   3.16   2.40  10.53   3.69   1.96
200112   2.12   0.40   1.60  -1.26   1.78   2.12
200201  -3.88  -1.48   0.11  -4.66  -2.82  -1.85
200202  -3.78   1.89   1.45  -3.54   0.72   1.32
200203   7.88   5.48   5.95   5.87   4.30   3.58
200204  -0.62   3.20   3.08  -6.66  -1.90   1.24
200205  -0.71   3.16   2.34  -0.58   0.69   1.27
200206  -7.99  -1.97  -0.65  -7.99  -4.62  -2.41
200207 -12.87  -7.97  -8.48  -9.55  -7.93  -7.66
200208  -2.39   0.15   0.71  -0.50   1.25   0.61
200209 -13.12  -5.98  -4.79 -15.01  -9.12  -5.72
200210   2.87  -0.17   1.47  10.46   4.68   3.28
200211  13.19   3.08   2.52  10.16   2.83   0.02
200212  -6.98  -0.18   1.96  -9.04  -2.92   0.65
200301  -1.89  -0.91   0.55  -2.20  -3.63  -1.50
200302  -3.17  -0.94   0.34  -3.31  -1.33  -0.37
200303  -1.16   0.19   0.56  -1.19   0.25   0.26
200304  14.32   7.40   6.30  13.25   7.59   5.26
200305  15.11   7.76   7.73   9.34   4.87   5.93
200306   6.61   3.87   3.53   3.49   1.47   1.02
200307   6.34   3.19   4.09   3.44   1.51   1.03
200308   6.64   4.22   5.77   3.28   1.92   2.20
200309   4.11   3.97   4.31   1.19   0.85   0.92
200310   5.17   5.88   9.14   4.19   5.18   9.35
200311   1.44   2.16   1.81   1.90   1.56   1.83
200312   5.08   4.45   4.90   7.03   5.44   3.30
200401   3.71   4.29   7.30   1.56   1.89   3.35
200402   1.96   2.32   2.08   2.04   2.22   1.37
200403   3.32   3.70   2.54  -1.02  -0.35   0.90
200404  -2.57  -2.66  -4.34  -0.19  -2.95  -4.55
200405  -0.52  -0.16  -0.70   0.71   1.09   0.64
200406   3.07   4.82   5.05   1.83   1.93   4.00
200407  -5.13  -3.65  -5.58  -3.00  -3.01  -6.05
200408  -0.60   0.49  -0.01   0.79   0.12   0.95
200409   2.65   3.24   4.33   0.79   2.16   4.41
200410   3.01   3.35   3.15   3.26   2.18   2.53
200411   7.31   7.07   8.42   4.16   5.42   6.66
200412   4.28   4.15   4.64   4.24   4.35   2.63
200501  -1.67   0.56   1.49  -2.91  -1.51  -1.03
200502   2.06   3.27   4.87   2.10   3.46   4.35
200503  -3.03  -1.13  -1.50  -1.92  -1.79  -1.47
200504  -4.70  -2.66  -2.97  -2.39  -1.60  -3.56
200505   1.19   0.37   1.27   1.87   1.35   2.44
200506   2.62   3.24   4.08   0.23   0.88   4.02
200507   4.52   3.95   5.53   3.58   3.22   4.63
200508   0.67   1.88   3.43   0.24   1.09   3.75
200509   0.67   2.12   3.48   0.95   2.71   4.85
200510  -2.91  -1.65  -2.66  -1.20  -2.50  -3.93
200511   2.59   3.08   3.72   2.90   3.34   3.47
200512   2.86   4.56   6.32   1.93   2.82   3.63
200601   6.88   6.75   9.30   2.56   4.32   7.92
200602  -0.17  -0.11  -0.86   0.91   0.24  -1.94
200603   3.22   4.04   5.79   2.24   2.28   4.00
200604   2.71   3.20   4.73   2.63   3.35   3.69
200605  -4.64  -4.89  -6.57  -1.63  -4.03  -6.03
200606  -2.02  -1.16  -2.55  -0.20   0.08  -0.05
200607  -2.81  -1.38  -2.32   0.11   1.45  -1.28
200608   3.16   2.51   2.70   3.02   3.17   0.86
200609  -0.18   0.12  -0.22   1.63   1.05   0.84
200610   3.72   3.69   5.26   4.20   3.33   3.85
200611   2.77   2.90   3.76   3.09   2.22   2.91
200612   1.22   2.06   2.47   1.53   2.40   2.99
200701   1.96   1.92   2.81   0.92   1.48   1.40
200702   1.05   1.75   1.28  -0.18  -0.28  -0.63
200703   1.26   2.27   3.79   1.90   2.01   2.70
200704   2.28   2.72   5.76   4.90   4.45   3.18
200705   1.86   2.11   3.33   3.24   2.69   3.21
200706   0.06   0.58   1.23   0.14  -0.97  -0.27
200707  -3.02  -1.10  -0.21  -2.51  -2.51  -0.45
200708  -3.08  -3.47  -4.85  -0.53  -0.03  -0.70
200709   0.59   2.24   5.68   2.84   5.21   7.43
200710   2.06   3.58   6.13   1.41   4.05   4.87
200711  -7.73  -6.04  -8.46  -4.94  -2.92  -4.64
200712  -2.73  -1.36  -1.37  -4.27  -0.33  -0.13
200801  -6.64  -7.60 -10.86  -4.87  -7.44  -9.87
200802   0.29   1.91   3.84  -3.81  -0.22   2.66
200803  -2.70  -0.68  -2.05  -1.67  -0.43  -1.39
200804   3.19   2.41   2.95   6.62   4.17   6.28
200805   2.91   2.79   3.71  -1.30   2.06   3.49
200806 -11.53  -6.45  -3.74 -14.19  -8.34  -3.55
200807  -2.06  -1.56  -4.08   0.47  -1.18  -6.29
200808  -0.86  -2.07  -4.43   0.10  -1.55  -3.64
200809 -14.73 -11.83 -13.70 -13.34  -9.68 -14.50
200810 -27.39 -20.07 -20.48 -24.17 -18.36 -16.08
200811 -11.39  -7.65  -5.18  -9.13  -4.98  -6.34
200812   8.00   6.98   6.44   5.68   4.31   2.69
200901  -6.13  -6.47  -7.75  -9.99  -8.80  -8.11
200902 -11.20  -9.82  -8.92 -11.99  -9.74  -9.47
200903  12.27   5.65   3.59  12.95   7.70   3.98
200904  30.11  12.35   5.15  25.69  10.28   2.88
200905  19.40  11.44   7.53  14.97   8.88   6.32
200906   0.72   2.18   2.21  -2.68  -0.55   1.22
200907  10.11   7.25   7.32  10.31   8.43   7.62
200908   8.77   4.53   2.69   7.61   3.33   0.91
200909   8.29   4.86   4.56   4.86   3.97   4.09
200910  -3.35  -2.10  -2.42  -4.06  -1.31  -1.36
200911   0.48   0.57   1.92   3.93   3.85   4.17
200912   2.58   2.05   3.86   0.41   2.54   3.22
201001  -0.74  -0.64  -1.66  -2.38  -4.28  -5.91
201002   0.54   1.08   1.96   0.32   1.44   2.10
201003   5.33   6.36   8.35   4.47   5.92   9.97
201004   2.89   3.87   4.82  -0.26  -0.18   1.02
201005  -9.82  -9.28 -10.31  -9.42  -9.42 -10.05
201006  -3.48  -1.87  -4.11  -3.15  -2.42  -4.80
201007   6.89   6.60   8.03   9.84   6.95   9.09
201008  -5.90  -3.95  -3.44  -4.72  -3.48  -3.05
201009  10.54  10.34  12.25   9.00   9.56  11.24
201010   3.35   3.60   4.01   4.11   3.79   4.52
201011  -2.30  -0.45   2.21  -4.23  -2.28   0.26
201012   9.85   9.52   9.50   8.07   6.98   6.97
201101   0.96   1.36   1.02   4.26   1.49   0.73
201102   2.61   3.59   4.48   2.84   3.98   3.60
201103  -0.34   0.31   0.71  -1.87  -0.36   0.01
201104   2.42   3.25   4.41   3.93   4.94   4.60
201105  -3.42  -2.03  -2.21  -1.85  -2.06  -2.52
201106  -2.88  -0.91  -1.97  -2.50  -1.24  -0.44
201107  -2.16  -0.40   0.29  -2.36  -2.02  -0.98
201108  -8.64  -6.39  -8.26  -7.63  -6.10  -9.90
201109 -10.84  -8.79 -12.41  -8.13  -8.08 -11.84
201110  10.28   7.91   9.28  11.55   9.48  10.40
201111  -6.11  -3.05  -2.56  -5.44  -1.98  -0.77
201112  -1.68  -0.60  -0.42  -2.06   0.05   0.50
201201  11.18   6.56   6.09  10.49   4.44   2.50
201202   5.45   3.83   3.85   6.87   4.05   5.05
201203  -0.53   1.35   1.85  -0.20   1.17   2.29
201204  -3.35  -0.68   0.40  -3.93  -0.80   0.59
201205 -12.68  -8.09  -8.00 -13.37  -8.72  -5.84
201206   3.71   3.83   3.68   6.08   5.11   4.13
201207  -2.45  -0.33   1.13  -1.43   1.53   2.37
201208   3.38   2.33   2.67   4.41   2.47   2.09
201209   4.70   3.60   3.98   4.21   2.52   2.52
201210  -1.25  -0.91   0.57   0.64  -0.43  -1.04
201211   0.05   0.53   0.90   0.48   1.34   2.21
201212   5.23   3.25   3.76   3.68   1.76   1.56
201301   5.65   5.04   6.46   5.55   5.74   4.61
201302  -1.14   1.15   1.49  -2.41   0.87   0.96
201303   0.27   3.02   4.50   0.94   2.20   3.40
201304  -0.30   2.34   3.72   2.44   3.10   4.07
201305  -1.31  -1.04  -0.24   0.77  -0.37   1.92
201306  -2.95  -1.41  -1.73  -3.52  -2.11  -2.39
201307   5.33   5.25   6.90   5.23   5.11   6.90
201308  -0.07  -0.84  -0.98  -0.91  -2.41  -2.61
201309   5.67   7.18   9.34   4.07   5.33   7.12
201310   1.65   3.56   2.65   3.79   4.10   3.62
201311   0.20   1.95   3.00   1.12   1.87   2.80
201312   1.47   1.79   2.56   1.75   2.07   2.92
201401  -1.21  -1.20  -0.81  -4.27  -3.78  -2.11
201402   3.47   3.61   5.28   4.73   4.98   6.08
201403   0.55   1.26  -0.40   1.17   0.93  -2.49
201404  -0.34  -1.03  -2.92   2.87   0.58  -1.65
201405   0.58   1.10   0.60   1.31   2.03   2.19
201406   4.31   3.56   3.88   1.43   1.86   2.18
201407  -3.74  -2.59  -2.50  -1.71  -2.01  -1.96
201408   1.17   1.41   1.88   2.16   1.67   2.23
201409  -6.53  -5.10  -5.07  -3.14  -2.74  -2.46
201410  -0.10  -0.05  -1.23  -0.44   1.25  -0.22
201411  -0.91  -0.51  -0.38   1.70   1.65   2.47
201412  -0.96   0.29   0.47  -2.36  -1.16  -1.67
201501  -4.75  -1.09  -0.01  -4.05  -1.85   0.21
201502   7.14   4.89   5.72   7.66   5.56   5.22
201503  -1.24   0.13   1.60  -2.16  -1.16  -0.85
201504   5.19   3.24   3.80   5.45   2.47   0.21
201505  -0.70   0.98   3.72  -1.87   0.76   2.19
201506  -1.55   0.03  -0.10  -3.41  -2.24  -1.20
201507  -3.91  -0.36  -1.00  -1.31   2.47   2.64
201508  -4.81  -3.79  -5.73  -6.09  -6.44  -6.22
201509  -6.94  -2.75  -3.00  -6.29  -2.72  -3.29



  Average Equal Weighted Returns -- Monthly
               Small                 Big
          Low     2    High    Low     2    High
199011  -0.19  -2.37  -1.96  -3.78  -4.72  -4.77
199012  -1.47   0.09  -0.15   2.92   1.27  -1.51
199101   4.29   0.37   1.48   4.10   1.47   1.38
199102  16.31   9.77   9.38  15.47  10.80   7.72
199103   3.42   0.67   4.24  -2.21  -2.20  -0.54
199104   1.26   1.84   2.13   0.69   1.05   0.74
199105  -0.62   0.19   1.76   1.05   1.13   1.02
199106  -4.43  -3.02  -3.33  -6.15  -5.55  -4.23
199107   1.59   2.76   4.39   1.57   2.84   5.03
199108  -1.12  -0.18   2.06  -3.02  -2.15  -0.54
199109   3.58   3.87   6.27   3.39   4.76   4.78
199110   0.70   1.71   4.05   0.90   1.25   1.79
199111  -2.12  -1.82  -1.18  -6.24  -4.81  -5.04
199112   0.50   2.83   4.14   4.19   6.20   7.80
199201   4.04   2.96   6.23  -0.64  -0.59   0.45
199202   2.25   1.60   3.13  -1.46  -0.83  -0.41
199203  -4.56  -2.21  -2.50  -5.46  -4.86  -4.66
199204  -0.75  -1.06  -0.59  -0.42  -0.69  -0.73
199205   5.79   5.57   3.91   5.01   5.46   5.13
199206  -3.90  -0.96  -1.37  -5.24  -2.95  -2.66
199207  -3.16  -1.28   0.48  -3.75  -1.11  -1.88
199208  -0.49   0.29  -1.02   2.75   2.62   2.23
199209  -3.61  -1.58  -0.94  -4.31  -1.10   0.01
199210  -4.27  -5.23  -1.79  -2.41  -3.48  -2.20
199211   1.37  -0.09   3.27   1.31   1.66   1.67
199212   3.46   2.49   6.28   0.38   1.16   1.88
199301   4.77   3.46   7.02   1.27   0.82   2.20
199302   3.38   3.29   3.34   1.82   2.52   1.55
199303   8.05   7.26   8.37   8.20   6.69   7.94
199304   7.42   6.10   6.49   7.08   5.34   4.29
199305   7.34   6.49   5.86   3.64   3.41   4.46
199306  -2.17  -2.36   1.53  -4.14  -2.30  -1.29
199307   2.27   2.03   3.26   1.85   2.45   3.13
199308   5.76   5.82   5.27   4.80   4.82   5.75
199309   0.52   0.89   0.08  -2.28  -1.16  -0.51
199310   2.31   1.74   3.94   0.45   0.55  -0.14
199311  -1.60  -3.03  -3.75  -4.84  -6.13  -7.52
199312   4.07   4.86   6.10   4.59   5.34   5.97
199401  11.26  10.02  11.92   9.92   7.13   8.38
199402   1.62   1.66   1.38  -0.31  -0.32  -0.44
199403  -1.28  -1.43  -3.09  -1.01  -2.68  -3.31
199404   1.70   2.57   1.91   2.74   2.92   2.49
199405  -0.06  -0.14  -1.14   0.11  -0.76  -1.65
199406  -0.42   0.25  -1.64   0.79   0.37  -0.03
199407   0.48   1.11   1.88   1.76   1.79   1.49
199408   1.92   1.89   1.92   2.21   2.08   2.44
199409   0.18  -0.01   0.89  -3.16  -2.43  -1.65
199410  -0.34   0.44   1.26   0.94   1.55   2.08
199411  -5.81  -4.88  -4.52  -4.53  -5.34  -5.92
199412  -1.62   0.69   1.31   0.96   1.45   1.78
199501  -0.09  -0.51  -0.98  -1.75  -1.27  -3.55
199502   0.88   1.02   1.57   0.66   1.06   1.07
199503   1.14   2.91   3.65   4.05   3.54   3.15
199504   2.30   1.86   2.33   2.61   2.58   3.35
199505   0.36   0.50   0.57  -0.45   0.04  -0.32
199506   1.12   1.46   4.03  -0.46  -0.18   2.70
199507   4.79   3.77   5.45   5.21   4.74   5.28
199508   2.21   0.66   1.96  -0.75  -1.10  -1.68
199509   0.33   1.87   3.29  -0.72   1.09   2.75
199510  -3.59  -1.36  -2.25  -3.73  -1.63  -1.08
199511  -0.26   0.91   2.32   2.10   2.36   2.30
199512   2.24   2.50   2.78   3.23   2.86   1.31
199601   3.91   2.17   3.26   1.98   1.59   0.84
199602   3.73   3.04   4.54   1.63   1.24   2.62
199603   2.31   2.64   3.21   1.29   1.60   2.47
199604   5.16   4.43   7.13   4.86   3.37   5.15
199605   4.41   3.49   6.23   0.12   0.21   0.60
199606  -2.16  -0.83  -2.66  -1.22  -0.25  -1.38
199607  -3.15  -3.12  -6.19  -4.06  -3.66  -6.01
199608   2.44   2.51   4.69   1.17   1.51   2.46
199609   0.54   1.29   1.72   1.87   2.26   3.50
199610  -0.43   1.00   1.07  -2.14   0.03  -0.81
199611   2.68   2.44   2.52   4.07   3.54   2.91
199612  -0.97  -0.05   0.37  -1.14  -0.75  -0.73
199701   2.22   0.18   2.80  -0.67  -0.78   0.21
199702   0.95   1.76   1.69  -0.01   1.10  -0.99
199703  -3.72  -2.15  -2.46  -2.92  -2.17  -2.14
199704  -3.42  -1.48  -1.97  -1.07   0.70   2.05
199705   8.70   7.05   7.07   8.69   7.04   7.92
199706   0.77   3.08   1.71   2.89   3.60   4.42
199707  -2.03   0.50   2.97   0.02   1.67   6.63
199708  -0.28   0.20   2.03  -2.63  -3.70  -3.61
199709   1.71   3.81   6.83   2.87   4.55   6.99
199710  -2.34  -2.77  -5.56  -4.62  -4.65  -5.25
199711  -8.39  -2.68  -2.36  -2.71  -0.80  -1.58
199712  -6.73  -1.62  -0.28  -2.07   0.12   1.40
199801   8.28   0.61  -0.37   2.86   2.11   1.77
199802   7.74   6.46   7.67   7.83   7.12   6.89
199803   0.81   3.13   5.71   3.64   4.73   5.92
199804   1.39   1.56   2.21   1.82   0.18   0.87
199805  -2.48  -1.87  -1.71  -2.29  -1.24  -1.25
199806  -4.82  -3.27  -2.36  -3.68  -0.09   1.10
199807  -3.93  -2.39  -1.74  -4.51  -2.42   0.32
199808 -14.74 -11.04 -14.43 -15.09 -13.18 -13.95
199809   1.05   0.61   2.46   1.96   0.69   0.88
199810   6.46   4.78   4.35  11.65   8.46   5.69
199811   5.42   3.82   6.10   4.34   3.55   4.73
199812  -0.55   1.93   3.85   0.17   3.24   8.05
199901   3.44   0.75   5.23  -0.56  -1.89   4.43
199902  -2.51  -1.95   0.51  -1.88  -3.39  -3.42
199903   3.43   1.36   3.60   6.52   2.06   4.47
199904  12.04   6.77   9.35  10.64   5.57   3.32
199905   2.92   1.02   3.37  -1.76  -1.62  -2.08
199906   3.81   6.70  10.72   2.69   3.26   7.79
199907   3.04   3.87   5.54   0.09   0.97   2.88
199908  -0.58   0.12   4.98  -1.80  -0.34   2.22
199909   1.09   0.96   3.07  -2.10  -0.81   2.52
199910  -2.32  -1.02   2.54  -0.04   0.88   5.93
199911   1.52   2.15   9.67  -1.97  -0.57  10.27
199912   4.47   3.74  10.38   1.80   4.53  13.52
200001   5.35   3.11   8.44  -6.17  -4.32  -2.27
200002   5.47   4.28  14.52  -4.57  -1.57  16.08
200003   4.85   3.79  -0.71   9.17   7.24  -5.34
200004  -6.51  -5.76 -16.79  -0.59  -2.38 -10.06
200005  -0.96   0.20  -6.34   4.54   1.01  -7.79
200006   4.79   4.93   9.54  -0.23   2.61   9.76
200007  -2.19  -1.21  -2.67  -1.69  -0.82  -6.10
200008   1.14   2.44   6.97   3.18   3.54   9.46
200009  -4.41  -1.94  -4.58  -2.84  -0.89  -5.86
200010  -7.89  -5.34  -9.02   0.40  -1.55  -6.49
200011  -5.67  -2.29  -8.59  -1.97  -1.85 -12.08
200012  -1.22   2.59   2.34   4.58   4.97   5.33
200101  15.76   3.60   4.12   9.37   0.51  -3.57
200102  -5.57  -0.61  -2.04 -10.77  -3.70  -3.11
200103 -10.57  -4.06  -4.49 -12.06  -6.28  -5.27
200104   7.11   6.36   7.47  13.63   6.86   6.17
200105   2.38   2.28   3.68  -3.04   1.49   0.81
200106  -4.13   0.40   0.53  -4.68  -1.79  -0.56
200107  -5.15  -1.51  -1.64  -6.11  -1.04  -0.44
200108  -3.51   1.59   1.34  -7.47  -0.65  -0.55
200109 -17.85  -8.86  -9.46 -18.31 -10.17  -8.04
200110   9.53   2.94   4.34   9.90   1.82   1.76
200111  10.01   2.35   2.71  10.83   4.86   1.84
200112   0.39  -1.03   1.48   0.41   1.62   2.15
200201   0.71   0.16   1.89  -4.02  -1.93  -0.96
200202  -2.77   2.21   1.91  -3.21   1.74   1.90
200203   6.21   4.57   5.83   8.93   5.20   4.28
200204  -0.71   3.27   3.90  -3.15   1.13   2.27
200205   0.62   4.54   4.64  -1.20   1.98   1.61
200206  -7.22  -0.96  -0.52 -10.31  -3.75  -2.72
200207 -10.25  -6.02  -7.26 -11.16  -8.60  -8.04
200208  -1.83  -0.09   1.13  -0.95   0.83   0.82
200209 -12.43  -6.13  -5.06 -15.78  -7.73  -5.21
200210   2.47  -0.09   1.16   7.24   2.59   2.71
200211   9.97   2.19   2.97  13.59   4.37   1.91
200212  -3.89   1.06   3.28  -8.75  -1.83   0.85
200301   0.90   1.31   2.45  -2.03  -2.31  -0.98
200302  -2.95  -0.18   0.43  -4.44  -1.18   0.17
200303  -2.63  -0.73  -0.13  -1.77   0.12   0.53
200304  12.60   6.11   5.80  13.15   8.00   6.99
200305  15.98   8.50   8.27  11.12   6.83   6.89
200306   8.33   5.86   4.19   3.99   1.53   1.74
200307   7.22   3.61   4.26   5.19   2.29   1.69
200308   8.79   5.39   7.44   5.73   3.93   4.16
200309   8.98   6.77   6.91   2.21   2.41   1.84
200310   5.63   6.25   9.01   5.14   6.14   9.84
200311   2.21   2.09   2.28   1.96   1.96   2.20
200312   3.88   4.81   5.13   6.08   4.95   3.30
200401   7.15   5.94   9.53   2.47   2.21   3.76
200402   3.17   2.49   3.26   2.63   2.78   1.70
200403   0.74   4.24   2.36   1.02   1.82   1.89
200404  -3.14  -2.30  -4.11  -1.31  -2.94  -4.57
200405  -1.95  -0.91  -2.02   0.80   0.75   1.07
200406   0.65   3.51   3.40   2.53   3.02   4.35
200407  -3.28  -2.46  -3.75  -4.17  -3.47  -5.13
200408  -1.39   0.56   0.36   0.41   0.54   0.59
200409   2.85   3.22   4.13   1.78   2.89   5.03
200410   3.29   3.73   4.25   3.61   2.95   2.37
200411   8.00   7.01   8.91   6.04   6.43   7.67
200412   3.35   4.32   4.61   4.35   4.51   3.67
200501   0.18   1.74   3.02  -2.15  -0.89   0.02
200502   3.32   4.46   5.99   2.53   3.22   4.65
200503  -3.26  -0.83  -0.84  -1.55  -1.27  -1.94
200504  -4.37  -2.32  -2.64  -4.01  -2.30  -3.17
200505  -1.28  -0.95  -0.71   1.93   1.64   2.51
200506   1.25   2.65   3.82   1.03   1.99   3.81
200507   4.43   3.79   5.35   4.02   3.64   5.19
200508   1.64   2.79   4.41   1.11   1.49   3.41
200509   1.60   2.15   3.31   0.82   2.86   4.62
200510  -3.47  -1.67  -2.53  -2.39  -2.42  -4.16
200511   0.73   2.42   2.64   3.46   3.78   3.95
200512   2.98   4.75   5.84   3.16   3.82   4.70
200601   8.08   6.80   9.81   4.59   4.93   8.65
200602   0.42   0.34   1.17   0.71   0.30  -1.34
200603   3.40   4.05   5.82   2.63   3.25   5.26
200604   4.94   4.64   6.60   2.86   3.00   4.37
200605  -4.21  -4.44  -5.82  -2.55  -4.09  -6.28
200606  -3.16  -1.41  -3.15  -0.60  -0.28  -0.65
200607  -1.84  -0.52  -0.33  -0.92  -0.31  -2.31
200608   2.44   2.58   2.76   3.94   3.04   1.67
200609  -0.73  -0.17   0.06   1.53   1.10   0.21
200610   3.36   3.69   5.54   4.13   3.50   4.60
200611   3.27   3.61   4.87   3.70   3.09   3.64
200612   1.76   2.58   3.47   1.14   2.48   2.81
200701   3.81   3.53   4.43   2.35   1.69   2.42
200702   2.09   2.40   2.25   0.83   0.78   1.09
200703   1.81   2.73   5.08   1.95   2.54   3.73
200704   3.51   4.61   7.69   3.76   4.00   4.02
200705   2.02   2.86   5.30   2.90   2.67   2.90
200706   1.69   2.49   4.24  -0.72  -0.69  -0.69
200707  -0.60   0.89   2.93  -2.90  -1.91  -0.93
200708  -5.54  -5.53  -7.60  -1.59  -1.14  -2.01
200709   1.61   2.99   6.45   2.15   3.83   6.11
200710   1.75   3.43   6.43   2.30   3.53   5.00
200711  -7.79  -5.60  -7.93  -5.99  -4.31  -6.24
200712  -3.54  -1.76  -1.68  -3.34  -1.45  -0.90
200801  -6.56  -6.68 -10.26  -5.29  -6.84  -9.25
200802   1.96   2.83   4.67  -1.88   1.63   3.37
200803  -5.13  -1.82  -3.45  -1.65  -0.67  -1.37
200804   2.34   1.66   2.76   5.45   4.37   4.89
200805   3.86   2.78   3.74   1.52   2.65   4.52
200806  -9.07  -5.15  -3.21 -13.54  -8.15  -2.87
200807  -4.87  -2.98  -4.79  -1.84  -1.88  -5.80
200808  -5.68  -4.03  -5.79   0.42  -1.26  -3.55
200809 -16.21 -11.37 -13.09 -14.02 -12.25 -15.54
200810 -28.13 -20.33 -20.30 -24.63 -21.10 -19.71
200811 -10.76  -6.61  -4.69  -9.31  -4.89  -4.81
200812   5.63   5.36   5.93   7.03   5.83   3.43
200901  -1.04  -5.40  -5.73  -8.45  -8.09  -6.16
200902  -8.02  -7.81  -6.47 -10.34  -9.67  -8.94
200903  11.63   4.72   4.27  13.61   7.33   3.93
200904  27.91  11.46   6.08  25.51  12.57   4.14
200905  24.28  14.87  10.60  14.62   9.74   6.11
200906   2.36   2.57   2.34  -1.11   0.20   1.18
200907   8.93   6.41   6.45  10.93   8.20   6.62
200908  10.99   4.92   3.56   8.42   4.05   2.17
200909   8.92   5.43   5.28   6.62   4.69   4.46
200910  -0.57  -0.15  -0.49  -3.97  -2.50  -2.54
200911   0.32   0.82   2.01   2.65   3.08   4.00
200912   0.11   0.61   1.79   1.65   2.64   4.14
201001   0.61   0.80   0.19  -1.78  -2.74  -3.90
201002  -0.91   0.15   1.20   0.76   1.75   2.59
201003   3.90   5.92   7.77   4.95   6.62   9.34
201004   3.61   4.42   5.84   0.88   1.34   2.51
201005 -10.95  -9.83 -11.48  -9.56  -8.88 -10.01
201006  -3.04  -1.11  -3.07  -2.87  -2.07  -4.89
201007   7.50   6.88   8.11   8.48   7.58   8.96
201008  -3.88  -2.70  -2.70  -4.91  -3.67  -3.15
201009  11.00   9.78  12.42  10.34  10.53  11.81
201010   4.17   4.01   4.85   3.77   3.74   4.36
201011  -2.54  -0.65   1.52  -3.76  -1.22   1.08
201012   9.21   9.12  10.23   9.52   7.63   8.08
201101   3.69   3.48   3.34   3.72   1.38   0.67
201102   2.68   3.50   4.69   3.66   3.41   4.19
201103  -0.49   0.75   0.03  -0.57   0.29   1.04
201104   3.60   3.68   4.79   3.22   4.45   5.02
201105  -4.12  -2.55  -3.24  -2.19  -1.86  -1.92
201106  -4.21  -1.17  -2.86  -2.62  -1.40  -0.97
201107   0.06   1.44   2.05  -3.48  -2.17  -1.61
201108  -8.72  -6.08  -7.75  -7.51  -6.68  -9.07
201109 -11.13  -9.03 -12.55  -9.22  -8.91 -12.60
201110   7.60   6.23   7.16  10.52   9.99  10.40
201111  -6.97  -3.31  -3.57  -4.28  -2.71  -1.33
201112  -1.95  -0.56  -0.57  -1.55  -0.65  -0.60
201201  11.06   6.74   6.79  11.46   5.50   3.37
201202   7.56   4.15   4.32   7.38   4.36   4.10
201203  -1.32   1.03   1.85  -0.04   1.05   1.29
201204  -3.03  -0.23   0.09  -2.70  -0.71   0.75
201205 -13.01  -8.01  -8.67 -13.43  -9.00  -6.84
201206   0.89   2.89   3.46   4.93   4.13   3.78
201207  -0.76  -0.37   0.66  -1.71   1.37   1.47
201208   3.26   2.25   2.30   4.22   2.52   3.12
201209   4.55   3.11   3.66   3.48   2.76   2.86
201210  -0.25  -0.74   0.52   0.29   0.16  -0.04
201211  -0.81   0.00   0.71   0.40   1.88   1.77
201212   4.11   3.28   3.55   4.77   2.52   2.10
201301   7.97   5.63   7.10   5.54   5.58   6.02
201302  -2.74   0.45   1.27  -1.67   1.23   1.36
201303  -1.27   2.12   3.13   1.31   2.63   3.86
201304  -1.96   2.27   3.08   2.15   3.00   3.51
201305  -1.22  -1.38  -0.45   0.99  -0.16   1.24
201306  -4.89  -2.10  -2.76  -3.23  -1.74  -2.40
201307   6.47   5.18   7.03   5.25   5.89   7.15
201308   2.57   0.48   0.92  -0.86  -1.99  -2.35
201309   6.82   7.91   8.75   5.10   5.97   7.94
201310   2.30   3.65   3.92   2.98   3.60   3.65
201311  -0.69   1.50   3.50   0.08   1.70   2.20
201312   0.86   1.69   2.29   1.65   2.15   2.80
201401   2.35   1.21   1.70  -2.78  -3.36  -1.74
201402   3.86   3.36   5.20   5.19   5.29   6.37
201403   0.14   1.31   0.48   0.82   0.33  -1.70
201404  -0.96  -0.42  -2.17   1.81  -0.05  -2.65
201405  -0.45   0.46   0.62   1.29   2.05   1.60
201406   3.00   3.52   3.16   2.63   2.61   2.67
201407   0.23  -0.42  -0.07  -2.60  -2.80  -3.04
201408   0.19   0.97   1.66   1.65   1.73   2.26
201409  -6.45  -4.11  -3.88  -4.64  -3.74  -3.75
201410  -3.81  -1.84  -2.48  -0.03   1.45  -0.61
201411  -2.30  -0.85  -0.47   0.87   1.43   1.85
201412  -3.81  -0.29  -1.49  -1.90  -0.66  -0.55
201501  -4.00  -1.06  -1.08  -3.88  -0.81   1.09
201502   5.08   3.78   4.87   7.90   5.93   5.50
201503  -2.57   0.26   1.13  -1.81  -0.37   0.15
201504   7.49   6.14   7.81   5.16   1.91   0.67
201505   1.42   1.36   6.07  -1.88   1.21   2.41
201506  -1.12   0.51   0.19  -3.48  -1.78  -0.55
201507  -2.94  -0.69  -2.79  -3.35   1.78   1.93
201508  -4.52  -3.54  -6.01  -5.51  -5.42  -5.73
201509  -4.28  -1.87  -0.80  -7.28  -3.13  -3.25



  Average Value Weighted Returns -- Annual
           Small                 Big
       Low    2      High   Low    2      High
1991  16.69  16.59  32.47  14.01  15.53  21.43
1992 -14.60  -4.94   3.40  -6.17  -6.40  -4.73
1993  33.78  29.24  35.25  15.06  19.80  25.61
1994   8.22  10.18   9.90   4.41   5.74   7.27
1995   8.34  13.09  24.55  15.66  18.84  20.07
1996   7.76  12.06  14.29   7.64  13.99  14.43
1997 -16.07   1.94  13.04   3.21  15.52  21.93
1998  -0.79   3.46  12.88  15.77  19.67  31.45
1999  15.47  12.82  75.18  14.39  13.43  57.88
2000  -7.97   3.27 -15.32  -4.09  -3.85 -30.98
2001 -11.64   1.21   1.37 -25.18 -12.96 -12.58
2002 -27.52  -1.63   4.98 -29.61 -14.86  -6.15
2003  74.32  49.34  60.99  47.07  28.26  32.83
2004  21.79  29.86  29.19  16.00  15.75  17.36
2005   4.50  18.74  30.00   5.26  11.77  22.61
2006  14.14  18.62  22.45  21.86  21.46  18.47
2007  -5.79   4.84  14.97   2.44  13.19  16.56
2008 -50.76 -38.19 -40.82 -48.44 -36.30 -39.67
2009  89.19  34.64  19.72  56.83  29.63  14.83
2010  16.11  26.05  33.50  10.05  11.36  20.52
2011 -19.53  -6.65  -9.10 -10.42  -3.09  -8.26
2012  12.04  15.50  22.15  16.98  14.59  19.57
2013  14.96  31.39  44.09  20.02  28.17  38.24
2014  -4.09   0.44  -1.63   3.09   5.05   2.21



  Average Equal Weighted Returns -- Annual
           Small                 Big
       Low    2      High   Low    2      High
1991  24.34  20.08  40.94  12.70  14.51  20.72
1992  -4.46   0.07  15.57 -13.85  -5.03  -1.52
1993  50.34  42.51  58.40  23.77  23.87  27.93
1994   7.03  12.17  11.82  10.20   5.33   5.07
1995  11.80  16.64  27.43  10.06  14.79  16.01
1996  19.64  20.49  28.25   8.40  11.00  11.74
1997 -12.84   5.53  12.34  -2.88   6.24  16.09
1998   2.23   3.14  10.17   6.26  11.99  20.85
1999  33.94  26.90  94.41  11.35   8.57  64.26
2000  -8.25   4.12 -10.99   2.81   5.49 -18.09
2001  -6.52   2.60   7.09 -21.77  -7.43  -9.22
2002 -19.45   4.10  13.86 -28.46  -6.87  -1.31
2003  92.29  62.14  72.17  55.42  40.01  45.13
2004  20.38  32.95  34.36  21.66  23.23  23.91
2005   3.34  20.36  30.75   7.84  16.38  25.54
2006  18.45  23.42  34.18  22.99  21.55  21.64
2007   0.04  13.08  29.35   1.20   9.54  14.74
2008 -55.50 -39.60 -41.30 -47.55 -37.53 -40.23
2009 117.39  42.99  32.38  70.49  34.09  19.27
2010  17.83  28.14  37.68  14.57  20.55  27.23
2011 -19.69  -4.63  -9.85 -11.29  -6.06  -8.46
2012  10.70  14.20  20.10  18.26  16.94  18.68
2013  14.16  30.51  44.25  20.57  31.19  40.37
2014  -8.19   2.70   1.93   1.91   3.96   0.23



  Number of Firms in Portfolios
              Small                 Big
          Low    2      High   Low    2      High
199011   3662   2127   1808    757   1097    792
199012   3728   2308   1697    772   1086    797
199101   3914   2079   1751    777   1074    780
199102   4261   1886   1579    784   1079    762
199103   4372   1892   1472    828   1091    800
199104   4356   2046   1435    841   1112    808
199105   4194   2046   1667    822   1109    837
199106   3980   2127   2007    835   1130    834
199107   4285   2019   1825    866   1141    829
199108   4241   2090   1957    863   1140    840
199109   4426   2160   1708    873   1160    831
199110   4656   2019   1621    882   1153    842
199111   4129   2331   1865    882   1172    833
199112   3871   2249   2191    878   1171    852
199201   3590   2303   2490    869   1170    847
199202   3619   2256   2379    890   1187    868
199203   3789   2280   2385    902   1208    881
199204   3978   2245   2295    914   1198    894
199205   4100   2263   2286    899   1182    876
199206   4137   2179   2323    908   1183    877
199207   4209   2203   2243    909   1190    881
199208   4073   2389   2436    906   1183    875
199209   4111   2436   2465    911   1152    865
199210   4391   2317   2356    917   1144    870
199211   4365   2535   2198    895   1171    870
199212   4726   2464   1959    898   1161    870
199301   4546   2279   2219    913   1165    880
199302   4609   2432   2201    915   1210    885
199303   4647   2393   2311    932   1207    877
199304   4736   2440   2308    960   1215    888
199305   4444   2392   2724    960   1217    894
199306   4123   2489   2911    978   1274    909
199307   3924   2368   3363    970   1266    937
199308   4027   2411   3463    958   1284    934
199309   3932   2457   3483    971   1288    953
199310   4034   2471   3450    996   1316    964
199311   3786   2692   3677    998   1301    962
199312   3785   2573   3766    984   1323    968
199401   3922   2627   3670   1032   1316    968
199402   4325   2702   3217   1013   1360    993
199403   4065   2945   3434   1043   1388   1015
199404   3907   2898   3711   1083   1417   1021
199405   3879   2987   3725   1085   1417   1036
199406   4298   2838   3478   1083   1421   1025
199407   4261   2703   3713   1091   1443   1030
199408   4005   2948   3797   1067   1458   1040
199409   4122   2982   3635   1056   1457   1045
199410   4367   3064   3375   1050   1469   1081
199411   3994   3248   3651   1070   1439   1060
199412   4329   3196   3502   1057   1448   1071
199501   4233   3048   3899   1080   1436   1067
199502   4717   2972   3549   1090   1428   1072
199503   5069   2859   3373   1076   1420   1071
199504   5512   2838   3023   1072   1399   1046
199505   5662   2820   3070   1066   1374   1030
199506   5971   2846   2845   1058   1382   1029
199507   6401   2759   2490   1095   1402   1027
199508   5900   2991   2730   1089   1412   1032
199509   5963   2968   2760   1115   1434   1046
199510   6190   2921   2692   1086   1427   1061
199511   6048   3031   2810   1072   1416   1034
199512   6075   3094   2784   1064   1402   1027
199601   6115   3152   2711   1059   1409   1032
199602   6241   3064   2737   1060   1404   1041
199603   6293   2924   2825   1075   1413   1059
199604   6013   3054   2974   1068   1438   1062
199605   5810   3013   3165   1083   1460   1083
199606   5427   3114   3465   1097   1483   1111
199607   5275   3065   3755   1099   1468   1088
199608   5295   2996   3834   1078   1456   1082
199609   5525   3174   3411   1118   1453   1080
199610   5618   3017   3588   1079   1438   1071
199611   5803   3123   3355   1089   1450   1066
199612   5532   3272   3679   1086   1410   1052
199701   5794   3392   3311   1078   1406   1048
199702   5997   3298   3261   1070   1399   1051
199703   5953   3388   3282   1050   1417   1051
199704   6138   3087   3417   1057   1405   1029
199705   6484   3069   3255   1025   1336   1003
199706   7103   3034   2667   1050   1379   1011
199707   6971   3256   2667   1035   1356   1003
199708   7274   3281   2517    985   1310    983
199709   7552   3173   2241   1032   1337   1008
199710   7102   3162   2783    985   1332    992
199711   7171   3230   2725    981   1369   1008
199712   6887   3341   3172    961   1262    972
199801   7292   3375   2799    927   1223    940
199802   7632   3447   2422    900   1251    937
199803   7524   3630   2316    895   1226    950
199804   7673   3685   2157    861   1247    917
199805   7593   3489   2438    882   1211    936
199806   7687   3424   2456    886   1191    921
199807   7648   3482   2534    858   1141    857
199808   7341   3934   2496    836   1108    831
199809   7901   3789   2008    813   1107    803
199810   7118   4422   2213    819   1065    773
199811   7742   4195   1967    804   1029    758
199812   7989   3964   2023    778   1024    744
199901   7838   3700   2480    764    990    717
199902   8354   3766   1945    752    957    703
199903   7986   4002   2061    736    956    693
199904   7876   4007   2179    715    959    673
199905   8165   3744   2154    735    971    694
199906   8198   3414   2365    768   1015    705
199907   7638   3743   2655    787    995    714
199908   7183   3983   2814    802   1020    731
199909   6858   4230   2858    790   1031    732
199910   6592   4467   2789    800   1034    732
199911   5638   4901   3446    727    971    704
199912   6131   4791   3060    722    952    684
200001   5805   5169   3145    716    892    646
200002   5941   5268   2800    714    928    681
200003   5565   5575   2888    717    942    671
200004   4253   6256   3581    691    905    685
200005   5217   5301   3641    685    881    662
200006   6164   4800   3152    679    928    669
200007   6727   4440   2970    697    932    681
200008   6707   4654   2854    689    921    693
200009   6756   4641   2803    681    919    681
200010   7231   4258   2688    674    919    688
200011   6753   4524   2956    644    872    670
200012   7328   4249   2697    668    862    664
200101   6918   4807   2572    685    862    646
200102   7836   4385   1994    683    877    670
200103   7698   4680   1721    682    928    681
200104   7441   4551   2159    694    903    676
200105   6751   4722   2750    698    884    657
200106   6973   4136   3062    705    894    688
200107   6846   4497   2880    718    929    691
200108   6912   4489   2945    706    925    661
200109   7051   4352   2867    733    913    689
200110   6886   4310   3174    688    883    633
200111   6238   4453   3660    699    897    652
200112   6110   4089   4220    703    872    672
200201   5942   3898   4606    699    886    658
200202   6478   3973   3923    696    891    674
200203   6426   3821   4129    697    890    671
200204   6443   3903   3995    709    907    659
200205   6417   3703   4105    725    947    692
200206   6424   3710   4004    707    976    702
200207   6409   3705   4004    724    990    711
200208   5919   3839   4226    714    983    687
200209   5828   3988   4166    719    963    673
200210   5635   4068   4063    722    975    696
200211   5576   3972   4258    699    912    662
200212   5772   3867   4141    703    927    646
200301   6103   3548   4054    721    951    654
200302   6083   3519   4077    728    951    671
200303   5720   3397   4509    716    969    663
200304   5576   3536   4450    727    952    651
200305   5647   3587   4359    732    943    653
200306   5715   3669   4180    753    966    674
200307   5608   3746   4184    757   1007    679
200308   5298   3884   4336    764    998    718
200309   5096   3643   4710    768   1008    738
200310   4997   3835   4570    792   1032    741
200311   4349   3712   5340    769   1052    767
200312   4325   3522   5520    768   1076    752
200401   4489   3659   5234    770   1048    762
200402   5132   3408   4788    787   1089    768
200403   4619   3527   5091    776   1081    777
200404   4588   3435   5098    804   1096    805
200405   4294   3417   5442    807   1070    802
200406   4559   3262   5290    797   1092    786
200407   5194   3144   4687    810   1085    803
200408   5428   3106   4465    804   1085    782
200409   5792   2978   4206    826   1067    756
200410   6236   2965   3747    825   1079    783
200411   6130   3132   3711    843   1090    762
200412   6044   3153   3756    867   1093    786
200501   5893   3185   3910    851   1115    813
200502   6450   3147   3313    882   1117    828
200503   6396   3045   3487    887   1129    821
200504   6326   3113   3548    887   1116    831
200505   6422   3018   3532    874   1119    818
200506   6137   3107   3756    867   1122    798
200507   6397   2975   3586    878   1123    833
200508   6386   3109   3522    876   1141    829
200509   6174   3229   3590    869   1152    840
200510   6209   3149   3654    852   1151    843
200511   6273   3454   3345    852   1139    851
200512   6449   3363   3267    886   1125    831
200601   6561   3466   3191    889   1158    834
200602   7027   3164   2998    891   1169    871
200603   6815   3316   3073    868   1206    866
200604   6830   3269   3061    886   1212    875
200605   6637   3376   3215    893   1195    896
200606   6100   3462   3657    877   1187    882
200607   6348   3356   3631    882   1175    858
200608   6759   3269   3405    864   1164    837
200609   7023   3064   3351    867   1146    849
200610   7026   3064   3377    872   1147    823
200611   7244   3111   3086    874   1147    836
200612   7097   3115   3275    856   1162    850
200701   7331   3042   3191    871   1136    874
200702   7499   3009   3047    871   1161    861
200703   7413   3073   3098    872   1173    876
200704   7461   3090   3087    888   1171    859
200705   7562   3187   2928    884   1166    847
200706   7767   2962   3003    890   1166    846
200707   7455   2980   3312    894   1169    869
200708   6989   3223   3538    896   1169    873
200709   6644   3354   3819    891   1118    837
200710   6805   3448   3629    841   1113    825
200711   6888   3619   3553    848   1108    825
200712   7156   3564   3509    836   1080    787
200801   7385   3721   3250    842   1086    774
200802   7376   3823   3142    831   1063    773
200803   7559   3716   3060    823   1077    782
200804   7343   3893   3118    808   1072    768
200805   7475   3873   3065    781   1050    751
200806   7917   3829   2694    797   1054    747
200807   8295   3798   2471    788   1029    761
200808   7812   4170   2637    766   1029    765
200809   7452   4295   2807    778   1037    749
200810   7809   3769   2909    760    989    748
200811   7529   3975   2999    706    941    714
200812   7357   4076   3081    691    921    684
200901   7608   3952   2850    708    946    679
200902   7896   3567   2897    720    927    709
200903   7600   3955   2694    730    908    685
200904   7007   4124   3057    724    923    680
200905   6959   3860   3357    737    968    705
200906   7010   3848   3335    747    986    735
200907   7123   3623   3410    768   1000    738
200908   6683   3733   3714    777    998    719
200909   6569   3482   3971    775   1005    728
200910   6524   3418   4071    793   1017    723
200911   6107   3741   4147    770   1007    721
200912   5516   3876   4529    745    983    715
201001   5425   3928   4448    759    954    731
201002   5728   4215   3725    760    998    737
201003   5685   3862   4024    754    998    735
201004   5819   3542   4165    752    991    746
201005   6153   3189   4078    777   1020    758
201006   6063   3418   3941    752   1006    777
201007   6229   3349   3772    758   1022    760
201008   5867   3538   3916    765    999    752
201009   6287   3381   3615    760   1000    739
201010   6111   3635   3413    750   1020    730
201011   6733   3120   3323    762   1002    734
201012   6471   3263   3313    769   1020    737
201101   5734   3672   3623    764   1046    748
201102   6223   3333   3466    763   1011    750
201103   5898   3205   3881    764   1025    738
201104   5751   3062   4160    775   1027    736
201105   6174   2968   3852    779   1025    729
201106   6176   3176   3608    777   1007    735
201107   6289   3105   3510    768    992    745
201108   6135   3208   3540    766   1027    731
201109   5904   3255   3706    745   1012    741
201110   5642   3343   3868    753    994    703
201111   5467   3708   3657    763    983    680
201112   6056   3512   3233    758    953    693
201201   6064   3732   3034    743    956    685
201202   6023   3715   2997    743    956    681
201203   6019   3716   3000    742    957    681
201204   5936   3707   2970    739    953    675
201205   6241   3681   2875    750    964    686
201206   6130   3610   2997    738    954    673
201207   5905   3767   3131    737    961    668
201208   5830   3780   3075    739    962    658
201209   6600   3474   2616    688    910    675
201210   6815   3043   2700    682    912    685
201211   6837   3005   2722    683    911    687
201212   6345   3259   2920    678    909    667
201301   6578   3227   2731    695    913    673
201302   6755   2991   2658    687    919    687
201303   6871   2843   2771    702    909    674
201304   7007   2696   2661    705    915    669
201305   6368   3182   2649    694    916    669
201306   7513   2475   2394    714    896    664
201307   7002   2622   2621    694    923    659
201308   6704   2740   2748    673    919    681
201309   6763   2650   2782    680    946    677
201310   6481   2775   2920    702    943    691
201311   6428   2600   3159    693    938    688
201312   6167   2815   3178    697    940    686
201401   6136   2691   3301    692    923    705
201402   6327   2714   3097    708    946    704
201403   5528   3040   3516    701    959    686
201404   5413   3235   3428    702    952    695
201405   4905   3345   3800    707    940    691
201406   5395   2948   3777    710    932    696
201407   5576   2941   3537    726    959    692
201408   5537   2945   3595    727    958    674
201409   5639   2936   3517    728    955    665
201410   5665   2791   3677    708    927    661
201411   5588   2982   3583    704    936    656
201412   5780   3262   3182    694    923    645
201501   6011   3106   2977    702    932    671
201502   6480   2593   2377    684    917    679
201503   6563   3095   2435    701    898    681
201504   6972   2841   2210    702    901    686
201505   6765   2861   2444    706    909    705
201506   6563   2793   2802    712    947    689
201507   6833   2655   2626    733    950    702
201508   6566   2804   2785    697    943    688
201509   6618   2754   2528    710    949    688



  Average Firm Size
                       Small                                Big
              Low         2           High        Low         2           High
199011       68.27      117.47      119.50     2630.57     2723.14     3044.47
199012       67.42      109.60      114.53     2634.28     2542.21     2964.92
199101       70.97      112.32      117.84     2251.07     2918.09     3067.40
199102       74.64      116.33      126.36     2028.35     2942.92     3626.72
199103       87.44      129.05      131.53     1973.20     3270.61     3849.13
199104       85.62      123.58      130.85     1867.82     3195.96     3687.54
199105       82.54      127.25      130.54     2404.43     2958.89     3514.57
199106       87.62      121.57      125.79     2266.52     3323.17     3182.30
199107       83.48      125.98      110.29     2112.87     2679.48     3560.75
199108       86.65      123.78      110.12     2095.48     3061.78     3476.00
199109       83.33      120.03      120.05     2142.19     2915.55     3483.76
199110       87.03      129.13      121.82     2300.75     3100.80     3352.79
199111       88.45      122.66      119.68     2432.00     3182.09     3262.42
199112       85.13      117.67      109.24     2418.88     3199.48     2722.16
199201       90.32      126.86      109.00     2601.45     3372.60     3029.26
199202       85.40      122.88      114.96     2652.65     3343.05     2659.54
199203       88.07      119.63      105.99     2355.16     3256.32     2786.68
199204       84.96      112.76       98.81     2400.99     2911.24     2719.03
199205       84.57      112.55       96.69     2476.52     3131.56     2517.36
199206       88.54      119.24       98.49     2233.50     3428.39     2735.52
199207       85.20      114.16       96.54     2093.27     3340.81     2634.22
199208       82.18      109.75       95.48     2243.14     3345.01     2513.91
199209       84.19      112.31       96.78     2347.68     3510.26     2589.55
199210       84.67      108.92       94.55     1929.67     3598.73     2802.83
199211       82.46      100.44       94.49     2087.51     3302.11     2738.65
199212       80.52      107.45      100.26     2229.41     3369.79     2718.80
199301       83.76      106.60       97.53     2375.11     3332.85     2663.54
199302       81.93      107.70       99.26     1972.58     3469.88     2772.80
199303       83.58      107.88       99.27     2119.07     3314.44     3065.70
199304       87.15      119.30      102.10     2184.44     3317.61     3552.29
199305       91.41      119.79      108.07     2561.62     3354.30     3567.03
199306       95.09      127.23      105.42     2518.83     3355.61     3627.57
199307       86.89      125.20      108.22     2865.90     3156.09     3280.91
199308       86.93      123.96      109.69     2983.06     3286.54     3257.94
199309       92.38      130.37      111.43     2988.30     3695.19     3072.47
199310       91.80      128.36      105.28     3057.64     3451.52     2939.73
199311       92.96      124.35      106.01     3019.43     3802.29     2716.42
199312       90.64      118.47       96.37     2794.43     3177.45     3057.28
199401       96.67      121.10       96.64     2648.98     3558.71     3058.60
199402       99.82      128.62      108.30     2665.98     3904.21     3238.12
199403       95.94      126.74      105.33     2872.06     3771.18     2876.80
199404       94.41      121.75       99.43     2828.72     3513.60     2682.68
199405       93.84      121.48      104.76     2906.96     3645.93     2649.21
199406       96.14      120.97      103.22     2599.51     3810.31     2775.80
199407       95.44      122.86      102.01     2823.48     3426.87     3030.70
199408       90.95      125.98      106.16     3180.53     3310.02     2961.44
199409       96.42      125.07      108.97     3309.75     3429.48     3002.24
199410       94.16      123.17      104.78     2816.62     3304.02     3273.37
199411       93.57      124.06      109.00     3463.47     3518.87     2762.15
199412       87.67      116.58      105.96     3086.47     3428.65     2706.37
199501       89.96      120.04      102.58     2825.10     3490.78     2998.52
199502       83.59      119.91      106.61     2747.73     3521.95     2848.26
199503       84.20      121.43      110.89     2554.82     3458.97     3295.88
199504       90.06      124.51      116.81     2217.21     3802.96     3823.93
199505       93.11      129.98      116.56     2185.11     3878.53     4254.66
199506       93.81      125.18      120.67     2333.98     3863.17     4130.25
199507       92.46      126.99      123.49     2203.78     3551.25     4621.14
199508       97.66      128.37      128.82     2330.19     3954.02     4444.19
199509       96.49      124.63      127.08     2222.29     3921.04     4233.01
199510       96.79      126.43      130.80     2385.60     3945.51     4315.58
199511       94.09      125.07      125.81     2192.05     4055.82     4355.43
199512       96.90      126.79      127.96     2487.43     4172.62     4332.68
199601       99.28      130.39      132.49     2357.66     4274.46     4620.92
199602       97.67      132.99      140.61     2276.07     4566.38     4535.88
199603       99.01      138.22      136.81     2286.65     4620.47     4426.60
199604       99.83      137.85      136.72     2821.11     4482.10     4135.74
199605      105.29      141.24      139.56     2964.19     4634.98     4022.48
199606      102.89      140.87      139.13     3411.54     4723.52     3287.33
199607      104.51      138.43      135.04     3308.55     4839.58     3381.84
199608      101.73      132.89      127.70     3238.79     4137.84     3993.41
199609      102.66      135.94      129.31     3006.63     4081.14     4384.88
199610      103.17      142.44      133.12     3566.11     4497.54     3913.25
199611      103.72      138.86      133.69     3341.31     4520.87     4051.94
199612      106.52      143.41      136.87     3746.56     4591.72     4558.13
199701      109.61      140.32      132.43     3427.27     4879.98     4311.80
199702      109.11      141.30      131.60     3458.55     4886.03     4381.21
199703      107.84      139.66      133.91     3406.26     4452.40     5087.09
199704      107.72      134.87      128.68     3204.23     4433.41     5091.42
199705      109.24      140.31      130.11     2954.13     4392.18     6378.33
199706      116.47      154.67      141.51     3072.80     4387.14     7031.13
199707      117.48      164.66      151.14     3189.16     5040.06     6946.69
199708      117.20      171.04      169.73     3174.30     5671.90     7420.21
199709      111.42      167.95      164.86     2725.94     5069.70     7269.18
199710      116.29      169.38      171.15     3579.44     6226.80     6077.88
199711      109.48      158.69      164.73     3298.13     5836.17     5708.55
199712      104.48      156.18      167.36     3849.11     6482.77     5414.84
199801      105.96      163.75      164.74     3253.17     6407.88     6891.49
199802      110.80      164.16      176.03     3729.79     6479.03     6709.96
199803      118.25      170.68      194.86     4417.23     6369.72     7600.75
199804      116.75      190.51      209.58     4487.98     7241.25     7522.84
199805      116.57      188.58      209.89     5238.97     7584.41     6664.06
199806      118.76      183.60      197.71     4785.17     8062.51     6495.97
199807      124.44      186.32      193.60     5339.37     8474.52     7024.89
199808      120.98      179.85      191.56     5247.98     8267.50     7972.95
199809      108.25      157.07      164.73     4109.29     5946.87     9328.51
199810      113.98      148.79      162.74     4417.42     6404.08     9292.84
199811      123.61      162.24      183.33     4643.07     7219.40    10574.69
199812      124.68      182.16      201.93     4862.78     8273.49    10588.38
199901      132.53      184.86      200.47     5012.83     8130.18    12759.38
199902      132.29      196.24      224.06     5198.72     9791.79    11853.82
199903      132.01      182.23      203.91     5028.77     8696.23    12930.29
199904      140.64      185.04      203.87     5067.95     9397.85    13727.81
199905      144.57      206.32      212.41     4513.69     9630.11    14527.32
199906      142.36      195.98      207.68     4526.03     9442.72    12798.65
199907      146.43      202.76      219.85     5944.70     9582.45    12583.79
199908      140.73      194.44      228.01     5864.54     9485.32    12144.80
199909      137.12      199.30      233.02     6764.37     9932.84    10677.04
199910      141.86      189.38      233.07     6480.98     9802.48    10931.41
199911      149.27      196.24      221.06     7021.73    11902.07    11664.35
199912      161.35      200.28      228.27     6507.51    12038.07    14089.73
200001      176.55      204.53      251.31     7080.90    14403.38    15375.73
200002      160.23      202.84      250.45     8123.65    12415.48    13423.73
200003      174.99      202.24      249.05     7770.30    13201.93    13640.24
200004      188.04      197.79      247.78     8894.01    13530.25    15215.54
200005      176.10      193.66      222.47     7504.33    13814.51    14949.97
200006      165.51      193.06      236.11     7750.24    12614.99    14515.84
200007      170.04      217.89      237.28     8554.87    13294.17    13546.11
200008      158.57      213.63      245.44     7364.21    13437.94    13970.08
200009      165.33      225.54      258.87     9351.84    12878.21    15081.51
200010      156.69      219.90      257.46     9209.68    12892.81    13282.48
200011      145.78      212.01      248.41    11234.41    13864.25    10508.37
200012      133.21      211.70      240.77    10013.95    14568.68     8206.77
200101      136.32      212.22      246.42    11380.65    13187.98     9352.05
200102      138.16      225.17      293.62    13067.79    12805.24     8390.48
200103      127.75      208.73      278.36    10558.69    12039.16     7595.44
200104      116.81      191.08      248.10    12012.66     9795.96     6771.67
200105      124.02      202.18      252.94    12363.27    11779.65     6892.05
200106      124.32      201.40      251.44    11398.90    12089.78     6537.75
200107      124.98      193.00      240.40    12007.91    10373.42     6594.85
200108      118.01      185.58      246.21    12338.37    10239.97     6359.04
200109      116.73      187.46      227.84    10053.33    10855.69     6012.23
200110      101.59      168.87      205.75    10950.35     9756.06     5045.64
200111      110.79      166.71      194.62     9713.06    10847.24     5031.37
200112      114.39      174.20      202.74    10900.57    10845.75     5872.59
200201      124.16      167.88      195.05     9869.58    11399.77     6410.93
200202      114.21      176.86      199.63    10247.66    10977.52     5551.55
200203      114.50      177.15      192.14     9483.20    10632.70     6607.97
200204      118.36      188.98      203.33    10041.66    11678.68     5678.52
200205      117.81      181.09      203.04    10433.03    10126.57     5524.86
200206      115.18      184.18      209.92    11947.82     8673.77     5901.45
200207      112.87      183.78      183.64    10555.64     8596.00     5216.38
200208       99.80      165.11      172.92     9612.53     8035.06     4905.05
200209      105.19      169.68      160.52     8834.16     8466.40     5332.43
200210       94.46      146.54      150.46     8882.81     6873.73     4416.02
200211       98.35      155.69      160.31     9734.04     7788.64     4939.69
200212      106.47      165.42      167.21     8908.00     9229.95     4994.76
200301      105.86      160.23      160.08     8265.42     8651.68     4741.08
200302      100.31      159.48      157.65     7537.39     8852.92     4385.05
200303      103.58      155.09      146.55     7804.42     8213.38     4470.64
200304      106.05      151.22      145.30     6469.73     9314.21     4384.23
200305      117.58      164.60      157.13     6179.90    10114.96     5815.21
200306      119.26      176.07      174.90     6517.97     9337.99     7487.19
200307      126.17      181.10      170.75     7945.10     8843.20     6546.63
200308      120.35      186.30      181.68     8167.31     9107.79     6220.78
200309      123.39      201.05      181.01     9667.89     8205.41     6138.54
200310      131.82      198.34      177.83     8739.68     8723.89     6177.89
200311      140.76      210.52      182.54    12098.19     8069.24     5165.89
200312      145.24      212.83      184.91    12689.59     7930.36     5066.27
200401      151.25      223.96      197.13    12678.63     8553.36     6100.22
200402      149.77      225.96      218.66    12020.93     8723.12     6451.62
200403      154.07      231.46      216.19    12200.02     9317.51     6227.61
200404      160.70      233.55      213.07    12343.16     8400.16     6466.99
200405      155.87      230.16      201.62    12185.09     9075.34     5257.84
200406      157.14      232.47      201.43    11032.52     9852.53     5483.04
200407      162.74      241.76      210.90    11978.52     9675.08     5167.59
200408      150.80      237.72      209.65    12075.28     8913.89     5280.70
200409      149.89      240.86      218.63     9493.96    10645.56     5826.71
200410      149.68      254.11      232.53     9374.76    10617.64     6309.59
200411      151.64      245.11      250.43     9752.49    10091.46     7148.65
200412      156.46      268.17      259.98    10121.44    10452.50     7277.27
200501      156.74      281.15      267.07    11795.22    10872.72     5927.23
200502      155.14      281.35      275.96    11320.51    10508.54     5736.65
200503      158.08      288.09      284.84    11199.79    11330.54     5577.75
200504      157.66      286.41      267.01    10542.24    10648.55     6623.25
200505      157.28      278.06      256.25    11540.30    10008.82     5820.74
200506      164.28      275.73      248.25    10200.85    11178.26     6225.41
200507      169.59      281.91      253.19     9962.36    10924.70     6624.07
200508      163.21      298.70      275.16    12293.15    10050.00     6161.06
200509      161.78      297.24      277.32    12460.26    10270.84     5904.70
200510      173.28      292.70      278.39    12036.65    10573.35     6662.01
200511      167.99      286.19      270.86    11945.64    10044.01     6992.92
200512      178.63      294.14      274.37    10161.95    11702.07     7579.43
200601      181.81      296.99      288.29    10028.65    12010.03     7889.91
200602      192.67      323.85      302.47    10440.28    11995.29     8494.32
200603      180.95      323.12      313.94    11674.25    11375.63     7898.05
200604      186.21      327.51      324.86    11236.80    12046.36     7768.31
200605      184.40      334.38      340.70    13223.50    11116.53     8035.14
200606      186.82      302.13      306.02    11265.96    12064.23     7659.13
200607      197.16      295.87      289.68    11143.39    11946.77     8082.32
200608      191.18      304.92      292.29    11115.65    12333.68     8398.83
200609      199.06      320.21      295.31     9112.30    13622.49     9669.53
200610      195.01      321.72      305.43     9679.48    13612.59     9662.26
200611      202.40      340.11      318.86    10792.50    13603.89     9695.29
200612      206.32      334.27      332.44    11337.78    13454.65    10274.28
200701      207.60      343.81      338.62    12023.93    13456.21    10299.34
200702      214.06      349.17      336.40    10824.20    13236.84    12128.97
200703      218.04      352.77      316.04    11275.58    13319.82    11084.71
200704      225.89      353.18      320.71    10985.81    14775.14    10200.36
200705      229.31      367.17      344.07    11712.82    14669.68    11375.76
200706      231.66      384.96      352.71    11882.51    15073.12    11796.15
200707      236.22      365.61      341.72    12501.49    14982.39    10475.30
200708      227.24      343.52      334.90    13279.42    14008.34     9937.79
200709      233.25      325.06      311.14    13301.08    14358.48    10269.31
200710      235.90      345.26      335.37    13234.49    15545.51    11719.94
200711      245.59      349.49      338.44    12975.26    15385.83    13712.58
200712      230.84      335.04      327.97    11414.59    16050.94    13590.67
200801      230.24      323.69      315.31    10223.38    15847.31    14376.91
200802      210.44      294.23      296.77     9862.84    12810.43    15852.35
200803      214.38      299.54      289.49     8358.24    13583.54    15935.83
200804      215.87      286.47      278.77     8607.42    13957.06    14855.71
200805      218.40      303.76      311.54     9242.91    14784.92    16176.46
200806      215.45      325.33      326.78     8992.06    15018.70    16578.42
200807      193.99      304.55      317.31     8878.22    14098.31    14520.77
200808      187.47      286.96      308.48     9380.88    14009.28    13224.69
200809      182.26      275.74      301.52     8939.50    13776.84    13079.18
200810      155.46      250.86      277.28     8142.06    13476.48    10238.50
200811      125.39      203.11      212.36     6765.65    10189.28    10502.77
200812      113.34      184.25      212.66     6275.11     8798.64    11385.49
200901      122.88      191.05      221.48     6755.49     9023.42    11408.47
200902      109.37      182.37      213.14     5665.16     8524.33    10266.04
200903       96.51      165.67      194.28     4988.86     7947.27     9322.69
200904      111.58      166.28      187.33     5546.64     8726.11     9372.31
200905      127.29      185.94      200.06     6946.34    10005.95     8216.37
200906      135.48      209.06      224.45     6982.88    11544.87     8208.95
200907      136.02      205.72      230.17     6992.37    11107.48     8351.86
200908      150.20      226.91      234.52     8467.85    11810.13     8801.35
200909      158.10      249.44      235.20     8598.44    11963.08     9569.17
200910      164.28      263.31      243.23    10279.23    12023.25     8883.67
200911      162.80      241.35      240.33    14647.33     9838.45     6873.34
200912      170.82      236.24      251.14    14216.33    11023.53     7846.25
201001      185.85      249.83      239.28    13128.29    11635.02     8904.02
201002      167.51      240.08      259.22    12086.28    10976.83     8719.94
201003      163.78      254.50      260.97    11912.91    11848.81     8224.65
201004      178.77      267.46      276.07    12061.31    13160.84     8551.69
201005      180.99      283.56      275.49    10969.05    13782.20     7905.63
201006      156.67      260.12      250.86    12220.81    11419.22     6497.48
201007      151.83      255.05      245.68    11111.28    11239.96     6535.78
201008      171.18      261.34      256.82    12734.80    11915.98     6880.83
201009      160.23      264.58      249.01    12176.47    11105.05     7234.97
201010      188.95      273.15      272.22    12030.70    12186.78     9207.13
201011      180.81      310.56      304.57    14085.46    12548.59     8152.62
201012      177.30      293.27      310.73    14403.09    11767.54     7523.21
201101      195.49      298.95      315.57    13489.07    13709.36     8204.66
201102      187.38      331.36      339.18    14630.99    13617.84     8684.43
201103      209.32      338.07      322.42    14656.60    13712.03     9804.78
201104      214.37      338.56      304.98    13592.14    13736.00    10200.15
201105      220.85      355.70      326.53    14874.20    13992.48    10442.37
201106      209.82      364.83      315.37    14231.70    14036.37    10140.03
201107      210.48      351.43      317.26    13555.63    14821.18     9378.81
201108      208.80      329.41      314.75    12926.58    14672.35     8921.51
201109      192.13      308.70      284.47    11776.21    13792.51     8510.94
201110      182.81      267.88      249.04     9077.34    12857.89     9464.08
201111      211.80      280.08      268.45     9836.68    13015.31    12572.58
201112      197.17      288.48      270.66     9427.70    13183.96    12067.67
201201      206.33      279.50      258.66     8892.57    13216.69    12651.48
201202      231.12      299.00      276.12     9846.11    13768.23    12985.75
201203      244.14      310.51      288.29    10534.64    14301.28    13538.03
201204      244.69      313.55      293.48    10518.43    14394.89    13889.84
201205      209.86      315.60      308.81     9262.31    13615.50    15386.85
201206      192.20      287.30      277.94     8024.63    13035.57    13995.66
201207      201.54      299.09      281.74     9191.18    12892.94    14945.92
201208      198.58      296.80      285.82     9031.43    13028.51    15374.41
201209      201.95      309.14      329.48     9012.94    14974.41    14694.96
201210      200.65      342.81      349.79    10096.73    16525.94    12528.25
201211      198.35      342.43      350.02    10179.44    16397.08    12355.94
201212      207.40      334.31      329.44    10791.73    15849.12    13434.53
201301      211.40      340.24      357.92    11423.95    16210.08    12856.29
201302      220.93      365.92      378.15    12085.50    17400.82    12704.62
201303      219.13      374.15      374.79    12639.22    16873.39    13007.36
201304      217.43      391.55      402.67    12972.30    16546.32    13878.35
201305      235.56      377.39      415.50    12144.94    17904.40    14267.47
201306      219.79      443.15      428.21    14490.90    16167.81    14807.53
201307      208.70      437.00      403.85    16247.38    15304.97    12639.49
201308      221.01      434.06      429.35    17085.11    16543.06    12900.56
201309      219.59      423.58      417.36    17714.17    15462.42    12010.08
201310      234.98      433.33      421.08    18024.87    16945.18    11593.54
201311      237.85      450.49      440.06    18398.98    18095.13    12060.35
201312      238.48      449.78      441.76    17800.24    18547.00    12724.37
201401      246.95      461.84      441.40    16881.62    19609.96    13694.79
201402      234.28      449.80      439.31    16662.15    18057.92    13128.06
201403      257.76      444.17      419.36    17792.77    18022.04    14855.75
201404      265.64      435.31      412.93    17258.64    19168.53    13656.80
201405      260.58      431.94      400.65    17258.11    20678.83    12094.41
201406      283.07      449.22      385.14    16307.60    20534.65    14186.45
201407      299.81      465.15      375.44    17224.83    19853.50    14239.91
201408      284.58      458.21      368.95    17838.68    18169.02    14963.88
201409      306.40      451.25      366.17    15169.52    20086.82    16299.32
201410      299.52      430.61      353.23    13735.15    20617.18    16464.62
201411      312.39      414.27      340.43    13676.28    19260.68    18559.98
201412      307.77      396.34      380.18    14309.10    19882.64    18875.98
201501      306.94      412.30      356.74    13397.21    18806.27    19405.76
201502      296.73      465.24      403.67    12896.66    18947.62    19083.16
201503      286.08      463.70      431.02    14476.26    20223.22    19234.48
201504      281.39      483.46      446.87    14567.79    20621.67    17600.75
201505      271.10      498.73      483.36    17001.43    19912.02    16781.92
201506      274.67      492.79      453.11    15614.47    20242.57    16981.40
201507      279.23      496.11      429.49    15002.83    19823.31    15874.38
201508      260.50      493.07      467.52    17249.11    19464.25    15823.00
201509      251.80      465.16      451.56    14588.26    18881.45    15012.59
