This file was created using the 201509 Bloomberg database.

Missing data are indicated by -99.99.



        Mkt-RF     SMB     HML     WML      RF
199007    1.92    2.67    0.58  -99.99    0.68
199008  -11.13   -0.91    0.12  -99.99    0.66
199009  -15.03    3.70    1.07  -99.99    0.60
199010   15.11   -8.58   -4.85  -99.99    0.68
199011   -8.10    1.05    1.83    0.72    0.57
199012    0.42   -2.46   -1.92   -3.63    0.60
199101    1.46   -5.21    0.16   -0.99    0.52
199102   10.09    2.69    0.82  -10.72    0.48
199103   -4.69    2.45   -0.39    0.78    0.44
199104    1.00   -0.14   -0.40    0.56    0.53
199105   -0.82   -1.53    0.05    1.12    0.47
199106   -6.79    1.73    1.39    2.30    0.42
199107    3.02   -2.26    0.52    3.16    0.49
199108   -3.34   -0.16   -0.19    3.87    0.46
199109    5.56   -0.27   -0.06    0.16    0.46
199110    1.49   -0.77   -2.23    2.01    0.42
199111   -5.61    1.41   -0.72    2.13    0.39
199112    3.72   -1.34   -0.76    1.07    0.38
199201   -2.99    1.27    1.69    0.54    0.34
199202   -3.75    2.68    0.19    2.17    0.28
199203   -7.24    1.97    1.24    2.08    0.34
199204   -1.33    0.79    2.81    2.85    0.32
199205    6.66    0.57    0.08   -0.43    0.28
199206   -4.75    1.83    0.50    5.55    0.32
199207   -3.48   -2.37   -1.40    0.46    0.31
199208    6.05   -5.10   -2.80   -5.16    0.26
199209   -3.03   -0.07   -1.04    2.60    0.26
199210   -5.69   -1.22    0.85    1.18    0.23
199211    0.31   -2.57   -0.93   -0.66    0.23
199212    0.18    1.46   -0.44   -0.13    0.28
199301   -0.11    1.25    1.51    1.02    0.23
199302    3.20    0.79    0.69   -0.72    0.22
199303   10.04    0.19    1.59   -2.58    0.25
199304    9.47    0.92    2.88   -2.10    0.24
199305    3.31    6.02   -0.21    0.55    0.22
199306   -3.52   -0.78   -0.93    2.48    0.25
199307    3.93   -3.35    0.51    0.99    0.24
199308    4.83    1.13    1.50   -0.71    0.25
199309   -3.12    1.43    0.13   -1.22    0.26
199310    0.98   -1.46    0.16    0.85    0.22
199311   -9.13    3.87    0.18   -4.20    0.25
199312    5.69   -0.09    2.89    1.34    0.23
199401   10.18    0.03    4.39    1.84    0.25
199402   -0.30    0.67    1.38    1.05    0.21
199403   -3.08    1.27    1.89   -1.64    0.27
199404    3.24    0.30    0.83   -0.95    0.27
199405   -0.64   -0.89    1.21    0.14    0.31
199406    1.86   -0.98    0.91    0.21    0.31
199407    0.20    0.33    0.76   -0.90    0.28
199408    1.08   -0.84   -1.02    0.15    0.37
199409   -3.14    1.31    0.27    0.92    0.37
199410    2.55   -1.95    0.58    1.25    0.38
199411   -5.86   -0.73    0.54   -0.48    0.37
199412    0.71   -0.43   -0.53    0.85    0.44
199501   -4.67    1.55    0.31   -1.52    0.42
199502   -1.29    0.75    0.28    1.09    0.40
199503    5.53   -3.21   -1.32   -0.68    0.46
199504    2.99   -1.73   -0.59    0.92    0.44
199505   -2.01    1.09   -0.03    1.43    0.54
199506   -1.75    0.85    0.57    2.33    0.47
199507    4.83   -0.64   -1.77   -1.30    0.45
199508   -3.33    2.51   -1.57   -0.40    0.47
199509    0.54   -0.73   -1.09    3.71    0.43
199510   -2.34    0.09    0.03    2.64    0.47
199511    1.77   -1.48   -0.24    1.11    0.42
199512    3.01    0.04    1.27   -2.54    0.49
199601    0.27    1.80    1.32   -0.72    0.43
199602    0.10    0.92   -0.08    0.63    0.39
199603    1.53   -0.32   -0.45    1.40    0.39
199604    3.28    2.17    0.18    0.10    0.46
199605   -1.35    1.73    0.34    1.34    0.42
199606   -0.22   -1.40    1.52    0.53    0.40
199607   -3.55   -0.55    1.51   -2.55    0.45
199608   -0.34    1.10   -1.05    2.13    0.41
199609    1.85   -2.97    0.33    1.42    0.44
199610   -1.63    1.86    0.12    2.02    0.42
199611    2.91   -2.31    1.64    1.18    0.41
199612   -1.88   -0.55    1.46    1.69    0.46
199701   -4.03    2.59    1.68    2.48    0.45
199702    0.85    0.09   -0.39    0.34    0.39
199703   -0.97   -1.67    1.66    1.27    0.43
199704    0.08   -2.31    0.65    3.78    0.43
199705    7.47   -0.55   -0.72   -0.69    0.49
199706    4.10   -3.20    0.80   -0.20    0.37
199707    0.65   -4.98   -0.19    8.23    0.43
199708   -6.84    4.26   -0.01    1.09    0.41
199709    4.50   -5.53   -1.03    7.44    0.44
199710   -7.45    2.48    1.28   -3.21    0.42
199711   -2.48   -4.76   -1.43    4.41    0.39
199712   -0.78   -4.08    0.05    6.22    0.48
199801    3.78   -0.05    0.57   -5.93    0.43
199802    6.11    0.29    1.63   -1.72    0.39
199803    2.77   -0.49    3.27    3.25    0.39
199804    0.51    0.53   -0.68    0.37    0.43
199805   -0.45    0.38    1.52    0.90    0.40
199806   -0.82   -2.99   -0.65    1.55    0.41
199807    0.04   -3.27    0.46    4.65    0.40
199808  -12.03    0.79   -1.68    0.02    0.43
199809   -3.50    1.93   -2.65   -3.03    0.46
199810    9.33   -4.01    2.69   -2.62    0.32
199811    4.07   -0.68    1.02   -0.86    0.31
199812    2.41   -1.53   -2.04    5.31    0.38
199901    0.35    0.37   -2.52    4.79    0.35
199902   -2.39    2.24   -1.85   -0.63    0.35
199903    3.77    0.75    1.35   -6.02    0.43
199904    4.57    3.11    3.36   -6.06    0.37
199905   -4.26    3.42   -0.50    1.37    0.34
199906    4.60    3.83   -0.38    4.41    0.40
199907    3.06    0.72    0.09    1.90    0.38
199908    1.43    2.17   -0.47    4.51    0.39
199909    1.65    0.60   -1.85    3.39    0.39
199910    3.16   -3.46   -3.99    6.23    0.39
199911    4.50   -0.95  -11.40   12.97    0.36
199912    7.62   -4.88   -5.89    7.93    0.44
200001   -6.19    7.34   -2.55    2.90    0.41
200002    3.42    3.89  -10.17   10.59    0.43
200003    2.36   -4.34    5.88  -11.68    0.47
200004   -6.75   -5.13    4.22   -9.74    0.46
200005   -2.95    0.65    6.55   -9.65    0.50
200006    3.29    1.01    3.76   -0.81    0.40
200007   -4.41   -1.02    3.18   -1.60    0.48
200008    1.24    1.16   -1.74    3.82    0.50
200009   -5.28    0.06    3.93   -3.13    0.51
200010   -4.49   -5.73    7.32   -4.65    0.56
200011   -4.22   -0.97    9.42   -4.30    0.51
200012    1.38   -0.09    4.85    2.98    0.50
200101    0.35    1.18   -1.57   -5.75    0.54
200102   -7.90    4.31    9.14    6.29    0.38
200103   -8.27   -0.63    4.83    3.50    0.42
200104    7.58   -1.53   -0.72   -2.32    0.39
200105   -3.17    3.03    2.53    5.14    0.32
200106   -3.72    0.61    5.42    7.91    0.28
200107   -3.07   -2.26    4.07    2.64    0.30
200108   -2.31    1.93    4.59    8.12    0.31
200109  -10.67   -3.22    1.64    7.71    0.28
200110    2.60    2.02   -3.24   -4.35    0.22
200111    3.10   -0.72   -1.80   -8.89    0.17
200112   -0.48   -2.35    1.01    2.09    0.15
200201   -4.75    2.94    2.01    2.88    0.14
200202    1.18    0.27    2.21    4.23    0.13
200203    5.11   -0.71   -0.16   -3.54    0.13
200204    0.99    1.93    3.45    4.35    0.15
200205    2.15    2.52    4.15    3.33    0.14
200206   -3.40    0.71    2.60    6.59    0.13
200207   -9.22    2.08    2.85    3.36    0.15
200208   -0.17   -1.42    1.54    2.21    0.14
200209  -10.49    2.66    0.02    8.62    0.14
200210    4.02   -5.67   -0.50   -3.14    0.14
200211    4.22   -2.41    0.61   -5.23    0.12
200212   -2.59    3.06    2.26    8.72    0.11
200301   -2.67    2.97    1.77    1.49    0.10
200302   -1.80    1.68    2.97    4.46    0.09
200303   -1.77    0.69    0.18    2.07    0.10
200304    9.31   -1.85   -0.20   -6.70    0.10
200305    6.99    1.89    0.34   -3.40    0.09
200306    2.76    2.37    1.16   -4.70    0.10
200307    2.08    0.83    2.87   -3.93    0.07
200308    3.06    2.86    0.90   -1.80    0.07
200309    4.12    3.40   -0.77    0.31    0.08
200310    5.79    0.52    1.29    4.42    0.07
200311    1.97   -1.98    0.09   -1.59    0.07
200312    6.84   -1.85    1.25    0.40    0.08
200401    2.42    2.99    2.26    3.57    0.07
200402    2.35    0.58    0.56    0.26    0.06
200403    1.25    4.54   -0.61    1.64    0.09
200404   -2.78    0.51   -0.13   -0.97    0.08
200405    0.11   -2.22   -0.07   -2.03    0.06
200406    2.84    2.16    0.41    2.31    0.08
200407   -3.61   -0.30    1.83   -1.53    0.10
200408    0.69   -0.28    1.03    1.83    0.11
200409    2.59   -0.27    0.48    0.87    0.11
200410    3.76   -0.05    0.24    0.11    0.11
200411    6.11    0.51    0.98    0.72    0.15
200412    4.17   -0.28    1.10    0.96    0.16
200501   -1.25    3.96    1.14    1.86    0.16
200502    3.91    0.34    1.44    1.56    0.16
200503   -2.12    0.27    1.44    0.45    0.21
200504   -2.56    0.29    0.26    0.78    0.21
200505   -0.51   -1.87    0.71    0.98    0.24
200506    1.87    0.96    0.72    2.94    0.23
200507    3.14   -0.18    0.89    1.57    0.24
200508    3.19    0.24   -0.38    3.05    0.30
200509    3.48   -1.18    0.21    2.84    0.29
200510   -3.28    0.82    0.84   -0.64    0.27
200511    2.17    0.00   -0.67    1.50    0.31
200512    5.14    2.42   -1.84    2.49    0.32
200601    5.74    0.61    1.46    3.25    0.35
200602   -0.49   -0.91    2.43   -1.23    0.34
200603    3.30    0.70    0.22    2.26    0.37
200604    4.58    0.25    0.02    1.76    0.36
200605   -4.71   -1.46    0.51   -3.14    0.43
200606   -0.77   -2.27   -0.18   -0.59    0.40
200607    0.17   -2.70    2.25    0.52    0.40
200608    2.44   -0.26   -0.31    0.04    0.42
200609   -0.40   -0.92    0.96    0.00    0.41
200610    3.46   -0.63   -0.38    0.92    0.41
200611    2.75    0.11    0.38    1.51    0.42
200612    2.67   -0.39    0.48    2.42    0.40
200701    0.65    1.74    1.01    0.47    0.44
200702    0.55    1.24    0.71    1.60    0.38
200703    2.48    0.08    0.61    1.53    0.43
200704    3.79   -0.14    1.56    1.28    0.44
200705    1.89   -0.62    0.67    1.38    0.41
200706   -0.03    1.23    0.31    0.56    0.40
200707   -1.45    1.74    0.18    2.37    0.40
200708   -2.60   -4.67    0.33   -0.65    0.42
200709    5.27   -2.11   -1.53    4.50    0.32
200710    4.28    0.72   -2.32    2.33    0.32
200711   -4.62   -3.55   -0.33   -0.02    0.34
200712   -2.18   -0.87    1.42    1.14    0.27
200801   -8.76   -0.73    1.14   -2.04    0.21
200802    2.07    2.46   -1.42    2.65    0.13
200803   -1.52   -1.55    3.07    0.52    0.17
200804    5.18   -3.10   -0.91   -1.34    0.18
200805    1.79    1.26   -1.34    2.60    0.18
200806   -7.90    1.75   -0.28    7.83    0.17
200807   -4.03   -2.11    2.47   -2.06    0.15
200808   -4.38   -1.59    0.19   -1.99    0.13
200809  -14.58   -1.28    2.27    1.58    0.15
200810  -21.14   -1.79    0.96    8.57    0.08
200811   -5.39    1.14   -1.71    3.93    0.03
200812    6.63    0.60    0.87   -1.38    0.00
200901   -9.05    4.54   -2.71    0.89    0.00
200902  -10.02    1.77   -4.01    1.83    0.01
200903    6.11   -2.17    0.42   -9.29    0.02
200904   12.46   -1.46    2.74  -22.48    0.01
200905   13.70    3.01   -1.78   -9.25    0.00
200906   -0.87    2.71    0.14    1.40    0.01
200907    9.28   -3.25    3.60   -1.59    0.01
200908    4.25    1.97    3.90   -5.87    0.01
200909    4.60    1.36    0.13   -1.21    0.01
200910   -1.93    1.60   -1.31    2.11    0.00
200911    2.34   -1.80   -1.54    1.26    0.00
200912    1.27   -1.50    0.86    1.67    0.01
201001   -4.01    3.67   -0.77   -0.93    0.00
201002   -0.35    0.11   -1.29    0.56    0.00
201003    6.45   -1.36    4.26    4.17    0.01
201004   -0.80    4.33   -0.31    0.93    0.01
201005  -10.71    0.32   -2.76   -0.74    0.01
201006   -1.24    0.50   -2.17    0.09    0.01
201007    9.24   -2.76    2.84   -0.82    0.01
201008   -3.30    0.85   -2.43    2.92    0.01
201009   10.02    0.54   -0.50    2.57    0.01
201010    4.11   -0.52   -0.44    0.30    0.01
201011   -4.42    2.91   -2.22    5.69    0.01
201012    8.28    2.09    1.08    0.64    0.01
201101    2.12   -1.17    4.41   -2.77    0.01
201102    3.43   -0.47   -0.28    0.48    0.01
201103   -1.60    0.95   -0.88    0.87    0.01
201104    5.71   -1.67   -1.01    2.15    0.00
201105   -2.79   -0.08   -0.92    1.07    0.00
201106   -1.37   -0.82    1.30    1.72    0.00
201107   -1.32    2.42   -2.86    2.52    0.00
201108   -8.51    1.35   -2.51   -0.81    0.01
201109  -10.31   -0.01    1.37   -1.84    0.00
201110    8.79   -4.06   -2.02   -0.59    0.00
201111   -4.57   -0.28   -1.44    5.25    0.00
201112   -1.35    0.04    0.55    2.59    0.00
201201    6.02    1.72    0.76   -7.00    0.00
201202    5.36   -0.47    0.07   -4.18    0.00
201203   -0.28    0.37   -0.34    3.97    0.00
201204   -1.50    0.85   -2.18    6.47    0.00
201205  -11.27    0.74   -0.62    6.35    0.01
201206    5.85   -3.82    2.09   -0.46    0.00
201207    0.81   -0.97   -2.09    4.40    0.00
201208    2.99   -0.71    1.06   -1.13    0.01
201209    3.37    0.82    1.37   -1.45    0.01
201210    0.81   -0.99    0.60    0.06    0.01
201211    1.81   -2.30    0.68    2.02    0.01
201212    3.33    0.61    3.47   -1.33    0.01
201301    5.22   -0.18    2.90    0.93    0.00
201302   -0.94    0.84   -0.98    4.10    0.00
201303    0.75    1.15   -2.75    4.98    0.00
201304    4.37   -2.02    2.60    4.51    0.00
201305   -1.52   -1.13    2.06   -1.99    0.00
201306   -3.74    0.56   -0.89    2.17    0.00
201307    5.58   -0.81    1.39    1.39    0.00
201308   -1.01    1.77    0.16   -1.92    0.00
201309    7.04    0.80    0.66    2.98    0.00
201310    3.37   -1.30    2.17    0.84    0.00
201311    0.59   -0.46   -0.01    3.52    0.00
201312    1.71    0.20   -0.17    1.61    0.00
201401   -3.23    3.93    1.33    0.81    0.00
201402    5.37   -1.52    0.13    0.96    0.00
201403   -0.22    0.58    0.91   -1.39    0.00
201404    1.10   -1.93    0.78   -2.95    0.00
201405    1.39   -0.74   -0.17   -0.34    0.00
201406    1.46    1.75   -0.45    0.01    0.00
201407   -1.98    0.54    0.14    0.18    0.00
201408   -0.28    0.35   -0.52    0.56    0.00
201409   -4.05   -1.74   -0.19    1.44    0.00
201410   -1.81   -1.49   -2.94    0.97    0.00
201411    0.83   -1.94   -0.97    0.38    0.00
201412   -2.93    2.06   -1.24    2.07    0.00
201501   -0.29   -0.73   -1.17    4.18    0.00
201502    5.69   -1.02    0.51   -2.71    0.00
201503   -1.34    0.82   -1.08    2.11    0.00
201504    4.89    2.33    0.95   -1.47    0.00
201505   -0.44    2.08   -0.89    3.66    0.00
201506   -2.61    2.29   -0.12    1.64    0.00
201507    0.80   -3.11   -2.79    1.34    0.00
201508   -6.29    1.95   -0.06    0.18    0.00
201509   -4.65    1.94   -2.14    3.91    0.00



 Annual Factors: January-December
      Mkt-RF     SMB     HML     WML      RF
1991    4.02   -3.56   -1.92    7.75    5.60
1992  -18.90   -0.40    0.91   10.14    3.51
1993   27.41   13.43   13.86   -5.75    2.90
1994    6.33   -2.02   11.96    2.47    3.90
1995    2.85   -0.57   -4.33    7.46    5.60
1996    0.78    1.43    7.22    9.55    5.21
1997   -6.10  -15.98    2.29   28.30    5.26
1998   11.66   -9.56    2.88    2.43    4.86
1999   32.53   10.94  -33.45   49.22    4.68
2000  -22.21   -4.13   30.00  -21.79    5.89
2001  -25.14    2.27   22.18   20.15    3.83
2002  -13.73    6.87   19.12   31.41    1.65
2003   42.83   16.96   17.41  -11.92    1.02
2004   21.53    9.55    9.99    9.21    1.20
2005   13.86    7.10    5.83   22.68    2.98
2006   20.76   -9.83    9.58    8.31    4.80
2007    8.12   -6.14    2.76   17.50    4.66
2008  -44.26   -3.02    3.24   11.90    1.60
2009   33.33   10.37   -1.65  -51.06    0.10
2010   11.54   12.91   -6.77   17.63    0.12
2011  -12.65   -2.93   -3.90    8.94    0.04
2012   17.31   -4.56    5.07   11.18    0.06
2013   22.93   -0.51    8.22   27.98    0.02
2014   -4.62   -0.15   -3.11    2.67    0.02
