This was created by CMPT_EP_CFP_OP_INV_NI_AC_BRKPTS using the 201509 CRSP database.
It contains every 5th NYSE INV percentile.

    Count
1963  756       -5.42       -2.45       -1.13        0.35        1.36        2.15        2.94        3.75        4.51        5.19        6.16        6.86        7.95        9.63       11.31       13.48       16.54       21.82       32.73      167.74
1964  809       -4.66       -1.99       -0.26        1.08        1.69        2.41        3.11        3.95        4.57        5.43        6.24        7.03        7.94        9.13       10.98       13.00       16.64       21.72       31.69      185.94
1965  855       -4.23       -0.83        1.21        2.33        3.10        3.81        4.56        5.43        6.24        7.01        7.91        9.11       10.26       11.38       13.59       16.01       19.32       23.38       34.00      241.73
1966  922       -2.44        1.19        2.48        3.39        4.59        5.37        6.25        7.18        8.26        9.23       10.29       11.75       12.87       14.83       17.63       20.97       24.91       31.92       46.18      528.91
1967  971       -0.97        1.76        3.53        4.52        5.70        6.60        7.88        8.99       10.33       11.54       12.77       14.22       15.89       18.45       20.69       23.81       28.17       34.78       44.58      616.87
1968 1018       -2.86        0.00        1.87        3.24        4.33        5.66        6.67        7.83        8.79        9.86       11.10       12.64       14.02       15.91       18.56       22.26       26.96       35.03       59.73      571.43
1969 1082       -1.06        1.95        3.63        4.69        5.95        7.03        8.07        9.40       10.43       11.73       13.16       14.49       16.67       19.04       21.46       25.47       32.70       46.77       77.49      441.96
1970 1143       -1.41        1.43        2.65        4.04        5.07        6.08        7.31        8.41        9.60       10.81       12.18       13.61       15.43       17.16       20.22       23.78       29.92       40.59       73.48      982.63
1971 1181       -7.10       -3.02       -0.55        0.82        2.37        3.43        4.70        5.85        6.99        8.11        9.19       10.27       11.63       13.07       14.88       17.31       21.13       28.57       44.49      370.22
1972 1234       -8.69       -3.88       -1.57        0.04        1.47        2.70        3.72        4.83        6.10        7.04        8.17        9.56       10.71       12.15       13.77       15.69       18.46       23.33       32.09      212.27
1973 1284       -5.52       -0.70        1.25        2.84        3.90        4.87        6.05        7.40        8.44        9.27       10.46       11.73       13.16       14.77       16.90       19.62       22.27       27.39       38.85      352.44
1974 1312       -3.10        1.14        3.14        4.84        6.47        7.66        8.95       10.04       11.04       12.11       13.11       14.36       15.76       17.29       19.01       21.38       24.38       29.55       42.37      206.62
1975 1329       -5.46       -0.57        2.10        3.88        5.57        7.13        8.58        9.74       11.02       12.20       13.37       14.88       16.27       17.81       19.93       22.65       25.45       29.63       37.01      464.05
1976 1341      -13.42       -8.25       -5.16       -3.10       -1.46       -0.39        1.12        2.41        3.57        4.91        5.89        7.20        8.57        9.93       11.74       13.73       16.48       20.10       27.35      355.24
1977 1369       -7.42       -3.11       -0.38        1.70        2.94        4.43        5.77        6.72        7.82        8.79        9.89       10.93       12.33       13.69       15.51       17.35       19.78       23.92       30.39      122.18
1978 1371       -4.28       -0.48        2.07        3.83        5.18        6.31        7.27        8.35        9.26       10.26       11.25       12.46       13.78       15.19       16.66       18.98       21.75       25.74       32.98      242.60
1979 1363       -2.40        2.02        4.48        6.10        7.38        8.57        9.70       10.44       11.53       12.56       13.63       15.13       16.23       17.84       20.18       22.50       26.44       32.99       46.42      333.62
1980 1353       -3.07        2.76        4.97        6.65        8.17        9.35       10.57       11.82       13.11       14.20       15.23       16.62       17.85       19.56       22.41       25.65       29.96       35.95       49.29      860.36
1981 1350       -6.26       -1.19        1.82        3.66        5.21        6.98        8.16        9.24       10.32       11.38       12.62       13.83       15.01       16.30       18.78       21.92       26.00       32.26       46.18      196.92
1982 1342       -9.43       -3.68       -0.26        1.93        3.34        4.62        6.14        7.20        8.44        9.62       10.72       11.91       13.38       14.99       17.17       19.99       25.51       32.98       51.16      347.74
1983 1321      -14.02       -8.77       -6.10       -3.47       -1.44        0.16        1.58        3.18        4.75        6.03        7.55        8.94       10.35       11.87       13.75       16.57       20.41       25.53       36.81      585.37
1984 1311      -13.14       -6.53       -3.48       -1.05        0.69        2.16        3.44        4.67        5.97        7.36        8.44        9.99       11.53       13.45       15.38       17.58       21.33       28.31       45.79      407.56
1985 1290      -13.26       -6.76       -3.36       -0.79        0.81        2.29        3.96        5.35        6.88        8.05        9.68       11.31       12.94       14.92       17.08       20.38       24.51       32.36       48.00      409.54
1986 1258      -17.83       -8.89       -4.68       -2.10        0.28        1.82        3.54        5.31        6.34        7.51        8.82       10.45       12.19       14.06       16.58       19.73       24.49       33.93       56.27      780.69
1987 1261      -20.43      -11.83       -7.23       -3.49       -0.61        1.26        3.00        4.62        6.05        8.06        9.69       11.54       13.75       16.24       19.70       23.71       30.30       42.64       78.16      839.82
1988 1261      -15.97       -7.85       -3.79       -1.27        0.44        2.15        3.49        4.78        5.98        7.75        9.33       11.10       12.94       15.21       17.55       21.70       28.30       39.03       71.19      985.40
1989 1251      -17.90       -8.75       -4.90       -1.85        0.69        2.20        3.69        4.94        6.64        8.05        9.70       11.09       12.92       15.31       18.34       21.36       26.53       36.76       59.46     7940.35
1990 1249      -16.06       -8.81       -4.57       -1.74        0.17        1.75        2.98        4.05        5.51        6.77        8.07        9.53       10.88       12.65       15.09       18.04       23.35       32.71       55.17      693.22
1991 1288      -20.88      -11.21       -6.62       -3.03       -0.82        0.84        2.11        3.32        4.45        5.53        6.74        8.29        9.74       11.58       13.87       16.85       20.64       27.78       45.36      387.90
1992 1360      -21.14      -13.27       -8.70       -5.30       -3.59       -1.77       -0.34        0.57        1.72        2.90        4.35        5.76        7.07        8.65       10.56       13.01       17.40       24.42       39.80      260.49
1993 1444      -17.35       -9.33       -5.56       -3.28       -1.50       -0.16        1.32        2.66        3.66        4.79        5.98        7.20        9.39       11.28       13.84       16.85       20.82       28.51       53.66     2533.98
1994 1535      -16.18       -7.37       -4.18       -2.40       -0.66        1.15        2.63        4.17        5.47        6.88        8.30        9.92       11.96       13.80       16.68       21.07       27.62       36.53       58.70   444760.41
1995 1587      -14.86       -5.45       -2.45       -0.25        1.33        2.34        3.45        4.55        5.60        7.00        8.48       10.00       11.77       14.41       17.35       20.94       26.61       36.56       60.53      923.43
1996 1629      -15.22       -6.33       -2.81       -0.59        1.13        2.37        3.78        5.49        7.07        8.69       10.61       12.32       14.10       17.21       19.93       24.84       31.47       43.44       63.13     4060.84
1997 1749      -14.01       -5.89       -3.24       -1.20        0.57        2.10        3.55        4.87        6.35        7.87       10.09       12.13       14.46       17.38       22.00       27.11       37.81       53.08      100.01   592884.38
1998 1777      -14.01       -6.14       -2.80       -0.74        1.21        2.85        4.30        6.04        7.54        8.95       11.17       13.45       16.74       20.27       25.15       32.82       42.40       62.59      111.67   530581.81
1999 1730      -14.89       -6.72       -2.30       -0.19        1.56        3.40        5.04        6.35        7.99        9.93       12.00       15.39       18.56       21.92       27.09       33.91       44.14       64.86      113.96   264483.66
2000 1583      -13.97       -7.18       -4.36       -2.12       -0.01        1.57        3.20        4.56        6.33        8.13        9.69       11.83       14.52       18.09       21.47       27.01       34.86       50.81       84.32      525.23
2001 1471      -15.10       -8.09       -4.63       -2.97       -0.78        0.68        1.92        3.33        4.76        6.33        8.07       10.46       12.99       15.98       19.75       24.83       31.82       45.83       82.68      661.15
2002 1423      -20.99      -12.38       -8.27       -5.90       -3.88       -2.06       -0.64        0.82        2.28        3.98        5.63        7.60        9.84       12.19       15.13       18.77       26.80       35.74       59.26     1853.57
2003 1404      -20.36      -13.26       -9.06       -6.04       -3.99       -2.50       -0.98        0.64        2.09        3.61        5.19        6.85        8.96       11.21       13.75       16.65       21.91       28.48       45.92      651.19
2004 1394      -14.77       -6.54       -3.21       -1.27        0.45        1.62        3.18        4.55        6.15        7.19        8.78       10.18       11.77       13.46       15.47       17.83       21.77       28.85       41.63      500.30
2005 1401      -10.89       -5.36       -1.90        0.15        1.62        2.89        4.45        5.63        6.72        8.20        9.68       11.15       12.98       15.29       17.47       21.37       26.56       36.39       58.34      397.64
2006 1374      -12.35       -6.00       -3.99       -2.32       -0.38        1.15        2.41        3.96        5.29        6.95        8.33       10.06       12.28       14.27       17.21       20.96       26.64       39.67       65.94      372.05
2007 1347      -11.79       -6.44       -3.65       -1.55        0.26        1.36        2.79        3.99        5.40        7.10        8.42       10.35       12.33       14.33       16.79       20.74       26.18       36.83       58.46    25655.50
2008 1321      -13.80       -7.15       -3.25       -1.12        0.58        1.97        3.11        4.58        5.89        7.22        8.77       10.14       12.21       14.77       17.68       21.96       27.09       37.24       60.34      928.85
2009 1265      -28.47      -19.92      -14.05      -10.37       -7.96       -5.39       -2.98       -1.34        0.41        1.84        3.42        4.89        7.12        9.17       11.33       14.14       18.66       26.56       47.53      696.81
2010 1273      -22.39      -16.22      -12.40       -9.06       -6.80       -5.04       -3.29       -1.91       -0.60        0.70        1.50        2.76        4.42        5.93        7.36        9.53       12.30       16.95       27.96      793.36
2011 1264      -11.71       -6.46       -3.97       -1.91       -0.28        0.96        1.99        3.30        4.31        5.24        6.28        7.36        8.79       10.44       12.54       15.95       20.14       28.55       54.90     4933.72
2012 1267      -12.40       -6.24       -3.41       -1.37       -0.01        1.23        2.54        3.74        4.71        5.72        6.84        8.28       10.12       12.17       15.11       18.73       24.56       34.16       58.48     4772.47
2013 1272      -14.02       -7.14       -3.77       -1.75       -0.30        1.03        2.34        3.40        4.55        5.70        6.71        7.65        9.18       11.00       13.41       16.90       22.00       32.71       62.04     1782.37
2014 1304      -12.20       -6.91       -4.38       -2.64       -0.77        0.64        1.54        2.53        3.71        4.73        6.03        7.27        8.79       11.02       13.65       17.72       23.14       34.56       78.34      756.43
2015 1310      -12.38       -7.61       -5.00       -3.15       -1.64       -0.21        1.29        2.62        3.66        5.01        6.18        7.57        9.08       10.98       14.88       19.42       27.50       44.27       85.46     2119.65
