
     Value-Weight Dollar Returns      All 4 Data Items Not Reqd
                -- BE/ME --   --- E/P ---   --- CE/P --   ------  Yld  -----
          Mkt   High    Low   High    Low   High    Low   High    Low   Zero
199101  -0.61  -1.56  -2.34  -1.63   1.26   4.99   2.07  -1.60  -2.09  17.64
199102  17.24  14.71  14.37  19.75  15.39  19.12  13.06  19.24  16.66   9.58
199103  -3.93  -5.34   1.04  -5.23  -1.57  -7.43  -1.62  -4.27  -5.15   7.62
199104  -6.19  -8.96  -4.29  -6.67  -3.77  -9.52  -6.39  -5.91  -5.42   1.15
199105   0.02  -8.16   1.25  -1.41  -1.12   2.07   0.99  -1.77   2.67  -3.08
199106  -7.26  -8.94 -10.07  -7.00  -8.15 -14.40  -9.08  -6.33  -7.01  -7.02
199107   9.71  13.44   9.38   3.92   9.25  13.27   9.75   3.29  14.24  10.06
199108   0.08   0.13   1.79  -0.81   1.85   5.79   2.54  -0.91  -1.07   8.37
199109   5.37   3.79  11.08   6.37   9.52   6.27  10.60   5.90   4.22  17.74
199110  -1.95  -4.71  -2.91  -0.51  -3.47  -4.99  -3.83   0.17  -3.27   1.48
199111  -3.54  -8.13  -4.44  -0.55  -5.04  -1.59  -4.52  -0.37  -2.93  -9.93
199112   9.41   5.29  10.97  12.16   9.87   7.39  10.89  12.73   8.95   9.23
199201  -0.49  -7.79   2.05   0.29  -2.29  -0.90   3.28  -4.16   3.09  -7.61
199202  -3.90  -2.36  -3.60  -3.49  -4.93   1.03  -4.23  -5.21  -2.86  -9.05
199203  -3.28  -7.37  -1.94  -0.76  -3.85  -1.94  -1.64  -5.39  -2.25  -3.46
199204   4.41   8.15   1.89   0.86   6.26   6.88   0.77   5.83   0.37   9.73
199205  -1.70   1.34  -3.71   4.13   1.24  -0.15  -4.84   2.34  -5.48   5.14
199206   1.01   1.13   0.60   1.70   2.14   4.95  -0.22   0.02   0.58  -5.52
199207  -0.11  -2.22  -0.76   1.67   2.58   5.17   1.95  -2.96   1.29  -3.85
199208  -0.65   0.07  -2.98   1.52  -1.45  -0.46  -3.40   1.52  -0.66 -13.82
199209  -6.59  -2.88  -8.33  -3.58  -3.71  -2.72 -10.59  -2.44 -10.37  -0.97
199210  -9.61  -5.74 -10.34  -9.50  -8.50 -12.35  -9.72  -7.31  -9.99  -3.96
199211   1.84   1.91   3.46  -2.56   0.63  -2.15   5.08   1.76   4.73  -5.04
199212   0.76   1.40   1.79  -1.69   3.19  -5.17   5.50   0.12  -1.94  29.96
199301   3.37  -5.10   2.14  -4.91   0.60   4.90   2.41   5.67   4.50   2.12
199302  -5.83  -7.54  -9.81  -9.72  -9.25  -7.72 -12.79  -3.25  -5.04 -11.44
199303  20.19  30.76  19.20  42.90  23.29  30.72  13.66  29.66   5.18  11.09
199304   1.87  11.81   2.85   5.52   0.41   4.14   6.45   0.22   3.00   4.29
199305   1.62  -2.41   5.11  -5.30   4.94   4.34   7.48   1.16  -3.30  12.15
199306  -1.84  -9.12  -1.67  -2.63   0.33  -3.53  -3.83   0.23  -7.17  -5.15
199307  -1.72  -3.54  -3.40  -4.87  -2.52   1.07  -2.33  -2.54   0.60  -2.13
199308   6.17  20.94   3.69   7.02   6.01   5.78   8.70   8.73   3.26   7.51
199309  -0.70  -4.24   2.36  -4.93   1.60  -2.54  -0.11  -0.25  -3.10   2.68
199310   4.21  -2.02   7.15  -0.25   7.61   7.01   8.49   4.83  -0.11   9.35
199311   1.64  -5.77   2.58  -8.19   2.06  -9.99   9.10  -0.95   8.23  13.11
199312   3.17   2.41   0.73  -5.05   1.11   2.95  -2.63   4.25   5.57  -4.42
199401  13.55  16.57  13.68  17.33  18.31  17.31  18.11   8.63  17.06  18.16
199402  -7.67 -13.24  -4.08  -9.29  -5.73  -1.85  -5.92 -12.27  -5.84  -2.63
199403  -5.05  -4.19  -4.67  -2.78  -4.77  -6.26  -4.11  -8.01  -2.20  -6.27
199404   4.47   3.80   4.45   2.63   3.15   3.91   1.92   6.43   4.35   2.46
199405  -4.76  -4.75  -5.94  -4.54  -5.03  -3.00  -5.21  -5.14  -5.79  -0.94
199406  -0.30  -1.41  -2.74  -5.32   1.57  -7.20   2.87   0.54   1.38   2.16
199407   6.19  -0.15   6.89   5.22   6.93  11.36   6.55   5.04   9.25   0.36
199408   5.55   5.96   3.14   2.12   8.84   4.22  10.16   0.94  11.97   5.54
199409  -0.38   6.19   1.57   2.18   0.11  -1.57   1.21  -1.62  -3.72  13.01
199410   1.88   2.44  -1.02   4.22  -3.10   5.97  -4.73   7.95  -0.77  -9.44
199411  -4.86  -1.19  -5.57  -1.07  -6.05  -4.08  -6.47  -3.44  -6.67  -3.89
199412   2.02   0.41   1.22   0.79   2.07   4.90   3.09   3.64   2.53  -0.42
199501   1.18  -1.34   1.83   2.59   4.01   3.77   3.78  -3.94   4.63   1.81
199502   4.07   3.63   3.47   3.36   2.90   1.98   2.59   5.83   3.76   2.15
199503  -0.05   3.62   1.37   0.98  -2.50  -3.92  -5.13   3.51  -2.14  -5.04
199504   3.34  -3.47   3.48   4.57   0.49  -1.63   1.25   3.94   1.71   0.77
199505   1.38   3.24   3.09   3.16  -0.46   4.74  -2.38   2.94  -0.14  -1.93
199506   4.68   5.89   4.57   4.97   4.44   4.26   7.40   1.55   6.23  -2.12
199507   2.78  -0.29   2.46   4.73   2.58  -1.95   1.78   1.42   3.02   5.40
199508  -0.59   4.06  -0.05  -3.44   1.79   4.59   1.48  -2.01  -0.84  20.40
199509   3.42   6.82   2.53   7.96   0.26   5.28  -2.31   6.23  -0.29  -0.45
199510  -0.74  -2.47  -1.07   3.69  -3.23  -4.58  -6.19   0.70  -4.47  -2.39
199511   1.58  -4.44   2.84   6.01  -4.41  -2.25  -7.19   4.63  -2.47  -4.33
199512   1.14   2.67   3.77  -0.21  -0.22  -0.30   1.15   0.07   1.44  10.88
199601   3.03  -0.47   5.84  -0.11   6.25  -1.12   6.24   4.43   0.62  16.85
199602   0.20   1.65   3.41   2.05   3.08   2.68   4.17  -5.25   6.41   0.69
199603   3.21   1.26   7.02   0.43   7.95   1.38   8.80   0.14   5.85  10.54
199604   3.66   7.40   2.34   7.96   1.81   7.61   2.70   1.20   3.46   1.25
199605   2.17   1.39   3.06   2.08   2.95   0.45   2.67   4.24   6.73  -2.62
199606  -0.30   1.92  -0.05   3.06  -1.27   3.54  -1.39  -1.58   3.92  -8.32
199607  -2.11  -5.49  -3.62  -5.85  -2.84  -5.21  -2.19  -1.26  -6.35   3.95
199608   4.25   4.07   4.92   3.45   4.60   4.17   4.77   3.52   4.00   6.98
199609   3.23  -0.38   2.03   1.33   1.71   0.19   1.30   3.91   3.91  -5.85
199610   2.06   1.52  -0.82   0.71  -0.10   1.39  -1.51   6.87   0.30  -5.60
199611   4.16   2.38   4.98   2.53   4.61   2.10   4.36   4.33   1.97  10.63
199612   0.90   2.25   1.17   2.54   0.62   2.96   0.93  -1.05  -2.94  10.28
199701   3.04  -6.59   4.17  -5.53   4.70  -6.80   4.94   1.77   0.73  10.83
199702   2.18  -1.72  -1.04  -0.86  -0.71  -3.79  -3.00   8.81   2.37 -10.35
199703  -2.23   1.25  -2.28   0.56  -2.00   1.76  -3.20  -3.01  -4.72  -1.91
199704  -2.89  -6.66  -4.67  -5.70  -4.32  -6.51  -4.56  -1.13  -4.26  -6.00
199705   8.58  14.46   9.70  14.60   8.51  14.65   8.67   9.07   1.68  22.03
199706   4.37   5.39   6.43   5.75   6.99   6.00   7.55   1.11   2.68  11.21
199707   4.86   5.51  -1.17   5.36  -0.71   5.66  -0.96  12.93  -3.30   0.84
199708  -1.43   6.38   1.48   6.09   1.46   7.19   2.40  -7.40   6.08  -2.36
199709   4.84   2.15   6.64   1.58   5.04   0.75   5.45   4.01   5.05   8.11
199710  -0.63  -9.97   2.09  -9.27   2.00 -11.61   2.09  -3.03   1.86   2.68
199711   1.17  -0.95  -0.25  -0.97   0.06  -1.84   0.21   1.69  -3.32   4.44
199712   3.47  -1.50  -1.41  -0.59  -1.68  -1.97  -2.72   9.55   1.10  -6.47
199801   3.63   2.68   2.31  10.50   0.50   6.11   0.74   9.30   2.49  -3.00
199802  15.60   5.99  19.12  17.32  13.21  10.61  11.63  19.90   9.05  19.26
199803   3.90  13.45   2.67  15.75   6.38  -3.86   8.23  -0.63  12.61   3.64
199804   5.71  16.33   3.49   4.89   4.03  -1.08   0.88   9.75   2.00  -0.58
199805  -4.53 -10.04  -3.36  -8.72  -4.38   3.27  -1.40  -5.22  -2.56  -1.00
199806   1.49  -2.80   4.31   4.51  -0.22  -8.51  -1.89   7.84  -4.86   3.40
199807   0.19 -11.63   3.38  -4.56  -0.63  -5.63   2.13   2.73  -6.56  13.53
199808 -15.53 -12.90 -16.08  -9.35 -18.82  -6.13 -16.63 -10.11 -15.51 -16.97
199809   8.97 -11.74  13.83  -5.35  14.49 -10.40  18.43   3.14   6.85  27.92
199810   3.54  12.55   1.75  12.67   4.79  -4.84   3.90   2.05  11.56  -2.25
199811   4.53   5.94   4.53   1.89   3.44   5.16  -0.94   5.27   7.25  -4.94
199812   8.38   0.88  10.15   7.11   6.15  -0.68   6.14  14.20   7.19   4.22
199901  -1.47  -7.13  -1.15 -13.01  -0.60  -8.91  -6.03  -8.86   2.33  -6.69
199902   0.13  18.07  -1.22  11.35  -1.23  29.91   8.62  16.06  -3.62   9.03
199903  -2.96   2.60  -3.43  -5.47  -2.94  -5.01  -6.61   0.80  -1.61  -8.66
199904  -4.23  23.08  -7.80  -1.01  -7.64  32.08  -9.53  24.26   0.09 -23.73
199905  -8.10  -3.73  -9.17  -3.16  -9.10  -6.29  -4.12  -1.94 -14.72   3.25
199906  -2.84  -7.60  -1.47  -4.20  -1.90  -7.85   2.22  -6.36  -0.25   3.27
199907   7.86  13.95   8.73  -0.21   8.43  21.53   7.91  11.58   6.52   8.04
199908   0.58  -0.98   0.15   6.35   0.16  -2.41   6.21  -0.95   1.66   3.10
199909  -3.19   5.30  -4.69   1.34  -4.01   3.59  -0.62   4.62  -8.88   7.74
199910  -7.30  -8.09  -7.82  -6.60  -7.55 -11.49 -13.66  -6.97   1.44 -22.48
199911   3.89   1.36   5.06  16.05   4.53   3.94   4.84   0.30   3.61   6.61
199912   1.06  13.53  -1.02   1.15  -1.11  10.48   5.59  13.29  -3.40   5.92
200001  -7.01  -6.78  -2.96  -5.28  -2.69  -0.27  -2.34 -15.43  -4.48   2.00
200002   0.92 -15.04  -0.96  -4.97   7.01 -13.39   9.77 -11.14   2.51  24.70
200003   9.82   9.23   3.86  -2.60   8.25  -6.19   8.59  16.51   1.97  18.79
200004  -9.10  -7.89 -13.04  -8.82 -12.89 -13.15 -13.33  -0.58 -15.42 -10.31
200005  -6.24  -7.33  -4.29  -1.64  -4.76   0.22  -4.29  -7.16  -4.01  -4.98
200006   3.29  -0.77  -2.75   3.03   4.05   6.65   5.14   0.35  -2.21  14.98
200007  -3.32  -5.17  -5.44  -4.62  -1.18  -9.49  -1.49 -10.30  -9.27   7.53
200008   1.54  12.64  -3.98  -0.46   1.11   1.74   0.69   5.35  -2.01   3.28
200009   6.42   3.78   0.03  -7.80  -3.33  -9.34  -2.93  23.23  -0.14  -5.15
200010  -2.69   0.95   5.03  -7.60  -2.09 -10.57  -2.30  -4.33   3.61  -8.31
200011   0.67   0.92  -7.51  -7.18  -2.55  -1.78  -2.03   6.41 -11.50   7.80
200012  10.28  16.78  18.89  20.49   7.09   9.78   6.10   9.25  17.77  -4.51
200101   1.91  -0.07   1.18   3.11   1.68  -1.54   2.95   2.21   0.33   3.05
200102  -1.62   0.11   1.66  -7.40   0.98  -2.07   4.05  -6.99  -0.33   4.75
200103  -8.74 -14.46  -6.11  -7.85  -6.67 -10.32  -6.58  -7.91 -10.70  -5.68
200104   5.56  10.73   1.29   5.91   2.78   8.64  -1.30   6.60   6.71  -1.24
200105   2.68  -5.44   5.48   0.36   5.14  -4.66   7.95  -0.27   2.95   8.77
200106   3.47   2.06   6.33   2.11   4.34   2.97   5.43   2.31  -2.33   6.25
200107  -2.17  11.46  -3.54  -3.17  -2.98  10.49  -6.22  -1.35   3.43  -7.12
200108  -1.51   6.24  -5.86   5.58  -5.63   7.61  -9.16   6.02  -1.03  -9.39
200109 -12.23 -23.18  -5.71 -19.83  -7.13 -21.34  -8.04 -20.31  -9.06  -7.28
200110   2.91  13.33  -3.24   8.04  -1.79  14.34  -3.05   9.21   3.95  -3.91
200111   4.53   7.36   2.75   6.46   3.86   6.66   3.12   6.61   5.30   2.79
200112   4.90   3.38   4.52   5.97   6.01   2.92   5.71   5.36   4.29   5.42
200201 -11.65   0.99 -18.94  -3.14 -22.83  -0.90 -22.71  -0.30  -6.77 -31.22
200202  -7.11   5.57 -18.29   5.32 -16.73   6.37 -16.39   0.39   5.24 -33.81
200203   6.65   3.00   3.66   0.75   2.23   0.52   1.21  13.50   4.45  -2.62
200204   2.52   7.93  -0.61   4.06  -5.07   5.50  -4.55   5.22   0.44 -12.33
200205   5.96  17.02   1.75  15.81   0.54  19.10   0.60   7.83   2.99  -3.69
200206  -4.61   2.76  -7.46   1.30  -7.27   1.74  -7.08  -3.80  -2.87 -15.34
200207 -11.44  -3.84 -14.73  -6.08 -14.56  -5.19 -13.27 -15.27  -8.80 -22.57
200208   3.99   1.63   8.65   2.55   0.38   1.65   0.14   5.69  -0.99   2.03
200209 -13.01 -10.99  -8.64 -12.82 -15.87   0.18 -15.61 -13.64 -19.38  -7.97
200210  11.79  -4.65  13.05   6.21   9.61  -1.53   9.94   4.74   8.95  11.88
200211   4.55   2.50   6.18   9.32  14.67   3.62  15.18  -1.38  11.27  21.90
200212  -5.79   5.82  -4.77  -3.04  -9.05   1.05 -10.08  -0.65 -10.92  -8.98
200301   2.58  19.22   0.71  13.50   0.02  42.53   0.59  -0.45   0.78  14.65
200302  -4.32 -12.38  -2.67 -13.81  -8.07 -20.86  -6.15  -9.95  -4.12 -13.52
200303   4.70  -1.30   3.44   2.34   5.43  -7.96   5.05   3.48  13.16   1.43
200304  10.04   6.54  10.91   4.65   9.60  13.29   7.13   9.33   7.61   3.52
200305   4.05  31.47   0.60  13.05   7.28  43.31   9.12  11.92   4.64  13.23
200306  -0.86  -0.84  -0.14   0.63  -3.40  -6.89   2.63  -7.71   0.71   1.21
200307   0.29  -0.17  -4.65  -3.59   3.15  -3.70   2.46   3.36  12.77  -4.02
200308   1.20   2.07   0.54  -3.82   3.10  -5.93   1.26   3.15   2.36  -3.98
200309   2.72  10.71   2.60   2.65   8.15  13.02   5.82   8.32  -0.54   2.50
200310   5.28   7.21   6.14  18.21   7.91   0.40   9.45   7.32   3.48  19.58
200311   1.49  10.87  -0.85  -4.80   2.91   6.04   4.27   2.84   5.34  -5.19
200312  10.10  14.25   8.74  13.66   7.93  21.58   3.38  10.40  10.96  13.14
200401   1.95   9.82  -0.92   4.67  -5.10  12.22 -11.89   4.80   2.31  -8.28
200402  -0.76  -2.42   3.84  -8.20  -2.01   1.10   0.58  -7.65   2.35  20.74
200403   0.82  -3.77   3.91  -3.02  -3.68  -3.73  -2.87  -2.81  -3.13  18.87
200404   0.84  -2.70   2.72  -2.74  -0.78  -0.18   0.76  -3.53   1.58   7.71
200405   0.06  -0.47  -0.02   0.92  -3.52 -10.14  -0.15   0.39   0.16  -1.50
200406   4.38   0.40   5.54   8.14   1.14  -1.15   4.05   6.47   0.80   5.38
200407  -2.74  -2.97  -5.91  -1.78  -1.63  -5.81  -1.97  -1.86  -0.45 -11.83
200408   2.92   1.91   3.84   2.78   1.46  -0.21   0.04   2.69   2.68   5.02
200409   4.60   4.01   3.88   3.52   4.80   1.53   3.24   3.84   8.29   3.58
200410   3.29   6.65   3.69   2.89   4.69  -5.90   3.38   3.24   2.52   6.41
200411   9.80   6.58  11.34  11.25  15.19   7.11  13.35  10.00  13.17  10.34
200412   6.30   5.90   6.11   8.01   6.86   2.93   5.58   8.00   6.28   3.45
200501  -1.20  -2.36   0.96  -4.39  -0.14   3.31   7.49  -4.84  -0.54   3.91
200502  -1.22   8.56 -20.91   6.63   7.94  12.43   3.90   7.98   6.43 -41.62
200503  -6.95 -12.32 -14.74  -5.74  -2.42  -8.45  -2.59  -4.70  -4.32 -24.53
200504  -3.59  -4.48  -1.01  -4.17  -5.96  -8.04  -5.11  -4.01  -5.39   5.74
200505   2.54   2.75   5.42   0.38   1.22  -3.52   5.87   0.94   1.86  17.20
200506   3.53   4.88   2.07   7.05   4.08   1.23  -0.81   4.88   4.50  -4.08
200507   3.57   3.25   5.34   2.15   5.60  -6.12   3.61   1.61   6.47   5.21
200508  -0.53   3.89   4.65  -4.37   2.74   9.69  -1.66  -1.91  -2.51   6.76
200509  -0.38  -1.07   1.77  -0.21   2.35   8.53   0.31  -1.01  -0.26   1.16
200510  -3.61  -1.88  -2.82  -4.62  -1.74   1.35  -1.73  -2.89  -6.14  -1.80
200511   2.85   1.16   4.60   1.09   1.26  -2.18   0.26   2.19   4.17   8.45
200512   7.51  12.86  12.63   2.45   7.55   1.92  13.40   2.27   9.09  21.85
200601   5.40   4.81   5.45   6.45   2.02  -2.54  -0.21   6.17   4.25   3.01
200602   2.62   4.73  -3.88   4.49  -0.20  13.51  -2.59   4.91   3.00  -7.22
200603   4.33   2.17   4.65   3.05   3.87  -0.25   4.17   2.79   6.67   5.59
200604   2.40   2.53  -0.30   1.74  -0.58   4.95  -2.68   1.80   5.17  -4.46
200605  -2.02  -2.48  10.09  -4.39   3.92  -0.84   3.46  -3.93  -2.82  14.34
200606  -1.34  -0.49  -3.19   0.90   1.71   0.02   2.58   0.81  -2.91  -4.35
200607  -0.01  -0.10   2.00  -0.51   7.43  -0.14  11.20  -0.21  -3.06  -0.26
200608   7.32   8.76   5.33   8.40   2.73   1.94   0.37   8.19   9.30   3.08
200609   1.48   0.46   4.65   1.54  10.79   2.24  12.21   1.22   5.27   2.03
200610   4.45   2.51   6.78   2.20  10.32   9.57  10.27   2.43   6.07   2.61
200611   4.27   2.46   3.69   4.01   4.95   7.90   3.89   4.25   4.73   4.92
200612   8.42   7.06   8.92   7.31  11.45   5.70  11.26   7.57   8.58   5.54
200701  -3.96  -2.39  -8.82  -2.89  -3.63  -0.76  -8.61  -2.74  -4.14  -3.18
200702   3.77   2.99   2.94   2.27   3.37   7.11   0.01   3.12   4.84   6.38
200703   0.30   0.17   2.62  -2.12   3.42   4.46   3.68  -1.92   1.86   1.30
200704   2.69   1.12   6.65   1.04   7.29  -0.67   7.75   0.64   4.38   5.41
200705   3.06  -0.33  11.93  -0.63  -5.30  -4.37   1.73   0.47   6.98   4.02
200706  -4.06  -8.31  -1.52  -7.62  -8.45  10.01 -10.94  -7.22  -0.95   1.52
200707  -7.26  -3.75 -16.31  -4.71  -6.21  -4.80 -17.62  -5.17  -8.82  -4.13
200708  -2.15  -1.76   0.86  -3.03  -0.80  -4.21  -2.63  -1.78  -3.28   2.08
200709  -2.28  -5.49   1.68  -2.41   0.42   5.39   2.19  -4.75  -3.56   3.04
200710   3.06   2.84   7.85   1.43  10.93   4.69   5.98   1.33  -1.19  15.32
200711  -9.51 -10.57 -10.73 -11.64 -14.54  -7.16 -17.17 -11.86  -3.03  -8.42
200712  -4.16  -1.24  -4.86  -1.71  -7.30   0.17  -7.25  -2.52  -6.62  -7.10
200801  -2.23   0.86   2.42  -1.93  -8.46   1.60  -1.27  -1.82  -9.93  -1.54
200802  -0.87  -2.40  -0.95  -3.08   9.52  -2.70   8.79  -2.16  11.67  -2.50
200803  -0.25   3.78  -6.27   4.89   2.43   2.82   3.29   5.83   5.07  -7.39
200804   1.11  -3.58  13.30  -5.14   0.81  -1.93   2.17  -7.51  -1.26  11.80
200805  -3.81  -4.84  -2.18  -4.50  -0.88  -5.24   2.71  -0.32  -2.25  -4.17
200806 -13.49 -24.42  10.21 -28.21  -2.88 -24.20  -6.62 -32.98  -3.72   8.42
200807 -16.30 -13.18 -25.62 -14.31  -3.09 -13.12 -11.53  -7.83  -6.59 -26.29
200808  -2.89   0.81 -18.07  -0.12  -1.04  -0.31  -0.80  -3.51  -0.88 -12.32
200809 -24.20 -26.10 -23.76 -30.79  -6.39 -26.63 -23.18 -28.68  -5.63 -24.88
200810 -24.24 -23.05 -32.05 -40.58 -25.68 -21.13 -24.58 -47.83 -22.27 -20.29
200811 -15.92 -16.15 -16.88 -32.41 -14.49 -15.18 -18.79 -32.80 -12.49  -7.23
200812   1.82   3.90  -0.81 -17.38  -6.02   3.24   1.52 -14.26   0.97   4.86
200901  -8.38 -20.86  -3.56 -25.07  -6.78 -24.84  -7.78 -28.40   3.28  -4.97
200902 -11.30 -39.39   2.37 -45.34  -3.98 -45.07  -3.82 -67.96  -0.37  -3.63
200903   9.61  32.81  -5.14  36.85  -1.08  37.54   0.36 100.31  -2.87   3.42
200904  19.11  49.02   4.70  52.76  12.59  51.48  14.73  58.64   6.63  11.43
200905  14.38  52.09  14.51  59.52  13.14  59.07  15.48  90.14  12.02  19.49
200906  -1.49   2.58   0.60   2.16  -4.56   1.61  -4.64   9.07  -2.77  -2.91
200907   4.27   9.42   3.98  10.97  -1.36  11.18  -0.38   8.84   4.78   2.78
200908  12.39  30.11   9.14  31.89   4.62  31.64   5.24  37.75  12.38   2.46
200909   9.94  17.61   6.57  19.01   8.78  18.85   8.77  29.13   7.50   6.37
200910 -13.14 -25.76   2.77 -27.93  -8.42 -27.74  -7.51 -39.27   1.12 -10.05
200911  -0.53  -7.96   0.99  -8.95  -3.06  -8.85  -1.13 -16.15  -1.47   0.18
200912   0.98  -8.34  -0.47  -8.75   7.43  -8.55   6.11 -18.82   0.75   0.64
201001  -2.99  -2.07  -2.22  -7.07   0.61   0.49  -0.26  -9.96  -1.10   2.35
201002  -4.60 -15.11   0.38  -4.83  -3.72  -8.03   2.67  -5.57   3.33  -6.05
201003   8.98  19.24   5.74   9.43  10.19  15.34   2.65   9.39   2.75  10.59
201004   6.10  10.61   3.57  11.09   4.34   7.87   1.56  13.04   3.30   3.06
201005 -19.01 -28.01 -13.47 -21.84 -15.89 -24.00 -13.93 -21.71 -14.39 -19.13
201006  -3.57  -5.72   0.56  -4.60  -2.56  -3.07   3.34  -5.07   0.15  -4.19
201007   8.05  22.16   8.71   3.33   8.75  17.07  10.61   0.96  12.74  10.52
201008 -10.01 -14.01  -0.33 -19.65   0.25 -10.16  -0.32 -23.86   0.82  -6.28
201009   8.05   4.00   5.73   5.10   2.52   4.57   6.57   6.71   8.04   8.64
201010   3.79   0.10   4.00   3.10   1.14   1.00   5.78   3.65   5.20   3.24
201011  -8.24 -19.58  -8.99  -0.83 -11.66 -11.85 -10.52   0.78 -12.69 -10.95
201012  11.88  11.18   7.61  16.68  10.32  13.95   4.63  16.94   5.59   9.79
201101   2.31  -1.18   9.29   4.03  -9.26   0.80  -2.51   1.51  -3.25   6.32
201102   5.07   7.57   4.59   4.13  10.08   9.23   8.58   4.06  10.55   3.95
201103  -1.79 -15.73   2.36   1.57 -13.28 -11.77   0.23  -0.07  -0.67  -5.60
201104   8.97  13.18  12.13   2.47  16.47  13.70  11.40   7.64  10.90   9.52
201105  -4.10 -18.81  12.52  -2.44 -11.86 -16.81   3.67  -8.83   2.79  -3.58
201106   0.41  -6.49   9.29  -4.68  -1.99  -5.87  -1.75   0.81  -3.98   1.83
201107  -5.59 -11.60  -3.70   0.55  -7.22 -10.56  -1.87  -9.51  -1.12  -2.16
201108  -7.91 -15.57  -7.97  -4.04  -4.72 -15.68  -6.07  -6.22  -6.72 -11.73
201109  -9.05 -14.26  -5.70  -9.78  -6.58 -12.98  -7.62  -8.35  -8.92 -11.41
201110  11.65  18.20  11.07  11.21  10.23  18.27   6.71  11.65   6.56  15.96
201111  -2.38 -11.68  -5.59  -9.70  -4.51 -10.18  -0.20   2.79  -1.25 -10.13
201112   1.65  -6.24  13.72  -3.71  -2.70  -3.42  -2.10  -0.82  -3.83   9.60
201201   9.79  10.30   9.60  11.50  -0.73  20.20   4.34   0.57   2.72  13.37
201202  35.12  13.30  54.89  10.35   7.91  14.96  12.44   8.21  15.23  46.44
201203 -15.20  -3.80 -24.88   2.62  -2.69  -2.65  -1.71  -3.62   6.23 -21.09
201204  -8.77  -2.65 -13.84  -1.20   0.26  -3.90   2.15  -0.24  -0.80 -12.68
201205 -14.88 -17.72 -15.21 -13.46 -14.37 -17.81  -9.46 -14.86  -7.70 -16.29
201206   5.10   8.49   4.18   5.78  10.80   7.27  -3.31   9.75   0.63   4.56
201207 -12.20  -1.03 -23.83   3.34  -2.37   2.67   0.44  -2.26   3.03 -19.41
201208   2.29   0.23   1.63   5.53  -2.15   2.80   8.50  -0.41   7.69   1.47
201209   7.32   9.70   5.82   5.67   7.80   9.31   5.46   9.25   6.25   7.12
201210  -1.29  -1.56  -2.05  -2.97  -2.98  -2.00  -0.74  -2.50   2.38  -1.57
201211   2.35   4.00   1.31   2.14  -1.28   7.13  -2.60  -0.61   0.19   3.33
201212   2.07   7.45  -1.79   4.42  10.22   3.76   6.26   9.65   1.41  -1.10
201301  16.60  13.52   0.65  13.61   9.69  28.63   1.45  10.35   1.03  27.86
201302   0.31  -1.26   4.52   2.39  -2.71  -0.84   3.90   1.21   5.26  -2.09
201303   2.50   5.18   3.72   3.79   7.22   1.95   4.71   1.65   5.08   1.28
201304  -0.52   0.02   0.05  -0.82   5.24  -0.81   0.02  -0.20   1.85  -0.36
201305   4.42   2.08   1.12  10.16   4.69   6.24  -0.27   5.54  -1.15   6.01
201306  -5.86  -6.98   1.68   0.30  -7.13 -11.67  -1.76  -0.46  -1.37 -10.28
201307   2.45   8.21   5.95   6.19   3.55   0.13   5.63   2.43   7.29  -0.53
201308   8.67   6.93   0.75  -2.74  11.50  18.50   2.65  -1.87   3.25  18.69
201309  10.11   6.02   0.00   0.63   0.25  17.47   0.54   5.85  -1.19  16.81
201310   7.58   8.45   4.05   0.98  14.04  12.02   2.87   0.54   5.47  11.67
201311  14.25   3.54   2.22  -0.51   2.87  23.37   0.13   2.71   1.33  24.36
201312  -3.32  -2.36   4.05   2.34  -2.45  -7.16   7.38   1.17   6.81  -7.38
201401   9.41  10.18  -6.10  -0.34  -1.93  -0.91  -3.58   1.86  -1.92  15.18
201402  13.65  19.58   4.97  14.96   8.66  12.56   9.49  13.06   8.49  14.66
201403  -3.86  -9.86  -1.68   0.18   0.04  -9.62  -0.66  -6.40   0.01  -3.81
201404  -9.22  -0.50  -2.48  -3.57   1.29   1.37   1.82   5.74   1.34 -14.25
201405  -5.43  -4.83  -1.55   0.70  -2.11   1.19  -4.44  -5.19  -2.04  -6.88
201406 -10.42  -6.29  -4.32  -1.61  -2.28  -0.66  -2.42  -4.14  -2.41 -14.59
201407  -0.85  -4.12   3.35  -4.61   0.02  -6.90   0.46  -8.39  -0.09   1.31
201408  -1.89   3.45  -3.66   2.35   0.42   2.87  -1.28   0.07   0.48  -2.90
201409   4.93  -1.28   1.03   0.34  -6.53  -1.67  -2.85  -1.03  -6.59   9.98
201410   1.14  -4.89  -0.94  -4.03  -3.12  -8.49  -2.59  -5.46  -3.19   4.29
201411 -13.05   2.62   8.14   6.29   8.30   4.70   7.78   4.32   8.22 -23.13
201412   0.92  -1.58   2.31   8.89  -3.74   2.44  -4.30   1.85  -3.52   1.54

     Value-Weight Local  Returns      All 4 Data Items Not Reqd
                -- BE/ME --   --- E/P ---   --- CE/P --   ------  Yld  -----
          Mkt   High    Low   High    Low   High    Low   High    Low   Zero
199101  -2.02  -2.96  -3.73  -3.03  -0.18   3.49   0.62  -3.00  -3.48  15.96
199102  21.05  18.44  18.09  23.64  19.14  22.99  16.73  23.11  20.45  13.14
199103   6.65   5.09  12.17   5.21   9.27   2.77   9.22   6.28   5.30  19.47
199104  -2.20  -5.08  -0.22  -2.70   0.32  -5.67  -2.41  -1.91  -1.40   5.45
199105  -1.64  -9.69  -0.43  -3.05  -2.77   0.37  -0.69  -3.40   0.97  -4.69
199106  -3.56  -5.30  -6.48  -3.29  -4.48 -10.99  -5.45  -2.59  -3.30  -3.30
199107   5.66   9.25   5.34   0.08   5.21   9.09   5.69  -0.53  10.02   6.00
199108   0.24   0.28   1.95  -0.66   2.01   5.95   2.70  -0.76  -0.92   8.54
199109   0.37  -1.14   5.81   1.32   4.32   1.22   5.35   0.88  -0.73  12.15
199110  -1.48  -4.25  -2.45  -0.03  -3.00  -4.54  -3.37   0.65  -2.80   1.97
199111  -6.17 -10.63  -7.04  -3.26  -7.63  -4.26  -7.11  -3.08  -5.57 -12.38
199112   2.76  -1.12   4.22   5.34   3.18   0.85   4.14   5.87   2.32   2.58
199201   5.44  -2.30   8.13   6.26   3.53   5.00   9.43   1.54   9.23  -2.11
199202  -2.47  -0.91  -2.17  -2.05  -3.52   2.53  -2.81  -3.80  -1.41  -7.70
199203  -2.80  -6.91  -1.46  -0.28  -3.38  -1.46  -1.16  -4.93  -1.77  -2.99
199204   4.58   8.32   2.05   1.02   6.43   7.06   0.93   6.00   0.53   9.91
199205  -4.40  -1.45  -6.36   1.26  -1.55  -2.90  -7.46  -0.48  -8.08   2.25
199206  -4.03  -3.92  -4.43  -3.38  -2.95  -0.29  -5.20  -4.97  -4.44 -10.24
199207  -3.08  -5.13  -3.71  -1.36  -0.48   2.04  -1.09  -5.85  -1.72  -6.71
199208  -4.78  -4.09  -7.01  -2.69  -5.54  -4.59  -7.41  -2.69  -4.79 -17.39
199209  -5.36  -1.60  -7.12  -2.31  -2.44  -1.44  -9.42  -1.16  -9.19   0.34
199210  -1.72   2.49  -2.51  -1.59  -0.51  -4.70  -1.83   0.78  -2.13   4.43
199211   4.62   4.69   6.29   0.11   3.38   0.53   7.95   4.54   7.59  -2.45
199212   3.28   3.93   4.33   0.76   5.77  -2.81   8.14   2.62   0.50  33.21
199301   2.87  -5.56   1.64  -5.37   0.11   4.39   1.92   5.15   3.99   1.63
199302   4.62   2.72   0.20   0.29   0.82   2.52  -3.11   7.49   5.49  -1.62
199303  16.48  26.73  15.52  38.49  19.48  26.69  10.15  25.67   1.94   7.66
199304   0.48  10.28   1.45   4.08  -0.96   2.72   4.99  -1.14   1.60   2.87
199305   1.47  -2.56   4.94  -5.44   4.78   4.17   7.32   1.00  -3.45  11.98
199306   5.86  -1.99   6.04   5.01   8.21   4.04   3.72   8.09   0.12   2.29
199307   1.22  -0.65  -0.50  -2.02   0.40   4.10   0.60   0.38   3.61   0.80
199308   5.58  20.27   3.11   6.43   5.42   5.19   8.10   8.13   2.69   6.92
199309  -3.46  -6.91  -0.49  -7.58  -1.23  -5.26  -2.89  -3.03  -5.80  -0.18
199310   6.90   0.50   9.91   2.33  10.38   9.77  11.29   7.53   2.47  12.17
199311   0.50  -6.82   1.43  -9.22   0.92 -11.00   7.88  -2.06   7.02  11.85
199312   3.47   2.70   1.01  -4.78   1.40   3.24  -2.35   4.55   5.87  -4.15
199401  10.35  13.28  10.48  14.03  14.98  14.01  14.78   5.57  13.76  14.83
199402  -6.34 -11.98  -2.69  -7.98  -4.37  -0.43  -4.56 -11.00  -4.47  -1.22
199403  -5.46  -4.61  -5.08  -3.20  -5.17  -6.66  -4.52  -8.40  -2.62  -6.67
199404   1.47   0.82   1.45  -0.32   0.19   0.92  -1.01   3.38   1.35  -0.48
199405  -5.04  -5.03  -6.22  -4.82  -5.31  -3.28  -5.49  -5.42  -6.07  -1.23
199406  -3.40  -4.47  -5.76  -8.27  -1.59 -10.08  -0.33  -2.58  -1.77  -1.02
199407   7.17   0.76   7.87   6.18   7.92  12.38   7.52   6.00  10.25   1.28
199408   5.55   5.96   3.14   2.12   8.84   4.22  10.16   0.94  11.97   5.54
199409  -3.40   2.98  -1.51  -0.92  -2.92  -4.55  -1.86  -4.60  -6.63   9.58
199410  -1.30  -0.76  -4.11   0.96  -6.13   2.66  -7.70   4.58  -3.87 -12.27
199411  -0.26   3.59  -1.00   3.72  -1.51   0.56  -1.95   1.23  -2.15   0.76
199412   2.02   0.41   1.22   0.79   2.07   4.90   3.09   3.64   2.53  -0.42
199501  -0.38  -2.85   0.26   1.02   2.41   2.17   2.18  -5.42   3.02   0.24
199502   2.44   2.01   1.86   1.75   1.29   0.39   0.98   4.18   2.14   0.56
199503  -1.64   1.98  -0.24  -0.63  -4.05  -5.44  -6.63   1.87  -3.69  -6.55
199504   2.18  -4.56   2.32   3.39  -0.64  -2.75   0.11   2.77   0.56  -0.37
199505   1.88   3.75   3.59   3.66   0.03   5.26  -1.90   3.45   0.34  -1.45
199506   3.49   4.69   3.39   3.78   3.25   3.08   6.18   0.40   5.02  -3.24
199507   2.78  -0.29   2.46   4.73   2.58  -1.95   1.78   1.42   3.02   5.40
199508   2.83   7.65   3.40  -0.11   5.30   8.20   4.98   1.36   2.58  24.55
199509   1.45   4.79   0.58   5.91  -1.65   3.27  -4.17   4.20  -2.19  -2.35
199510  -0.90  -2.63  -1.23   3.52  -3.39  -4.73  -6.34   0.53  -4.62  -2.55
199511   3.72  -2.43   5.01   8.24  -2.39  -0.19  -5.24   6.84  -0.41  -2.32
199512   0.34   1.85   2.95  -1.00  -1.01  -1.09   0.35  -0.72   0.64  10.00
199601   5.17   1.60   8.04   1.97   8.46   0.94   8.45   6.60   2.72  19.28
199602  -0.27   1.17   2.93   1.57   2.59   2.20   3.68  -5.70   5.91   0.22
199603   3.21   1.26   7.02   0.43   7.95   1.38   8.80   0.14   5.85  10.54
199604   4.97   8.76   3.63   9.32   3.09   8.97   3.99   2.47   4.76   2.53
199605  -0.05  -0.81   0.82  -0.15   0.71  -1.73   0.44   1.97   4.41  -4.74
199606  -0.77   1.43  -0.53   2.57  -1.74   3.04  -1.86  -2.05   3.42  -8.76
199607  -3.36  -6.70  -4.85  -7.05  -4.09  -6.42  -3.44  -2.52  -7.55   2.62
199608   4.08   3.90   4.75   3.28   4.43   4.00   4.60   3.35   3.84   6.81
199609   4.40   0.75   3.19   2.48   2.86   1.32   2.44   5.09   5.09  -4.78
199610   0.42  -0.11  -2.41  -0.90  -1.70  -0.23  -3.09   5.16  -1.31  -7.11
199611   0.94  -0.79   1.73  -0.64   1.37  -1.06   1.13   1.11  -1.19   7.21
199612   2.25   3.63   2.53   3.92   1.97   4.34   2.28   0.28  -1.64  11.76
199701   7.65  -2.40   8.83  -1.30   9.39  -2.63   9.64   6.33   5.24  15.79
199702   2.50  -1.40  -0.72  -0.54  -0.40  -3.48  -2.69   9.15   2.69 -10.07
199703  -1.76   1.73  -1.82   1.04  -1.53   2.25  -2.74  -2.55  -4.27  -1.44
199704   2.92  -1.07   1.04  -0.06   1.40  -0.92   1.15   4.78   1.47  -0.37
199705   6.65  12.42   7.75  12.55   6.58  12.61   6.73   7.13  -0.14  19.85
199706   4.21   5.23   6.27   5.59   6.83   5.84   7.39   0.96   2.52  11.04
199707   9.15   9.83   2.88   9.67   3.35   9.99   3.09  17.55   0.66   4.97
199708  -3.30   4.36  -0.44   4.08  -0.46   5.16   0.47  -9.16   4.07  -4.21
199709   6.71   3.97   8.54   3.39   6.91   2.55   7.32   5.86   6.92  10.03
199710  -3.59 -12.65  -0.94 -11.97  -1.03 -14.24  -0.94  -5.91  -1.17  -0.37
199711   2.44   0.30   1.01   0.28   1.32  -0.61   1.47   2.98  -2.10   5.76
199712   7.35   2.19   2.29   3.14   2.01   1.71   0.93  13.66   4.90  -2.96
199801   8.40   7.41   7.03  15.59   5.13  10.99   5.38  14.33   7.21   1.47
199802  15.82   6.19  19.35  17.54  13.43  10.82  11.84  20.13   9.26  19.49
199803   4.39  13.99   3.16  16.31   6.88  -3.40   8.75  -0.15  13.15   4.13
199804   2.21  12.48   0.07   1.41   0.58  -4.36  -2.47   6.11  -1.38  -3.87
199805  -5.02 -10.51  -3.86  -9.19  -4.87   2.74  -1.92  -5.71  -3.07  -1.51
199806   3.17  -1.20   6.03   6.24   1.42  -7.00  -0.27   9.62  -3.29   5.11
199807  -1.20 -12.85   1.94  -5.89  -2.01  -6.94   0.71   1.31  -7.85  11.95
199808 -16.72 -14.13 -17.26 -10.63 -19.97  -7.45 -17.81 -11.37 -16.70 -18.14
199809   4.16 -15.64   8.81  -9.53   9.43 -14.36  13.20  -1.42   2.13  22.27
199810   2.98  11.95   1.20  12.06   4.23  -5.36   3.34   1.50  10.96  -2.78
199811   6.92   8.36   6.91   4.22   5.80   7.56   1.32   7.68   9.70  -2.77
199812   6.75  -0.64   8.50   5.51   4.56  -2.17   4.55  12.49   5.59   2.66
199901   2.38  -3.50   2.71  -9.62   3.28  -5.35  -2.36  -5.30   6.33  -3.05
199902   3.99  22.63   2.59  15.65   2.58  34.92  12.82  20.54   0.10  13.24
199903  -1.72   3.91  -2.19  -4.26  -1.70  -3.80  -5.41   2.09  -0.35  -7.49
199904  -2.27  25.59  -5.92   1.01  -5.76  34.77  -7.68  26.80   2.13 -22.17
199905  -7.01  -2.59  -8.09  -2.01  -8.03  -5.18  -2.99  -0.78 -13.71   4.47
199906  -1.49  -6.32  -0.10  -2.87  -0.53  -6.57   3.64  -5.06   1.14   4.71
199907   3.93   9.79   4.76  -3.86   4.47  17.09   3.97   7.51   2.63   4.10
199908   1.92   0.35   1.49   7.77   1.50  -1.11   7.63   0.37   3.02   4.48
199909  -3.99   4.44  -5.47   0.50  -4.80   2.74  -1.44   3.76  -9.63   6.85
199910  -6.08  -6.87  -6.61  -5.37  -6.33 -10.32 -12.52  -5.75   2.78 -21.45
199911   8.46   5.81   9.67  21.14   9.12   8.51   9.44   4.71   8.16  11.29
199912   1.03  13.49  -1.05   1.12  -1.14  10.45   5.56  13.25  -3.42   5.89
200001  -4.28  -4.03  -0.11  -2.50   0.17   2.66   0.53 -12.94  -1.67   5.00
200002   2.55 -13.67   0.64  -3.44   8.74 -11.99  11.54  -9.70   4.16  26.71
200003  10.50   9.90   4.50  -2.00   8.92  -5.62   9.26  17.23   2.59  19.52
200004  -4.58  -3.30  -8.71  -4.28  -8.56  -8.82  -9.01   4.37 -11.21  -5.85
200005  -7.86  -8.93  -5.95  -3.34  -6.41  -1.51  -5.95  -8.77  -5.67  -6.63
200006  -0.06  -3.99  -5.91  -0.32   0.68   3.19   1.72  -2.91  -5.38  11.25
200007   0.11  -1.80  -2.08  -1.24   2.33  -6.28   2.00  -7.12  -6.05  11.34
200008   5.77  17.34   0.02   3.69   5.32   5.98   4.88   9.74   2.08   7.58
200009   7.17   4.52   0.75  -7.15  -2.65  -8.69  -2.24  24.11   0.57  -4.48
200010   1.35   5.13   9.39  -3.77   1.97  -6.86   1.75  -0.36   7.90  -4.51
200011  -1.98  -1.73  -9.94  -9.62  -5.11  -4.36  -4.61   3.62 -13.83   4.97
200012   2.22   8.24  10.20  11.68  -0.74   1.75  -1.66   1.26   9.16 -11.49
200101   2.87   0.87   2.13   4.08   2.63  -0.61   3.92   3.17   1.27   4.02
200102  -0.52   1.23   2.80  -6.37   2.11  -0.97   5.21  -5.95   0.79   5.92
200103  -5.04 -10.99  -2.31  -4.12  -2.90  -6.69  -2.80  -4.18  -7.09  -1.87
200104   5.28  10.43   1.02   5.63   2.51   8.35  -1.56   6.32   6.42  -1.50
200105   7.42  -1.08  10.34   4.99   9.99  -0.26  12.93   4.33   7.69  13.78
200106   3.55   2.15   6.42   2.19   4.42   3.06   5.52   2.40  -2.24   6.34
200107  -5.41   7.77  -6.72  -6.36  -6.18   6.84  -9.32  -4.61   0.02 -10.18
200108  -5.05   2.43  -9.24   1.79  -9.02   3.75 -12.42   2.21  -4.58 -12.64
200109 -12.47 -23.39  -5.97 -20.05  -7.38 -21.56  -8.29 -20.53  -9.30  -7.53
200110   4.03  14.57  -2.18   9.22  -0.71  15.59  -1.99  10.40   5.09  -2.86
200111   5.19   8.04   3.40   7.13   4.52   7.33   3.77   7.28   5.96   3.44
200112   5.46   3.94   5.08   6.54   6.58   3.47   6.28   5.93   4.85   5.99
200201  -8.58   4.49 -16.12   0.22 -20.15   2.54 -20.02   3.16  -3.53 -28.83
200202  -7.58   5.03 -18.71   4.77 -17.16   5.82 -16.82  -0.13   4.70 -34.15
200203   5.73   2.11   2.76  -0.12   1.34  -0.35   0.34  12.52   3.55  -3.47
200204  -0.70   4.54  -3.74   0.79  -8.05   2.19  -7.55   1.92  -2.72 -15.08
200205   2.14  12.80  -1.91  11.64  -3.08  14.81  -3.02   3.94  -0.72  -7.17
200206  -9.78  -2.81 -12.48  -4.19 -12.30  -3.78 -12.11  -9.02  -8.13 -19.93
200207 -10.74  -3.08 -14.06  -5.33 -13.88  -4.44 -12.58 -14.60  -8.08 -21.96
200208   3.99   1.63   8.65   2.55   0.38   1.65   0.14   5.69  -0.99   2.03
200209 -13.69 -11.68  -9.36 -13.51 -16.53  -0.61 -16.28 -14.31 -20.02  -8.69
200210  11.57  -4.84  12.83   6.00   9.39  -1.72   9.73   4.53   8.74  11.66
200211   4.03   1.99   5.65   8.78  14.11   3.11  14.61  -1.87  10.72  21.30
200212 -10.67   0.34  -9.70  -8.06 -13.76  -4.18 -14.73  -5.79 -15.53 -13.69
200301   0.32  16.59  -1.51  11.00  -2.18  39.39  -1.63  -2.64  -1.44  12.12
200302  -4.73 -12.76  -3.09 -14.18  -8.46 -21.20  -6.55 -10.34  -4.53 -13.89
200303   3.35  -2.57   2.11   1.02   4.07  -9.15   3.70   2.14  11.70   0.12
200304   7.64   4.22   8.49   2.37   7.21  10.81   4.79   6.94   5.26   1.26
200305  -1.29  24.72  -4.56   7.25   1.78  35.95   3.51   6.17  -0.73   7.41
200306   1.59   1.61   2.33   3.12  -1.01  -4.59   5.17  -5.43   3.20   3.71
200307   2.25   1.78  -2.79  -1.71   5.17  -1.82   4.46   5.38  14.97  -2.14
200308   3.83   4.71   3.15  -1.33   5.77  -3.49   3.88   5.82   5.01  -1.49
200309  -3.25   4.27  -3.37  -3.32   1.86   6.44  -0.33   2.01  -6.33  -3.47
200310   5.53   7.46   6.39  18.49   8.16   0.64   9.70   7.57   3.72  19.86
200311  -1.58   7.52  -3.84  -7.68  -0.20   2.83   1.12  -0.27   2.15  -8.05
200312   4.68   8.63   3.39   8.07   2.62  15.60  -1.70   4.97   5.50   7.58
200401   3.49  11.48   0.58   6.26  -3.66  13.92 -10.55   6.38   3.86  -6.90
200402  -0.76  -2.42   3.84  -8.20  -2.01   1.10   0.58  -7.65   2.35  20.74
200403   1.94  -2.70   5.07  -1.94  -2.60  -2.66  -1.78  -1.72  -2.04  20.20
200404   3.32  -0.31   5.24  -0.35   1.66   2.27   3.24  -1.16   4.07  10.35
200405  -1.62  -2.14  -1.69  -0.77  -5.14 -11.65  -1.83  -1.30  -1.52  -3.16
200406   4.63   0.65   5.79   8.41   1.38  -0.91   4.30   6.73   1.05   5.64
200407  -1.68  -1.91  -4.88  -0.70  -0.55  -4.78  -0.90  -0.79   0.64 -10.87
200408   1.93   0.93   2.84   1.79   0.48  -1.17  -0.93   1.70   1.69   4.01
200409   2.32   1.74   1.61   1.25   2.50  -0.69   0.98   1.57   5.92   1.31
200410   0.85   4.13   1.24   0.46   2.22  -8.12   0.94   0.81   0.10   3.90
200411   5.05   1.97   6.53   6.44  10.21   2.48   8.45   5.24   8.27   5.57
200412   4.04   3.64   3.85   5.71   4.59   0.74   3.34   5.71   4.02   1.25
200501   2.97   1.75   5.21  -0.36   4.06   7.66  12.01  -0.83   3.65   8.28
200502  -2.77   6.86 -22.15   4.96   6.25  10.67   2.27   6.29   4.77 -42.54
200503  -4.98 -10.46 -12.94  -3.74  -0.35  -6.51  -0.52  -2.68  -2.29 -22.93
200504  -2.84  -3.73  -0.24  -3.42  -5.22  -7.32  -4.37  -3.26  -4.65   6.56
200505   7.29   7.51  10.31   5.03   5.90   0.95  10.78   5.62   6.58  22.63
200506   5.18   6.56   3.70   8.77   5.75   2.84   0.78   6.56   6.17  -2.55
200507   3.44   3.13   5.21   2.02   5.47  -6.24   3.49   1.49   6.35   5.09
200508  -2.21   2.13   2.87  -5.99   1.00   7.83  -3.33  -3.57  -4.17   4.95
200509   2.20   1.49   4.40   2.38   5.00  11.34   2.91   1.56   2.33   3.78
200510  -3.38  -1.64  -2.58  -4.39  -1.50   1.59  -1.50  -2.65  -5.91  -1.56
200511   4.57   2.86   6.36   2.79   2.96  -0.54   1.94   3.90   5.92  10.27
200512   7.13  12.46  12.23   2.09   7.17   1.56  13.00   1.91   8.71  21.41
200601   2.65   2.08   2.71   3.68  -0.63  -5.07  -2.81   3.41   1.53   0.33
200602   4.62   6.76  -2.01   6.52   1.74  15.72  -0.70   6.95   5.00  -5.42
200603   2.59   0.46   2.91   1.34   2.14  -1.91   2.43   1.07   4.89   3.83
200604  -1.57  -1.45  -4.17  -2.21  -4.44   0.88  -6.45  -2.15   1.09  -8.16
200605  -3.62  -4.08   8.29  -5.95   2.22  -2.47   1.76  -5.50  -4.41  12.47
200606  -1.09  -0.23  -2.94   1.16   1.97   0.28   2.84   1.07  -2.66  -4.11
200607   0.12   0.02   2.13  -0.39   7.57  -0.01  11.34  -0.08  -2.94  -0.13
200608   7.05   8.48   5.06   8.12   2.47   1.68   0.11   7.91   9.02   2.82
200609   2.52   1.49   5.72   2.58  11.93   3.29  13.36   2.25   6.35   3.07
200610   3.79   1.86   6.11   1.55   9.63   8.88   9.57   1.78   5.39   1.96
200611   0.41  -1.33  -0.15   0.16   1.07   3.91   0.05   0.39   0.86   1.03
200612   8.85   7.48   9.35   7.74  11.89   6.12  11.71   7.99   9.02   5.96
200701  -2.69  -1.10  -7.61  -1.61  -2.36   0.55  -7.40  -1.46  -2.88  -1.91
200702   2.15   1.38   1.33   0.68   1.75   5.44  -1.55   1.51   3.21   4.72
200703  -0.63  -0.75   1.67  -3.03   2.46   3.49   2.72  -2.83   0.91   0.36
200704   0.50  -1.04   4.37  -1.12   5.00  -2.79   5.45  -1.51   2.15   3.15
200705   4.47   1.02  13.46   0.73  -4.01  -3.06   3.12   1.84   8.44   5.44
200706  -4.71  -8.93  -2.18  -8.24  -9.06   9.27 -11.54  -7.85  -1.62   0.84
200707  -8.14  -4.66 -17.11  -5.61  -7.10  -5.70 -18.40  -6.07  -9.69  -5.04
200708  -1.75  -1.36   1.27  -2.63  -0.39  -3.82  -2.23  -1.38  -2.88   2.50
200709  -6.81  -9.87  -3.03  -6.93  -4.23   0.50  -2.54  -9.16  -8.02  -1.73
200710   1.59   1.37   6.31  -0.02   9.34   3.20   4.46  -0.11  -2.61  13.67
200711 -10.43 -11.48 -11.63 -12.54 -15.40  -8.10 -18.01 -12.76  -4.01  -9.35
200712  -3.88  -0.95  -4.58  -1.42  -7.02   0.46  -6.97  -2.24  -6.34  -6.83
200801  -4.03  -1.00   0.53  -3.73 -10.14  -0.27  -3.09  -3.63 -11.59  -3.35
200802  -2.95  -4.45  -3.03  -5.11   7.22  -4.73   6.51  -4.21   9.33  -4.55
200803  -3.99  -0.11  -9.78   0.96  -1.41  -1.04  -0.58   1.87   1.13 -10.86
200804   2.09  -2.64  14.40  -4.22   1.79  -0.97   3.17  -6.61  -0.29  12.89
200805  -3.41  -4.44  -1.78  -4.11  -0.47  -4.85   3.13   0.09  -1.84  -3.78
200806 -14.59 -25.38   8.81 -29.12  -4.11 -25.16  -7.81 -33.83  -4.95   7.04
200807 -15.47 -12.33 -24.89 -13.46  -2.13 -12.26 -10.66  -6.93  -5.67 -25.56
200808   2.86   6.79 -13.22   5.79   4.82   5.59   5.07   2.20   4.99  -7.13
200809 -20.93 -22.92 -20.47 -27.80  -2.35 -23.46 -19.86 -25.60  -1.56 -21.64
200810 -15.97 -14.65 -24.63 -34.10 -17.57 -12.52 -16.35 -42.14 -13.79 -11.59
200811 -15.66 -15.89 -16.62 -32.20 -14.23 -14.91 -18.54 -32.60 -12.23  -6.95
200812  -7.47  -5.58  -9.87 -24.92 -14.60  -6.19  -7.75 -22.08  -8.25  -4.72
200901  -0.09 -13.70   5.16 -18.28   1.65 -18.04   0.56 -21.92  12.63   3.63
200902 -10.36 -38.74   3.46 -44.77  -2.96 -44.49  -2.80 -67.62   0.68  -2.61
200903   4.82  27.00  -9.29  30.87  -5.40  31.52  -4.03  91.56  -7.12  -1.10
200904  19.29  49.25   4.86  53.00  12.76  51.71  14.90  58.88   6.80  11.60
200905   6.96  42.23   7.08  49.17   5.81  48.76   8.00  77.81   4.76  11.74
200906  -0.67   3.44   1.43   3.01  -3.77   2.46  -3.84   9.98  -1.96  -2.10
200907   2.64   7.71   2.36   9.23  -2.90   9.44  -1.94   7.14   3.14   1.17
200908  11.72  29.34   8.49  31.11   4.00  30.86   4.62  36.93  11.72   1.86
200909   7.71  15.22   4.40  16.59   6.57  16.44   6.56  26.51   5.31   4.20
200910 -13.59 -26.15   2.24 -28.30  -8.89 -28.11  -7.98 -39.58   0.60 -10.51
200911  -2.47  -9.76  -0.98 -10.73  -4.96 -10.63  -3.06 -17.79  -3.39  -1.77
200912   5.77  -3.98   4.26  -4.42  12.54  -4.21  11.15 -14.96   5.53   5.41
201001   0.26   1.20   1.06  -3.96   3.98   3.86   3.08  -6.94   2.21   5.77
201002  -2.95 -13.64   2.12  -3.18  -2.05  -6.44   4.45  -3.93   5.12  -4.42
201003   9.92  20.26   6.65  10.37  11.14  16.33   3.53  10.33   3.63  11.54
201004   7.75  12.33   5.18  12.81   5.96   9.55   3.14  14.80   4.91   4.66
201005 -12.43 -22.15  -6.44 -15.48  -9.05 -17.82  -6.93 -15.35  -7.43 -12.55
201006  -2.99  -5.15   1.17  -4.03  -1.97  -2.49   3.96  -4.50   0.75  -3.61
201007   1.27  14.50   1.89  -3.15   1.93   9.72   3.67  -5.37   5.66   3.59
201008  -7.41 -11.52   2.56 -17.33   3.16  -7.56   2.57 -21.65   3.74  -3.56
201009   0.50  -3.26  -1.66  -2.24  -4.64  -2.73  -0.88  -0.75   0.49   1.05
201010   1.33  -2.28   1.53   0.66  -1.26  -1.40   3.27   1.19   2.71   0.79
201011  -1.32 -13.51  -2.13   6.65  -5.00  -5.20  -3.77   8.38  -6.10  -4.24
201012   8.54   7.86   4.39  13.19   7.02  10.54   1.50  13.45   2.44   6.51
201101   0.03  -3.38   6.87   1.72 -11.28  -1.44  -4.68  -0.74  -5.40   3.95
201102   4.21   6.69   3.74   3.28   9.18   8.33   7.69   3.20   9.64   3.10
201103  -4.25 -17.84  -0.19  -0.97 -15.44 -13.97  -2.27  -2.57  -3.16  -7.96
201104   4.15   8.18   7.18  -2.06  11.32   8.68   6.48   2.89   6.01   4.68
201105  -1.31 -16.46  15.78   0.39  -9.30 -14.39   6.68  -6.18   5.78  -0.79
201106  -0.32  -7.18   8.48  -5.38  -2.71  -6.56  -2.47   0.07  -4.68   1.08
201107  -4.88 -10.94  -2.98   1.31  -6.52  -9.88  -1.13  -8.83  -0.38  -1.42
201108  -7.81 -15.49  -7.88  -3.95  -4.62 -15.60  -5.98  -6.12  -6.63 -11.64
201109  -2.35  -7.94   1.26  -3.13   0.31  -6.56  -0.81  -1.59  -2.20  -4.88
201110   7.87  14.20   7.31   7.45   6.49  14.27   3.10   7.86   2.95  12.03
201111   0.63  -8.95  -2.67  -6.91  -1.56  -7.40   2.89   5.97   1.81  -7.35
201112   5.59  -2.61  18.12   0.01   1.07   0.32   1.70   3.02  -0.11  13.85
201201   8.60   9.10   8.41  10.29  -1.81  18.89   3.20  -0.53   1.61  12.14
201202  32.66  11.24  52.07   8.35   5.95  12.87  10.40   6.24  13.13  43.78
201203 -15.33  -3.94 -24.99   2.47  -2.83  -2.79  -1.86  -3.76   6.07 -21.21
201204  -8.04  -1.87 -13.15  -0.41   1.06  -3.13   2.97   0.56  -0.01 -11.98
201205  -8.83 -11.87  -9.18  -7.31  -8.28 -11.97  -3.02  -8.81  -1.13 -10.34
201206   2.66   5.97   1.76   3.32   8.23   4.77  -5.56   7.20  -1.70   2.13
201207  -9.68   1.81 -21.65   6.31   0.43   5.62   3.33   0.55   5.99 -17.09
201208   0.06  -1.95  -0.58   3.23  -4.28   0.56   6.14  -2.58   5.35  -0.74
201209   5.04   7.37   3.57   3.43   5.51   6.98   3.22   6.93   3.99   4.84
201210  -2.14  -2.41  -2.90  -3.80  -3.81  -2.84  -1.60  -3.34   1.50  -2.41
201211   2.17   3.81   1.12   1.96  -1.46   6.94  -2.77  -0.79   0.01   3.14
201212   0.45   5.75  -3.35   2.77   8.48   2.12   4.58   7.91  -0.19  -2.67
201301  13.28  10.28  -2.22  10.37   6.56  24.97  -1.44   7.20  -1.85  24.22
201302   4.26   2.63   8.64   6.42   1.12   3.07   7.99   5.19   9.40   1.77
201303   4.44   7.17   5.69   5.76   9.25   3.88   6.70   3.58   7.07   3.19
201304  -3.12  -2.59  -2.57  -3.41   2.48  -3.41  -2.60  -2.81  -0.82  -2.96
201305   5.77   3.40   2.42  11.58   6.05   7.61   1.01   6.91   0.12   7.38
201306  -5.95  -7.07   1.59   0.21  -7.22 -11.75  -1.85  -0.55  -1.46 -10.36
201307   0.18   5.81   3.61   3.84   1.26  -2.08   3.29   0.16   4.92  -2.73
201308   9.38   7.63   1.41  -2.10  12.23  19.27   3.32  -1.23   3.92  19.46
201309   7.62   3.62  -2.26  -1.64  -2.02  14.82  -1.73   3.46  -3.42  14.17
201310   7.07   7.94   3.56   0.50  13.50  11.49   2.38   0.06   4.97  11.14
201311  14.26   3.55   2.24  -0.50   2.88  23.39   0.14   2.73   1.35  24.37
201312  -4.48  -3.53   2.80   1.12  -3.62  -8.27   6.09  -0.04   5.53  -8.49
201401  11.54  12.33  -4.27   1.60  -0.02   1.03  -1.69   3.85  -0.01  17.42
201402  11.07  16.87   2.59  12.35   6.20  10.01   7.01  10.50   6.03  12.06
201403  -3.66  -9.67  -1.48   0.39   0.25  -9.44  -0.46  -6.21   0.21  -3.61
201404  -9.83  -1.17  -3.14  -4.22   0.61   0.69   1.14   5.03   0.65 -14.83
201405  -3.81  -3.20   0.14   2.43  -0.42   2.93  -2.80  -3.56  -0.36  -5.28
201406 -10.83  -6.71  -4.75  -2.06  -2.72  -1.10  -2.86  -4.57  -2.85 -14.97
201407   1.40  -1.94   5.70  -2.45   2.30  -4.79   2.75  -6.30   2.18   3.61
201408   0.00   5.44  -1.80   4.33   2.36   4.85   0.63   2.00   2.42  -1.02
201409   9.12   2.67   5.07   4.35  -2.80   2.26   1.03   2.92  -2.86  14.37
201410   2.00  -4.08  -0.10  -3.22  -2.30  -7.71  -1.77  -4.66  -2.38   5.17
201411 -12.65   3.10   8.64   6.78   8.80   5.19   8.28   4.80   8.72 -22.77
201412   4.00   1.43   5.44  12.22  -0.80   5.57  -1.38   4.96  -0.57   4.65

     Value-Weight Dollar Returns      All 4 Data Items Required
                -- BE/ME --   --- E/P ---   --- CE/P --   ------  Yld  -----
          Mkt   High    Low   High    Low   High    Low   High    Low   Zero
199101  -1.04  -1.03  -1.02  -2.58   4.10   4.99   2.07  -4.47  -1.73  13.23
199102  17.80  14.86  16.36  10.23  16.11  19.12  13.06  11.88  16.52  23.59
199103  -3.83  -3.35   1.55  -0.88  -0.09  -7.43  -1.62   0.29  -6.57   8.12
199104  -7.55 -10.47  -6.02  -5.87  -4.18  -9.52  -6.39  -6.51  -6.97  -4.74
199105   1.22  -8.92   2.06  -0.52  -0.07   2.07   0.99  -0.95   3.84  -5.26
199106  -7.60 -12.43  -9.62 -12.98  -8.15 -14.40  -9.08 -12.05  -6.33  -5.24
199107  13.46  13.22  12.31   7.67  11.27  13.27   9.75   7.48  16.16   7.70
199108   0.05   1.24   2.00   5.64   2.26   5.79   2.54   6.69  -1.34   6.66
199109   4.15   1.83  11.86   1.47  11.02   6.27  10.60   0.24   3.65  21.60
199110  -2.64  -2.84  -4.16  -0.26  -3.52  -4.99  -3.83   0.34  -3.46   3.02
199111  -3.95  -5.86  -4.01  -5.83  -3.86  -1.59  -4.52  -4.66  -2.21  -8.17
199112   8.27   4.59  11.33   4.38  10.68   7.39  10.89   4.64   9.24  13.53
199201   3.61  -1.56   3.95   1.32   3.99  -0.90   3.56   0.80   5.50  -4.75
199202  -3.74  -2.00  -4.10  -6.48  -4.44   1.03  -4.78  -8.57  -2.89 -12.54
199203  -1.34  -0.46  -1.67  -2.65  -1.40  -1.94  -1.57  -1.75  -2.45   3.67
199204   2.58  -0.10   1.87  -3.37   0.32   6.88   0.58   3.06   0.23  -0.16
199205  -3.13   0.95  -4.60   5.36  -4.96  -0.15  -4.91   5.00  -8.13  11.16
199206   0.79   0.50   0.61   0.26   0.05   4.95  -0.32  -4.30   0.26  -3.11
199207  -0.57  -2.39  -0.94  -3.40   2.06   5.17   1.94  -5.38   2.73   2.56
199208  -1.56   6.54  -2.87   4.62  -3.24  -0.46  -3.54   5.23  -1.07 -16.44
199209  -8.11  -1.54 -10.70  -3.00 -10.90  -2.72 -10.36   0.65 -14.83   6.35
199210 -11.09  -9.08 -10.50 -10.03  -9.91 -12.35 -10.12 -11.12 -11.15  -5.44
199211   3.62  -6.05   5.29  -3.42   5.36  -2.15   5.23  -0.66   8.33  -6.02
199212   1.96   0.43   3.96   0.05   5.34  -5.17   5.06  -0.83   0.15  33.07
199301   3.60  -1.45   3.03   1.35   2.21   4.90   1.35   5.13   2.48   0.49
199302  -7.36 -17.02 -13.57 -10.25 -12.53  -7.72 -13.55  -6.74 -12.13 -15.03
199303  12.20  38.15  11.10  35.82  13.49  30.72  13.65  21.61  24.05   3.18
199304   2.84   8.16   6.40   3.40   4.89   4.14   4.61   3.51   4.01   1.38
199305   2.56  -6.60   5.40   2.23   7.84   4.34   6.83   5.74  -1.00  17.78
199306  -4.45  -8.82  -3.41  -4.72  -3.57  -3.53  -4.36  -1.42  -7.34  -7.28
199307  -0.53   1.79  -4.74   0.39  -0.61   1.07  -1.62  -1.48  -1.76  -2.91
199308   5.08  18.86   2.30   8.33   5.27   5.78   4.21   9.58   3.95   0.56
199309  -0.55  -7.58   2.11  -4.06   2.17  -2.54   1.89   1.54   0.23   8.01
199310   4.16  -1.52  10.44   4.24   8.48   7.01   8.87   4.13   3.65  16.01
199311   4.58  -0.39   7.25  -9.23   6.52  -9.99   6.40   1.15  -2.68  17.31
199312   3.65  -1.10  -4.29   0.15  -0.92   2.95  -2.56   7.16  -2.07  -7.16
199401  17.79  16.67  13.85  18.07  18.93  17.31  18.42  18.08  20.39  20.60
199402  -4.12   1.35  -2.57  -2.08  -5.11  -1.85  -5.64  -1.52  -6.87  -1.07
199403  -3.93  -9.56  -4.74  -4.50  -3.97  -6.26  -3.69  -6.06  -2.58 -10.46
199404   2.39   3.00   2.01   1.78   2.37   3.91   2.16   1.12   3.37  -3.66
199405  -4.57  -2.08  -6.07  -3.56  -4.81  -3.00  -5.28  -3.79  -2.50   0.59
199406  -1.19  -5.61  -3.14  -8.32   2.08  -7.20   1.79  -9.84   4.94   3.51
199407   7.41   5.63   8.17   9.63   7.40  11.36   6.83   9.90   6.32  -0.48
199408   7.94   8.85   2.31   1.93  10.01   4.22   9.25   2.95  16.57   1.72
199409   0.50   1.26   2.98  -1.21   0.47  -1.57   1.21  -0.21  -2.02  20.54
199410  -1.68   1.71  -2.35   4.61  -4.07   5.97  -4.47   4.64  -1.84 -13.39
199411  -5.88  -5.14  -5.92  -2.63  -6.08  -4.08  -6.19  -4.30  -7.17  -4.48
199412   1.29   2.77   1.81   1.87   2.09   4.90   2.40   2.33   1.67   1.14
199501   3.13   0.66   2.09   4.58   5.00   3.77   3.78  -2.13   6.67   1.81
199502   3.31   0.89   3.23   1.35   2.74   1.98   2.59   2.69   3.78   2.15
199503  -2.08   0.61  -0.12  -3.72  -3.85  -3.92  -5.13   3.88  -4.20  -5.04
199504   1.80  -7.78   4.01  -1.29  -0.22  -1.63   1.25  -4.40   0.30   0.77
199505   0.48   1.43   2.13   5.75  -1.52   4.74  -2.38   4.23  -1.29  -1.93
199506   6.23   3.29   5.30   7.03   5.04   4.26   7.40   2.46   6.28  -2.12
199507   2.27   0.59   2.18  -2.30   3.47  -1.95   1.78   1.92   1.91   5.40
199508   1.56   3.76   0.27   3.76   2.78   4.59   1.48   0.30  -0.06  20.40
199509   0.47   5.11   0.00   4.14  -0.69   5.28  -2.31  -0.59  -0.13  -0.45
199510  -3.61  -3.80  -3.04  -2.58  -4.60  -4.58  -6.19  -9.21  -4.97  -2.39
199511  -2.18  -4.73   3.16  -1.29  -6.66  -2.25  -7.19  -3.85  -6.35  -4.33
199512   2.37   3.13   6.54   0.34  -0.49  -0.30   1.15   3.72  -1.57  10.88
199601   3.64  -0.92   5.96   0.45   6.24  -1.12   6.24   2.35   1.28  16.85
199602   3.52   1.67   4.77   1.82   4.17   2.68   4.17  -0.05   2.13   0.69
199603   6.75   1.58   7.41   0.87   8.80   1.38   8.80   3.26   7.50  10.54
199604   3.80   8.38   2.65   8.98   2.70   7.61   2.70   5.64   4.27   1.25
199605   2.13  -0.65   2.04   0.49   2.67   0.45   2.67   5.45   8.19  -2.62
199606   0.86   1.94  -0.22   1.68  -1.39   3.54  -1.39   7.62   3.42  -8.32
199607  -3.82  -5.72  -2.95  -5.63  -2.19  -5.21  -2.19 -10.67  -7.27   3.95
199608   4.45   5.11   5.83   5.20   4.77   4.17   4.77   1.07   1.94   6.98
199609   1.77  -0.81   0.74  -0.19   1.30   0.19   1.30   5.14   5.66  -5.85
199610  -0.67   1.66  -2.25   0.03  -1.51   1.39  -1.51   0.06  -0.60  -5.60
199611   3.77   2.04   4.66   2.41   4.36   2.10   4.36   3.93   4.90  10.63
199612   1.35   2.94   3.91   3.24   0.93   2.96   0.93  -2.23  -6.07  10.28
199701   2.46  -6.80   5.16  -6.80   5.76  -6.80   4.94  -1.54   1.94  10.83
199702  -1.81  -3.79  -3.53  -3.79  -3.37  -3.79  -3.00   9.75   1.58 -10.35
199703  -2.03   1.76  -2.87   1.76  -2.73   1.76  -3.20  -6.19  -5.09  -1.91
199704  -5.20  -6.51  -4.26  -6.51  -4.19  -6.51  -4.56   1.24  -3.15  -6.00
199705   9.66  14.65  10.17  14.65   9.21  14.65   8.67  12.88   1.99  22.03
199706   6.92   6.00   7.42   6.00   8.27   6.00   7.55   5.78   3.87  11.21
199707   0.23   5.66  -1.43   5.66  -0.86   5.66  -0.96   5.75  -3.82   0.84
199708   2.82   7.19   2.26   7.19   2.64   7.19   2.40  -1.28   7.42  -2.36
199709   3.79   0.75   7.16   0.75   5.76   0.75   5.45  -2.06   7.48   8.11
199710  -0.30 -11.61   2.41 -11.61   2.33 -11.61   2.09  -0.44   3.60   2.68
199711  -0.64  -1.84   0.12  -1.84   0.39  -1.84   0.21  -1.21  -4.27   4.44
199712  -2.34  -1.97  -2.86  -1.97  -3.09  -1.97  -2.72   2.30  -0.60  -6.47
199801   2.07  -1.53  -0.36  14.63   0.15   6.11   0.74   8.49   2.17  -3.00
199802   9.32  -5.59  14.07   4.62   8.66  10.61  11.63  -1.12   7.06  19.26
199803   7.52  11.05   8.36  14.93   8.65  -3.86   8.23   9.79  14.61   3.64
199804   4.62  28.05  -1.34   6.41   4.71  -1.08   0.88   7.85   1.89  -0.58
199805  -2.84  -9.16  -0.66  -0.92  -2.90   3.27  -1.40  -3.69  -2.56  -1.00
199806  -3.97 -10.96  -0.72  -4.37  -3.38  -8.51  -1.89  -3.41  -5.24   3.40
199807  -1.99 -20.73   4.20 -14.45  -1.09  -5.63   2.13 -10.68  -6.49  13.53
199808 -16.24 -16.54 -16.95  -7.39 -16.68  -6.13 -16.63 -17.32 -15.62 -16.97
199809   9.82 -20.61  19.18  -8.01  14.07 -10.40  18.43  -8.10   8.96  27.92
199810   3.87   8.32   2.91   0.63   4.46  -4.84   3.90   3.37  11.76  -2.25
199811   2.14  15.72  -0.42  12.13   0.73   5.16  -0.94   7.54   5.48  -4.94
199812   4.33  -8.18   6.60   5.98   4.84  -0.68   6.14   2.30   7.77   4.22
199901  -6.70  -8.22  -7.25 -21.42  -6.03  -8.91  -6.03  -9.45  -5.41  -6.91
199902   8.87  19.01   9.57  27.44   8.62  29.91   8.62  19.26   9.05   9.29
199903  -5.61   1.74  -7.83  -6.63  -6.61  -5.01  -6.61   1.12  -4.01  -8.56
199904  -3.96  25.41 -10.58  10.23  -9.53  32.08  -9.53  24.38  10.08 -24.09
199905  -3.91  -3.09  -4.08  -5.92  -4.12  -6.29  -4.12  -3.20 -10.81   3.18
199906  -0.34  -7.85   2.55  -0.95   2.22  -7.85   2.22  -7.35   1.13   3.33
199907   7.55  15.64   8.78  -1.76   7.91  21.53   7.91  14.08   8.83   7.71
199908   5.06  -0.59   6.34  -4.77   6.21  -2.41   6.21  -0.90  10.60   3.09
199909  -0.14   4.91  -1.26  -0.92  -0.62   3.59  -0.62   4.54 -10.64   7.93
199910 -11.75  -8.57 -14.82  -3.65 -13.66 -11.49 -13.66  -8.32  -1.38 -22.73
199911   3.37   2.82   5.78  -8.50   4.84   3.94   4.84   2.05   4.07   6.28
199912   7.29  15.38   6.07  -0.56   5.59  10.48   5.59  14.34   5.83   5.74
200001  -1.52  -4.06  -4.29  -0.27  -2.74  -0.27  -2.34  -5.28  -6.49   2.99
200002   6.56 -19.56  -1.38 -13.39   7.64 -13.39   9.77  -4.97  -0.89  24.69
200003   6.32   3.37   6.00  -6.19   7.91  -6.19   8.59  -2.60   3.20  19.79
200004 -12.39  -7.15 -12.90 -13.15 -13.54 -13.15 -13.33  -8.82 -15.03 -10.33
200005  -4.70  -8.86  -3.83   0.22  -5.18   0.22  -4.29  -1.64  -4.18  -4.80
200006   3.40  -8.39  -2.27   6.65   4.22   6.65   5.14   3.03  -1.66  15.26
200007  -1.34   5.71  -5.58  -9.49  -0.90  -9.49  -1.49  -4.62  -8.74   7.46
200008   1.32   5.88  -3.97   1.74   0.67   1.74   0.69  -0.46  -3.41   3.31
200009  -3.46  -6.46   0.01  -9.34  -3.37  -9.34  -2.93  -7.80  -0.91  -5.59
200010  -2.00   0.71   5.26 -10.57  -1.94 -10.57  -2.30  -7.60   6.30  -8.27
200011  -2.86  -8.67  -7.01  -1.78  -2.22  -1.78  -2.03  -7.18 -11.20   8.53
200012   8.04  21.39  18.46   9.78   6.78   9.78   6.10  20.49  19.41  -4.51
200101   1.19  -0.36   2.37   7.10   1.73  -1.54   2.95   0.52   0.52   3.05
200102   0.96  -0.63   4.27   7.30   1.35  -2.07   4.05  -3.43  -0.69   4.75
200103  -7.94 -14.03  -6.68 -24.11  -5.73 -10.32  -6.58 -12.19 -10.35  -5.68
200104   3.19  12.95  -0.82   9.45   1.08   8.64  -1.30   5.63   7.67  -1.24
200105   3.94  -5.36   7.78  -7.41   5.70  -4.66   7.95  -3.76   3.16   8.77
200106   3.79   2.42   5.41  -1.22   6.44   2.97   5.43  -1.04  -2.80   6.25
200107  -1.25  11.77  -5.64  12.39  -4.17  10.49  -6.22   9.46   3.40  -7.12
200108  -4.23   6.58  -8.10   1.40  -6.69   7.61  -9.16   3.26  -0.72  -9.39
200109  -8.70 -24.47  -7.68 -23.45  -5.87 -21.34  -8.04 -21.98  -9.21  -7.28
200110  -0.29  13.90  -3.23   6.82  -3.44  14.34  -3.05  12.47   3.55  -3.91
200111   4.24   7.92   2.75   7.11   2.81   6.66   3.12   5.88   4.85   2.79
200112   5.10   3.30   4.52   6.81   5.77   2.92   5.71   5.33   4.30   5.42
200201 -19.83   1.16 -22.90  -4.31 -22.83  -0.90 -22.71  -7.14  -7.49 -32.18
200202 -13.05   5.87 -16.36   0.12 -16.73   6.37 -16.39  -4.44   5.10 -34.07
200203   2.46   2.90   1.40   2.26   2.23   0.52   1.21  12.90   4.57  -3.01
200204  -2.46   7.26  -4.53   3.38  -5.07   5.50  -4.55   1.05  -0.52 -11.57
200205   2.79  17.60  -0.08  -2.01   0.54  19.10   0.60   2.35   2.44  -3.21
200206  -5.05   3.10  -7.17  -3.63  -7.27   1.74  -7.08  -3.07  -3.34 -14.23
200207 -12.44  -4.03 -14.43  -8.52 -14.56  -5.19 -13.27 -13.83 -10.01 -21.86
200208   1.23   1.56   0.79   4.25   0.38   1.65   0.14   4.28  -0.99   2.45
200209 -15.34 -14.03 -15.28 -12.82 -15.87   0.18 -15.61 -16.18 -19.38  -8.14
200210   8.33  -7.12   9.22   6.21   9.61  -1.53   9.94   5.18   8.95  11.66
200211  13.79   1.60  14.86   9.32  14.67   3.62  15.18   7.64  11.27  21.83
200212  -7.98   7.25  -9.59  -3.04  -9.05   1.05 -10.08   3.12 -10.92  -8.78
200301   4.95  38.38   1.15  14.37  -0.69  46.56  -0.26  -2.42   0.52  14.70
200302  -7.96 -17.39  -8.78 -14.18  -6.64 -22.11  -5.98  -9.39  -3.38 -14.45
200303   7.31  -6.78   6.21   1.83   5.24  -8.67   4.38   0.70  14.94   1.87
200304   7.13   8.92   5.82   4.05   8.23  13.81   7.82   6.01   8.12   3.95
200305   7.51  45.55   3.35  12.94   7.78  46.21   9.87  19.23   1.94  12.99
200306   0.76  -2.08   2.06   1.14   2.14  -7.33   0.99  -1.79   0.74   1.18
200307   5.94  -3.75  -2.06  -3.73   3.59  -4.71   3.55   4.48  14.95  -4.10
200308  -0.18  -2.60  -0.77  -3.91   0.82  -6.59  -0.09  -1.50   1.22  -4.08
200309   0.41  11.80   1.22   2.54   6.81  13.15   6.44   5.67  -2.93   2.24
200310   8.37   3.07  18.16  19.00   8.61   0.01   8.74   8.11   1.37  19.51
200311   0.60   8.60  -4.07  -5.31   4.35   6.32   4.06   5.54   3.09  -5.57
200312   9.24  11.85   7.69  12.91   4.07  22.80   4.17   5.76   9.16  13.06
200401  -4.27   8.19 -13.78   7.95 -13.16  12.22 -11.89   6.11  -4.52 -21.40
200402  -0.05  -0.16   1.56  -0.62   0.16   1.10   0.58  -2.00   6.13  -0.81
200403  -3.04  -4.87  -2.85  -2.71  -2.81  -3.73  -2.87  -5.59   1.03  -4.82
200404   2.05   0.85   1.66   0.51   0.12  -0.18   0.76  -4.11   0.36   2.92
200405   0.12  -4.83   0.06   4.67  -0.19 -10.14  -0.15   2.32   5.42  -5.98
200406   2.43   3.43   5.68  10.07   2.84  -1.15   4.05   0.23   2.37   6.15
200407   0.77  -1.03  -2.86  -2.99  -2.70  -5.81  -1.97  -6.20  -2.55  -1.69
200408   0.86  -0.70  -0.18   2.72  -0.91  -0.21   0.04   4.55   0.08  -1.35
200409   4.02   0.77   2.74   2.90   2.03   1.53   3.24   1.92   6.77   0.39
200410   1.89  -3.61   2.80   7.20   4.14  -5.90   3.38   8.04   1.47   1.56
200411   9.50  11.65  13.20   7.67  13.19   7.11  13.35   2.69   3.51  24.51
200412   5.45   5.49   5.57   2.90   5.21   2.93   5.58   5.57   4.40   5.85
200501   2.26   1.81   2.62   1.94   5.85   3.12   7.49  -2.01  -0.86  15.15
200502   5.45  -0.10   8.74   8.44   4.41  12.08   3.90  10.99   5.75  -1.48
200503  -4.26 -10.00  -3.66  -3.30  -1.13  -6.06  -2.59  -1.21  -4.03  -3.15
200504  -4.68   0.76  -3.54  -3.65  -5.87  -6.47  -5.11  -5.33  -4.31  -7.32
200505   2.22  10.90  -0.74   1.20   4.99  -2.56   5.87  -2.08   2.04   9.43
200506   1.87   0.83   0.24   4.85  -1.13   0.23  -0.81   1.30   3.83  -2.66
200507   4.02   3.55   1.91   0.93   3.23  -4.34   3.61  -1.90   5.69   5.03
200508  -1.80   7.19  -1.16   0.66   1.01   6.45  -1.66   2.67  -3.67  -1.12
200509  -0.54   0.17  -1.63  -2.26   2.61   6.35   0.31   1.51  -0.79   1.86
200510  -5.27   1.03  -6.72  -7.27  -1.15  -2.52  -1.73  -4.52  -8.59   2.85
200511   2.06  -2.04   0.52  -5.81   0.94   0.44   0.26  -2.38   5.44   0.32
200512  10.43  11.92   6.65   7.67  10.64   1.10  13.40   5.89   8.55  16.51
200601   3.58   3.26   1.95   4.19   0.60  -2.54   0.60   1.26  10.33  -4.15
200602   3.40  -5.79  -0.29  -2.90  -0.82  13.51  -0.82   4.32   4.48  -2.59
200603   4.92   6.97   3.77   4.05   3.86  -0.25   3.86   1.07   4.90   4.16
200604   3.10   2.05  -0.68   3.82  -1.38   4.95  -1.38   8.03   6.34 -10.70
200605  -3.11  -8.72   4.11  -5.78   4.86  -0.84   4.86   2.35   3.98   1.00
200606  -1.19  -4.36   1.69  -0.82   2.15   0.02   2.15  -0.12  -1.83   6.12
200607   2.52   0.75   7.46   0.17   7.84  -0.14   7.84   8.74  -0.71   9.47
200608   5.46   8.23   2.78   6.75   1.72   1.94   1.72   7.58   8.48  -3.47
200609   2.84  -3.45  10.85  -2.10  13.99   2.24  13.99  14.48   4.44  11.26
200610   8.00  10.80  10.20   8.71   9.21   9.57   9.21  19.38   9.28   5.90
200611   5.55   3.62   4.97   8.98   3.94   7.90   3.94  -5.86   8.04  10.13
200612  11.07   6.99  11.61   9.75  12.61   5.70  12.61  14.27  12.07  10.16
200701  -3.91   7.52  -7.89   1.45  -3.90   7.52  -3.90  -0.53  -2.25   2.76
200702   4.77   4.15   3.70   9.07   3.42   4.15   3.42   8.92   3.20   7.66
200703   2.64   6.73   4.24   2.67   2.95   6.73   2.95   4.22   0.92   2.16
200704   4.29  -2.41   6.69   0.14   7.27  -2.41   7.27   1.28   6.95   6.39
200705   1.98  -9.99   4.11   3.09  -5.31  -9.99  -5.31   2.55   0.88 -13.54
200706  -3.01   5.75  -6.04   0.21  -8.98   5.75  -8.98   4.33  -6.97  -6.14
200707  -7.86  -1.14 -18.52 -10.86  -6.55  -1.14  -6.55  -8.93  -7.47   7.88
200708  -2.90  -0.71  -0.13   3.23  -0.99  -0.71  -0.99   0.90  -2.63   0.36
200709  -2.77   6.37  -6.03 -14.97   0.15   6.37   0.15  -8.68   5.95  -1.84
200710   2.62   4.78   4.02   0.62  11.26   4.78  11.26   1.71   3.91  16.67
200711  -8.70  -7.31 -17.52 -11.57 -14.75  -7.31 -14.75 -10.15  -6.50 -12.50
200712  -4.26  -1.83  -4.59   6.99  -7.33  -1.83  -7.33   4.17  -4.31  -7.30
200801  -3.35   0.54  -2.35  -1.93  -4.65   1.60  -5.20  -1.82 -10.58  -8.09
200802  -0.54  -2.49   7.05  -3.08  10.81  -2.70  11.11  -2.16   6.99  -2.13
200803   1.60   4.18   3.55   4.89   1.53   2.82   2.54   5.83   0.15  -2.87
200804  -1.39  -3.67   1.77  -5.14   1.76  -1.93   2.33  -7.51   1.20   5.03
200805  -3.44  -5.01   3.38  -4.50   0.98  -5.24   0.99  -0.32  -4.04  -2.12
200806 -18.85 -24.98 -11.12 -28.21  -5.38 -24.20  -5.04 -32.98 -13.71  -2.34
200807 -12.27 -13.43 -11.87 -14.31 -10.30 -13.12 -10.87  -7.83  -8.75 -17.58
200808   0.77   1.02  -2.13  -0.12  -0.71  -0.31  -1.14  -3.51   2.58  -1.05
200809 -23.69 -26.56 -24.80 -30.79 -13.53 -26.63 -13.42 -28.68 -18.58 -22.48
200810 -22.84 -22.40 -28.85 -40.58 -24.28 -21.13 -24.24 -47.83 -28.42  -8.52
200811 -16.55 -16.69 -19.94 -32.41 -14.68 -15.18 -14.16 -32.80 -26.21  -4.88
200812   1.47   2.08   1.63 -17.38  -2.39   3.24  -4.58 -14.26  -8.06   5.11
200901 -10.81 -24.82  -3.53 -21.48  -6.78 -21.48  -7.76 -28.31   3.29 -12.29
200902 -11.77 -40.38   2.19 -37.70  -3.98 -37.70  -3.83 -49.98  -0.37  -2.08
200903   9.97  28.37  -5.29  33.40  -1.08  33.40   0.40  48.46  -2.87   2.07
200904  21.70  44.05   4.72  48.58  12.59  48.58  14.61  55.41   6.64  17.08
200905  13.71  54.25  14.51  53.03  13.14  53.03  15.58  68.85  12.02  18.89
200906  -1.06   1.29   0.78   4.44  -4.56   4.44  -4.66   6.30  -2.77  -1.95
200907   3.29   9.32   4.29   6.52  -1.36   6.52  -0.38   4.47   4.78  -1.07
200908  14.30  31.66   9.10  28.25   4.62  28.25   5.23  35.75  12.40   5.39
200909  10.66  18.69   6.97  14.92   8.78  14.92   8.77  20.89   7.51   7.90
200910 -12.43 -26.55   2.97 -21.49  -8.42 -21.49  -7.49 -29.76   1.12  -6.20
200911  -1.55  -7.87   1.03  -7.93  -3.06  -7.93  -1.07  -8.73  -1.48  -3.40
200912   1.75  -7.73  -0.42  -7.55   7.43  -7.55   6.14  -8.22   0.75   3.47
201001  -5.31  -3.83  -1.60  -7.25   0.61   0.00  -0.18  -9.88   0.21  -0.18
201002  -4.84 -17.79   1.95  -4.88  -3.72  -7.65   0.02  -5.39   6.27  -8.94
201003   9.66  28.04   4.22   9.75  10.19  18.14   4.24   9.65  -1.35  16.62
201004   7.99   8.94   3.13  10.86   4.34   5.21   3.26  12.48   2.62   5.53
201005 -19.69 -31.56 -12.67 -21.50 -15.89 -23.68 -11.30 -21.22 -13.68 -21.31
201006  -4.00 -12.86   1.48  -4.42  -2.56  -4.97  -1.01  -4.86   0.34  -5.79
201007   6.32  20.71   9.03   4.00   8.75  14.75   6.47   2.07  14.07   7.58
201008 -11.54 -14.02   0.58 -18.65   0.25  -8.42   1.47 -22.15   2.93  -6.16
201009   5.34  -5.24   4.81   5.54   2.52   1.66   4.85   7.00   7.11   1.22
201010   2.98  -7.00   4.23   2.91   1.14  -0.56   4.79   3.23   5.04  -0.06
201011  -6.39 -24.68  -9.54  -1.56 -11.66 -10.13  -8.07  -0.30 -12.62  -9.55
201012  15.01  12.92   7.42  16.70  10.32  14.75   9.87  17.00   4.17  17.59
201101   0.26   0.19   1.80   4.03  -9.26   1.03  -1.13   2.10  -3.25  -0.10
201102   5.45   4.73   5.63   4.13  10.08   8.94   8.45   3.36  10.55   5.21
201103  -1.55  -3.63   1.37   1.57 -13.28  -4.86   1.66  -0.01  -0.67  -8.56
201104   8.50   9.73  10.68   2.47  16.47   9.89  11.73   8.08  10.90   6.73
201105  -6.19 -12.27   6.40  -2.44 -11.86 -14.04   3.31  -9.40   2.79 -15.75
201106  -1.01   1.21   1.58  -4.68  -1.99   0.29  -1.12   2.04  -3.98  -6.65
201107  -5.73 -10.33  -6.20   0.55  -7.22 -10.01  -2.44 -10.39  -1.12   4.31
201108  -6.04  -6.75  -4.61  -4.04  -4.72  -8.88  -5.24  -6.45  -6.72  -7.17
201109  -8.99  -8.88  -5.16  -9.78  -6.58 -11.57  -7.66  -8.67  -8.92 -13.85
201110  10.85  12.54   7.60  11.21  10.23  15.95   6.77  12.13   6.56  16.50
201111  -0.37   3.76  -2.23  -9.70  -4.51   2.95  -0.37   4.94  -1.25 -10.15
201112  -2.07  -1.14  -1.02  -3.71  -2.70   2.07  -1.28  -0.19  -3.83  -7.25
201201   6.55   4.94   0.56  10.52   0.32  14.04   1.09   0.57   2.72  19.69
201202   9.96  10.14  14.39  11.21   8.53  12.78  13.58   8.21  15.23   4.67
201203   1.63  -3.81   5.36   1.59  -2.76  -0.44   6.21  -3.62   6.23   4.33
201204  -1.27  -0.47   0.55  -0.07   0.27  -1.43   0.03  -0.24  -0.80  -4.11
201205 -12.26 -16.10  -5.12 -12.17 -14.74 -15.04  -6.49 -14.86  -7.70 -12.33
201206   5.24  10.22   1.50   5.04   9.51   4.92   0.74   9.75   0.63   2.37
201207   0.38  -1.41   2.79   3.26  -2.31   4.16   3.04  -2.26   3.03   0.10
201208   3.92  -0.22   5.82   5.56  -0.29   7.09   7.16  -0.41   7.69   5.69
201209   7.92   9.96   7.10   6.39   7.41   8.44   6.09   9.25   6.25   9.07
201210  -0.19  -1.38   2.09  -2.70  -2.52  -1.02   1.46  -2.50   2.38   2.26
201211   2.50   1.74   1.43   4.03  -1.06   2.67   0.62  -0.61   0.19   7.49
201212   5.35   8.26   4.09   4.24   9.62   3.88   3.59   9.65   1.41   1.40
201301   8.23  10.82   0.54  13.07   9.69  16.56   1.05  10.35   1.03  17.66
201302   1.46   0.48   4.20   1.78  -2.71  -0.80   4.33   1.21   5.26  -9.20
201303   4.08   4.80   4.01   3.59   7.22   6.30   4.56   1.66   5.08   8.21
201304   0.29   0.14   0.12  -0.85   5.24   2.02   0.26  -0.21   1.85   9.40
201305   3.49   2.42  -0.11   8.70   4.69   9.58  -0.47   5.50  -1.15   8.59
201306  -3.06  -6.06  -2.63  -0.34  -7.13  -3.19  -2.63  -0.45  -1.37 -15.44
201307   5.67   8.39   5.06   5.86   3.55   6.56   5.68   2.41   7.29  10.37
201308   2.65   5.73   1.99  -2.27  11.50   3.63   1.79  -1.86   3.25  25.00
201309   2.63   6.22  -1.07   0.60   0.25  -0.17  -0.33   5.86  -1.19  -1.64
201310   5.11   8.70   3.11   1.69  14.04   8.00   3.22   0.52   5.47  21.91
201311   1.75   3.11  -0.68  -0.19   2.87   1.43  -0.36   2.67   1.33   5.51
201312   1.20  -2.71   7.92   2.15  -2.45  -1.59   8.01   1.18   6.81  -9.83
201401  -0.97   0.71  -4.00  -1.29  -1.93  -0.91  -4.19   1.86  -3.38  -1.70
201402  12.72  13.43   9.03  15.80   8.66  16.07   8.83  13.06   9.65  17.61
201403  -2.91  -7.39   0.04  -2.83   0.04  -2.75  -0.23  -6.40   0.80   1.89
201404  -0.66   2.75   0.97  -4.53   1.29  -4.58   1.00   5.74   1.80  -9.47
201405  -1.90  -3.14  -2.60   2.24  -2.11   1.98  -2.72  -5.19  -1.57   2.66
201406  -2.99  -3.36  -2.24  -2.36  -2.28  -1.93  -2.65  -4.14  -1.86  -1.70
201407  -4.00  -7.64   0.33  -4.69   0.02  -4.84   0.76  -8.39  -0.27  -3.43
201408   0.01  -0.24  -1.23   2.75   0.42   2.59  -1.29   0.07   0.32   1.20
201409  -2.30  -1.57  -3.85  -0.42  -6.53  -0.15  -3.43  -1.03  -6.21   0.29
201410  -3.76  -5.76  -2.33  -4.41  -3.12  -4.13  -2.71  -5.46  -3.32  -0.97
201411   7.36   5.71   8.06   7.53   8.30   8.74   8.56   4.32   9.22  10.84
201412   2.05   1.50  -2.80   6.52  -3.74   7.27  -3.12   1.85  -5.38   9.89

     Value-Weight Local  Returns      All 4 Data Items Required
                -- BE/ME --   --- E/P ---   --- CE/P --   ------  Yld  -----
          Mkt   High    Low   High    Low   High    Low   High    Low   Zero
199101  -2.45  -2.44  -2.43  -3.97   2.62   3.49   0.62  -5.83  -3.13  11.62
199102  21.63  18.59  20.14  13.81  19.88  22.99  16.73  15.52  20.31  27.60
199103   6.76   7.30  12.74  10.04  10.91   2.77   9.22  11.33   3.72  20.03
199104  -3.62  -6.66  -2.03  -1.87  -0.11  -5.67  -2.41  -2.53  -3.01  -0.69
199105  -0.47 -10.43   0.37  -2.18  -1.73   0.37  -0.69  -2.60   2.12  -6.83
199106  -3.91  -8.93  -6.01  -9.51  -4.48 -10.99  -5.45  -8.54  -2.59  -1.46
199107   9.27   9.04   8.17   3.70   7.16   9.09   5.69   3.51  11.87   3.72
199108   0.20   1.40   2.15   5.80   2.42   5.95   2.70   6.85  -1.19   6.83
199109  -0.80  -3.01   6.55  -3.34   5.75   1.22   5.35  -4.52  -1.27  15.83
199110  -2.17  -2.37  -3.69   0.22  -3.05  -4.54  -3.37   0.82  -2.99   3.52
199111  -6.56  -8.42  -6.62  -8.39  -6.48  -4.26  -7.11  -7.25  -4.87 -10.67
199112   1.68  -1.77   4.56  -1.97   3.95   0.85   4.14  -1.73   2.59   6.62
199201   9.77   4.30  10.14   7.35  10.18   5.00   9.73   6.80  11.78   0.92
199202  -2.31  -0.54  -2.67  -5.09  -3.01   2.53  -3.36  -7.21  -1.44 -11.23
199203  -0.86   0.03  -1.19  -2.17  -0.92  -1.46  -1.09  -1.27  -1.97   4.18
199204   2.74   0.06   2.04  -3.21   0.48   7.06   0.75   3.23   0.40   0.00
199205  -5.79  -1.83  -7.23   2.46  -7.58  -2.90  -7.53   2.11 -10.66   8.10
199206  -4.24  -4.51  -4.41  -4.74  -4.95  -0.29  -5.29  -9.08  -4.74  -7.94
199207  -3.53  -5.30  -3.89  -6.27  -0.98   2.04  -1.09  -8.20  -0.33  -0.50
199208  -5.65   2.11  -6.91   0.28  -7.26  -4.59  -7.54   0.86  -5.17 -19.91
199209  -6.89  -0.24  -9.52  -1.72  -9.72  -1.44  -9.18   1.98 -13.71   7.75
199210  -3.33  -1.13  -2.68  -2.17  -2.04  -4.70  -2.27  -3.35  -3.38   2.82
199211   6.45  -3.48   8.17  -0.78   8.24   0.53   8.11   2.06  11.29  -3.45
199212   4.51   2.93   6.55   2.54   7.96  -2.81   7.69   1.65   2.65  36.40
199301   3.10  -1.93   2.53   0.86   1.71   4.39   0.86   4.62   1.99   0.00
199302   2.91  -7.81  -3.99  -0.29  -2.83   2.52  -3.96   3.61  -2.38  -5.60
199303   8.74  33.89   7.67  31.64   9.99  26.69  10.15  17.86  20.23   0.00
199304   1.44   6.69   4.95   1.99   3.46   2.72   3.18   2.10   2.59   0.00
199305   2.41  -6.74   5.23   2.07   7.67   4.17   6.66   5.57  -1.15  17.60
199306   3.04  -1.66   4.17   2.75   3.99   4.04   3.14   6.32  -0.08   0.00
199307   2.45   4.84  -1.88   3.40   2.37   4.10   1.33   1.47   1.19   0.00
199308   4.49  18.21   1.74   7.73   4.69   5.19   3.63   8.97   3.38   0.00
199309  -3.32 -10.16  -0.74  -6.74  -0.68  -5.26  -0.95  -1.29  -2.56   5.00
199310   6.84   1.02  13.29   6.93  11.27   9.77  11.68   6.82   6.33  19.00
199311   3.41  -1.50   6.05 -10.24   5.33 -11.00   5.22   0.02  -3.77  16.00
199312   3.95  -0.82  -4.02   0.44  -0.64   3.24  -2.28   7.46  -1.80  -6.90
199401  14.47  13.38  10.64  14.75  15.58  14.01  15.08  14.75  17.00  17.20
199402  -2.73   2.82  -1.15  -0.66  -3.73  -0.43  -4.28  -0.10  -5.52   0.37
199403  -4.34  -9.95  -5.15  -4.91  -4.38  -6.66  -4.10  -6.46  -2.99 -10.84
199404  -0.55   0.04  -0.92  -1.14  -0.56   0.92  -0.77  -1.79   0.40  -6.43
199405  -4.85  -2.37  -6.35  -3.85  -5.09  -3.28  -5.56  -4.08  -2.79   0.29
199406  -4.27  -8.54  -6.15 -11.17  -1.10 -10.08  -1.38 -12.64   1.67   0.29
199407   8.39   6.60   9.17  10.63   8.38  12.38   7.81  10.91   7.29   0.43
199408   7.94   8.85   2.31   1.93  10.01   4.22   9.25   2.95  16.57   1.72
199409  -2.54  -1.81  -0.14  -4.20  -2.58  -4.55  -1.85  -3.23  -4.98  16.89
199410  -4.75  -1.47  -5.40   1.34  -7.07   2.66  -7.46   1.37  -4.91 -16.10
199411  -1.32  -0.55  -1.37   2.08  -1.53   0.56  -1.65   0.33  -2.68   0.15
199412   1.29   2.77   1.81   1.87   2.09   4.90   2.40   2.33   1.67   1.14
199501   1.55  -0.89   0.52   2.97   3.39   2.17   2.18  -3.64   5.03   0.24
199502   1.70  -0.69   1.62  -0.23   1.14   0.39   0.98   1.08   2.15   0.56
199503  -3.64  -0.98  -1.71  -5.25  -5.37  -5.44  -6.63   2.23  -5.72  -6.55
199504   0.65  -8.82   2.84  -2.40  -1.35  -2.75   0.11  -5.48  -0.83  -0.37
199505   0.97   1.93   2.63   6.27  -1.04   5.26  -1.90   4.74  -0.80  -1.45
199506   5.02   2.12   4.10   5.82   3.85   3.08   6.18   1.30   5.07  -3.24
199507   2.27   0.59   2.18  -2.30   3.47  -1.95   1.78   1.92   1.91   5.40
199508   5.06   7.33   3.72   7.34   6.33   8.20   4.98   3.76   3.39  24.55
199509  -1.45   3.11  -1.91   2.15  -2.58   3.27  -4.17  -2.49  -2.03  -2.35
199510  -3.77  -3.95  -3.20  -2.74  -4.75  -4.73  -6.34  -9.36  -5.13  -2.55
199511  -0.12  -2.72   5.33   0.79  -4.69  -0.19  -5.24  -1.83  -4.37  -2.32
199512   1.56   2.31   5.70  -0.46  -1.28  -1.09   0.35   2.90  -2.35  10.00
199601   5.79   1.14   8.17   2.54   8.45   0.94   8.45   4.48   3.39  19.28
199602   3.03   1.19   4.27   1.34   3.68   2.20   3.68  -0.52   1.65   0.22
199603   6.75   1.58   7.41   0.87   8.80   1.38   8.80   3.26   7.50  10.54
199604   5.10   9.74   3.94  10.35   3.99   8.97   3.99   6.97   5.58   2.53
199605  -0.10  -2.81  -0.19  -1.70   0.44  -1.73   0.44   3.15   5.84  -4.74
199606   0.38   1.46  -0.69   1.19  -1.86   3.04  -1.86   7.11   2.93  -8.76
199607  -5.05  -6.93  -4.19  -6.84  -3.44  -6.42  -3.44 -11.81  -8.46   2.62
199608   4.28   4.94   5.65   5.03   4.60   4.00   4.60   0.90   1.77   6.81
199609   2.92   0.32   1.88   0.94   2.44   1.32   2.44   6.34   6.86  -4.78
199610  -2.26   0.03  -3.82  -1.58  -3.09  -0.23  -3.09  -1.54  -2.19  -7.11
199611   0.56  -1.11   1.42  -0.76   1.13  -1.06   1.13   0.71   1.65   7.21
199612   2.72   4.32   5.31   4.62   2.28   4.34   2.28  -0.92  -4.81  11.76
199701   7.05  -2.63   9.87  -2.63  10.50  -2.63   9.64   2.87   6.50  15.79
199702  -1.50  -3.48  -3.22  -3.48  -3.06  -3.48  -2.69  10.10   1.90 -10.07
199703  -1.56   2.25  -2.41   2.25  -2.26   2.25  -2.74  -5.75  -4.64  -1.44
199704   0.47  -0.92   1.47  -0.92   1.55  -0.92   1.15   7.30   2.65  -0.37
199705   7.71  12.61   8.20  12.61   7.27  12.61   6.73  10.86   0.18  19.85
199706   6.75   5.84   7.25   5.84   8.11   5.84   7.39   5.62   3.72  11.04
199707   4.33   9.99   2.60   9.99   3.20   9.99   3.09  10.08   0.12   4.97
199708   0.87   5.16   0.32   5.16   0.70   5.16   0.47  -3.14   5.39  -4.21
199709   5.64   2.55   9.07   2.55   7.64   2.55   7.32  -0.32   9.39  10.03
199710  -3.27 -14.24  -0.64 -14.24  -0.71 -14.24  -0.94  -3.40   0.52  -0.37
199711   0.61  -0.61   1.38  -0.61   1.66  -0.61   1.47   0.04  -3.06   5.76
199712   1.33   1.71   0.79   1.71   0.55   1.71   0.93   6.14   3.14  -2.96
199801   6.77   3.01   4.23  19.91   4.76  10.99   5.38  13.48   6.87   1.47
199802   9.53  -5.41  14.29   4.82   8.87  10.82  11.84  -0.93   7.26  19.49
199803   8.04  11.58   8.87  15.48   9.17  -3.40   8.75  10.31  15.16   4.13
199804   1.15  23.80  -4.61   2.89   1.24  -4.36  -2.47   4.27  -1.49  -3.87
199805  -3.35  -9.63  -1.17  -1.43  -3.40   2.74  -1.92  -4.19  -3.07  -1.51
199806  -2.38  -9.49   0.92  -2.79  -1.78  -7.00  -0.27  -1.82  -3.67   5.11
199807  -3.35 -21.83   2.75 -15.64  -2.47  -6.94   0.71 -11.92  -7.79  11.95
199808 -17.42 -17.72 -18.11  -8.70 -17.86  -7.45 -17.81 -18.49 -16.80 -18.14
199809   4.98 -24.11  13.92 -12.07   9.03 -14.36  13.20 -12.15   4.15  22.27
199810   3.31   7.74   2.36   0.09   3.89  -5.36   3.34   2.81  11.16  -2.78
199811   4.48  18.36   1.85  14.69   3.03   7.56   1.32  10.00   7.89  -2.77
199812   2.77  -9.55   5.00   4.39   3.27  -2.17   4.55   0.76   6.15   2.66
199901  -3.05  -4.64  -3.63 -18.35  -2.36  -5.35  -2.36  -5.91  -1.71  -3.27
199902  13.08  23.61  13.80  32.36  12.82  34.92  12.82  23.87  13.26  13.51
199903  -4.40   3.04  -6.65  -5.44  -5.41  -3.80  -5.41   2.41  -2.79  -7.39
199904  -2.00  27.97  -8.76  12.48  -7.68  34.77  -7.68  26.92  12.33 -22.54
199905  -2.77  -1.94  -2.94  -4.81  -2.99  -5.18  -2.99  -2.05  -9.75   4.40
199906   1.05  -6.56   3.97   0.42   3.64  -6.57   3.64  -6.06   2.54   4.76
199907   3.63  11.42   4.81  -5.35   3.97  17.09   3.97   9.92   4.86   3.78
199908   6.47   0.74   7.76  -3.50   7.63  -1.11   7.63   0.43  12.08   4.47
199909  -0.96   4.04  -2.08  -1.74  -1.44   2.74  -1.44   3.68 -11.38   7.04
199910 -10.58  -7.36 -13.70  -2.38 -12.52 -10.32 -12.52  -7.11  -0.08 -21.71
199911   7.91   7.34  10.43  -4.48   9.44   8.51   9.44   6.53   8.64  10.95
199912   7.25  15.34   6.04  -0.59   5.56  10.45   5.56  14.30   5.80   5.71
200001   1.38  -1.24  -1.47   2.66   0.12   2.66   0.53  -2.50  -3.74   6.01
200002   8.28 -18.26   0.21 -11.99   9.38 -11.99  11.54  -3.44   0.71  26.71
200003   6.98   4.01   6.65  -5.62   8.58  -5.62   9.26  -2.00   3.84  20.53
200004  -8.03  -2.53  -8.56  -8.82  -9.24  -8.82  -9.01  -4.28 -10.80  -5.87
200005  -6.35 -10.44  -5.50  -1.51  -6.82  -1.51  -5.95  -3.34  -5.84  -6.45
200006   0.04 -11.37  -5.44   3.19   0.84   3.19   1.72  -0.32  -4.85  11.52
200007   2.16   9.46  -2.23  -6.28   2.62  -6.28   2.00  -1.24  -5.50  11.27
200008   5.54  10.29   0.03   5.98   4.87   5.98   4.88   3.69   0.62   7.61
200009  -2.77  -5.79   0.72  -8.69  -2.68  -8.69  -2.24  -7.15  -0.20  -4.92
200010   2.07   4.88   9.63  -6.86   2.13  -6.86   1.75  -3.77  10.71  -4.47
200011  -5.41 -11.07  -9.46  -4.36  -4.78  -4.36  -4.61  -9.62 -13.53   5.68
200012   0.14  12.51   9.80   1.75  -1.02   1.75  -1.66  11.68  10.68 -11.49
200101   2.14   0.57   3.33   8.11   2.69  -0.61   3.92   1.46   1.47   4.02
200102   2.09   0.48   5.43   8.50   2.48  -0.97   5.21  -2.36   0.42   5.92
200103  -4.21 -10.55  -2.91 -21.04  -1.92  -6.69  -2.80  -8.64  -6.72  -1.87
200104   2.91  12.65  -1.08   9.16   0.81   8.35  -1.56   5.34   7.39  -1.50
200105   8.73  -1.00  12.75  -3.14  10.58  -0.26  12.93   0.68   7.91  13.78
200106   3.88   2.51   5.50  -1.14   6.53   3.06   5.52  -0.95  -2.71   6.34
200107  -4.51   8.08  -8.75   8.68  -7.33   6.84  -9.32   5.85  -0.02 -10.18
200108  -7.67   2.75 -11.40  -2.24 -10.04   3.75 -12.42  -0.44  -4.29 -12.64
200109  -8.95 -24.68  -7.93 -23.66  -6.13 -21.56  -8.29 -22.19  -9.46  -7.53
200110   0.80  15.15  -2.17   7.99  -2.38  15.59  -1.99  13.70   4.68  -2.86
200111   4.90   8.60   3.40   7.78   3.46   7.33   3.77   6.54   5.52   3.44
200112   5.66   3.85   5.08   7.39   6.34   3.47   6.28   5.90   4.86   5.99
200201 -17.05   4.68 -20.22  -0.98 -20.15   2.54 -20.02  -3.91  -4.28 -29.83
200202 -13.50   5.32 -16.79  -0.40 -17.16   5.82 -16.82  -4.93   4.56 -34.41
200203   1.58   2.01   0.52   1.38   1.34  -0.35   0.34  11.92   3.67  -3.85
200204  -5.52   3.89  -7.53   0.13  -8.05   2.19  -7.55  -2.12  -3.65 -14.34
200205  -0.92  13.36  -3.68  -5.54  -3.08  14.81  -3.02  -1.34  -1.25  -6.70
200206 -10.20  -2.49 -12.20  -8.85 -12.30  -3.78 -12.11  -8.33  -8.58 -18.88
200207 -11.74  -3.27 -13.76  -7.80 -13.88  -4.44 -12.58 -13.15  -9.29 -21.24
200208   1.23   1.56   0.79   4.25   0.38   1.65   0.14   4.28  -0.99   2.45
200209 -16.01 -14.70 -15.94 -13.51 -16.53  -0.61 -16.28 -16.84 -20.02  -8.86
200210   8.12  -7.30   9.01   6.00   9.39  -1.72   9.73   4.97   8.74  11.44
200211  13.23   1.10  14.29   8.78  14.11   3.11  14.61   7.11  10.72  21.22
200212 -12.74   1.70 -14.26  -8.06 -13.76  -4.18 -14.73  -2.21 -15.53 -13.50
200301   2.64  35.33  -1.08  11.85  -2.88  43.33  -2.46  -4.57  -1.70  12.17
200302  -8.35 -17.75  -9.17 -14.55  -7.04 -22.45  -6.39  -9.78  -3.79 -14.82
200303   5.93  -7.99   4.84   0.51   3.88  -9.85   3.03  -0.60  13.45   0.55
200304   4.79   6.54   3.51   1.78   5.87  11.32   5.46   3.70   5.76   1.68
200305   1.99  38.08  -1.95   7.14   2.24  38.70   4.23  13.11  -3.29   7.19
200306   3.25   0.34   4.59   3.64   4.67  -5.04   3.48   0.64   3.23   3.68
200307   8.01  -1.87  -0.15  -1.85   5.61  -2.85   5.57   6.52  17.19  -2.23
200308   2.41  -0.07   1.80  -1.42   3.43  -4.17   2.50   1.05   3.84  -1.60
200309  -5.43   5.30  -4.67  -3.42   0.60   6.56   0.24  -0.48  -8.58  -3.70
200310   8.62   3.31  18.43  19.28   8.86   0.25   8.99   8.36   1.61  19.79
200311  -2.44   5.32  -6.97  -8.17   1.20   3.10   0.91   2.35  -0.03  -8.43
200312   3.87   6.35   2.40   7.36  -1.04  16.76  -0.95   0.56   3.79   7.50
200401  -2.82   9.83 -12.48   9.58 -11.84  13.92 -10.55   7.72  -3.08 -20.21
200402  -0.05  -0.16   1.56  -0.62   0.16   1.10   0.58  -2.00   6.13  -0.81
200403  -1.96  -3.81  -1.76  -1.63  -1.72  -2.66  -1.78  -4.53   2.16  -3.76
200404   4.56   3.33   4.16   2.98   2.58   2.27   3.24  -1.76   2.83   5.45
200405  -1.56  -6.43  -1.62   2.91  -1.87 -11.65  -1.83   0.60   3.65  -7.56
200406   2.68   3.68   5.93  10.34   3.09  -0.91   4.30   0.48   2.62   6.41
200407   1.87   0.06  -1.80  -1.93  -1.63  -4.78  -0.90  -5.17  -1.48  -0.61
200408  -0.11  -1.66  -1.14   1.73  -1.87  -1.17  -0.93   3.54  -0.89  -2.30
200409   1.75  -1.44   0.50   0.65  -0.20  -0.69   0.98  -0.31   4.44  -1.81
200410  -0.52  -5.88   0.37   4.67   1.68  -8.12   0.94   5.49  -0.92  -0.83
200411   4.76   6.82   8.30   3.01   8.29   2.48   8.45  -1.75  -0.96  19.13
200412   3.20   3.24   3.32   0.71   2.97   0.74   3.34   3.32   2.18   3.60
200501   6.57   6.10   6.94   6.23  10.31   7.47  12.01   2.11   3.32  20.00
200502   3.80  -1.67   7.03   6.74   2.77  10.33   2.27   9.25   4.10  -3.02
200503  -2.23  -8.09  -1.62  -1.25   0.96  -4.07  -0.52   0.88  -1.99  -1.10
200504  -3.94   1.55  -2.79  -2.90  -5.14  -5.75  -4.37  -4.59  -3.56  -6.60
200505   6.95  16.04   3.86   5.89   9.85   1.95  10.78   2.46   6.77  14.50
200506   3.50   2.44   1.84   6.52   0.46   1.83   0.78   2.92   5.49  -1.10
200507   3.90   3.43   1.79   0.81   3.10  -4.46   3.49  -2.02   5.56   4.90
200508  -3.47   5.37  -2.84  -1.05  -0.70   4.64  -3.33   0.93  -5.31  -2.80
200509   2.04   2.76   0.92   0.27   5.27   9.10   2.91   4.14   1.78   4.50
200510  -5.04   1.27  -6.49  -7.05  -0.92  -2.28  -1.50  -4.29  -8.37   3.10
200511   3.77  -0.40   2.21  -4.23   2.63   2.12   1.94  -0.74   7.21   2.00
200512  10.04  11.52   6.27   7.28  10.25   0.74  13.00   5.52   8.16  16.10
200601   0.88   0.57  -0.71   1.48  -2.02  -5.07  -2.02  -1.37   7.46  -6.65
200602   5.41  -3.95   1.65  -1.01   1.11  15.72   1.11   6.35   6.51  -0.69
200603   3.17   5.18   2.04   2.32   2.12  -1.91   2.12  -0.62   3.15   2.42
200604  -0.90  -1.90  -4.53  -0.21  -5.20   0.88  -5.20   3.84   2.22 -14.16
200605  -4.70 -10.21   2.40  -7.33   3.14  -2.47   3.14   0.67   2.28  -0.66
200606  -0.94  -4.11   1.95  -0.57   2.41   0.28   2.41   0.14  -1.58   6.39
200607   2.65   0.88   7.60   0.30   7.97  -0.01   7.97   8.88  -0.59   9.61
200608   5.19   7.95   2.52   6.47   1.46   1.68   1.46   7.30   8.20  -3.72
200609   3.90  -2.46  11.98  -1.10  15.16   3.29  15.16  15.65   5.51  12.40
200610   7.32  10.10   9.50   8.02   8.51   8.88   8.51  18.63   8.59   5.23
200611   1.64  -0.22   1.09   4.95   0.10   3.91   0.10  -9.34   4.04   6.05
200612  11.52   7.42  12.05  10.18  13.06   6.12  13.06  14.73  12.52  10.59
200701  -2.65   8.94  -6.68   2.79  -2.64   8.94  -2.64   0.78  -0.96   4.12
200702   3.13   2.52   2.08   7.36   1.81   2.52   1.81   7.22   1.58   5.98
200703   1.69   5.74   3.28   1.72   2.00   5.74   2.00   3.25  -0.01   1.22
200704   2.06  -4.49   4.41  -2.00   4.97  -4.49   4.97  -0.88   4.66   4.12
200705   3.37  -8.76   5.53   4.50  -4.02  -8.76  -4.02   3.95   2.26 -12.36
200706  -3.66   5.04  -6.68  -0.46  -9.59   5.04  -9.59   3.63  -7.59  -6.77
200707  -8.74  -2.08 -19.30 -11.70  -7.44  -2.08  -7.44  -9.80  -8.35   6.85
200708  -2.50  -0.31   0.28   3.65  -0.58  -0.31  -0.58   1.32  -2.23   0.77
200709  -7.28   1.44 -10.38 -18.91  -4.49   1.44  -4.49 -12.91   1.04  -6.38
200710   1.16   3.28   2.54  -0.82   9.67   3.28   9.67   0.26   2.43  15.00
200711  -9.62  -8.25 -18.36 -12.47 -15.61  -8.25 -15.61 -11.06  -7.44 -13.39
200712  -3.98  -1.54  -4.31   7.30  -7.06  -1.54  -7.06   4.47  -4.03  -7.03
200801  -5.13  -1.31  -4.15  -3.73  -6.41  -0.27  -6.95  -3.63 -12.22  -9.78
200802  -2.62  -4.53   4.81  -5.11   8.48  -4.73   8.79  -4.21   4.75  -4.18
200803  -2.21   0.27  -0.33   0.96  -2.28  -1.04  -1.31   1.87  -3.60  -6.51
200804  -0.43  -2.73   2.77  -4.22   2.75  -0.97   3.33  -6.61   2.19   6.06
200805  -3.05  -4.62   3.80  -4.11   1.39  -4.85   1.40   0.09  -3.65  -1.71
200806 -19.88 -25.93 -12.25 -29.12  -6.58 -25.16  -6.25 -33.83 -14.81  -3.59
200807 -11.40 -12.58 -11.00 -13.46  -9.42 -12.26 -10.00  -6.93  -7.86 -16.77
200808   6.73   7.01   3.67   5.79   5.17   5.59   4.71   2.20   8.65   4.81
200809 -20.40 -23.39 -21.55 -27.80  -9.80 -23.46  -9.68 -25.60 -15.06 -19.13
200810 -14.42 -13.93 -21.09 -34.10 -16.02 -12.52 -15.97 -42.14 -20.60   1.46
200811 -16.30 -16.44 -19.69 -32.20 -14.42 -14.91 -13.90 -32.60 -25.99  -4.59
200812  -7.79  -7.24  -7.64 -24.92 -11.30  -6.19 -13.29 -22.08 -16.45  -4.49
200901  -2.74 -18.02   5.20 -14.37   1.65 -14.37   0.59 -21.82  12.64  -4.35
200902 -10.84 -39.75   3.27 -37.04  -2.96 -37.04  -2.81 -49.45   0.69  -1.04
200903   5.16  22.76  -9.43  27.57  -5.40  27.57  -3.98  41.97  -7.12  -2.39
200904  21.88  44.27   4.88  48.80  12.76  48.80  14.78  55.65   6.80  17.25
200905   6.34  44.25   7.08  43.10   5.81  43.10   8.08  57.90   4.76  11.18
200906  -0.24   2.13   1.62   5.31  -3.77   5.31  -3.87   7.18  -1.96  -1.13
200907   1.68   7.61   2.66   4.86  -2.90   4.86  -1.93   2.84   3.14  -2.62
200908  13.62  30.88   8.45  27.49   4.00  27.49   4.60  34.95  11.73   4.77
200909   8.41  16.28   4.80  12.58   6.57  12.58   6.56  18.43   5.32   5.70
200910 -12.88 -26.92   2.45 -21.89  -8.89 -21.89  -7.97 -30.13   0.60  -6.68
200911  -3.47  -9.66  -0.95  -9.73  -4.96  -9.73  -3.00 -10.51  -3.40  -5.29
200912   6.59  -3.35   4.31  -3.16  12.54  -3.16  11.18  -3.87   5.54   8.38
201001  -2.14  -0.61   1.69  -4.15   3.98   3.35   3.16  -6.86   3.56   3.16
201002  -3.19 -16.37   3.71  -3.23  -2.05  -6.05   1.75  -3.75   8.11  -7.37
201003  10.60  29.14   5.12  10.69  11.14  19.16   5.13  10.59  -0.50  17.62
201004   9.67  10.64   4.74  12.59   5.96   6.84   4.87  14.23   4.22   7.17
201005 -13.16 -26.00  -5.58 -15.11  -9.05 -17.48  -4.09 -14.81  -6.67 -14.91
201006  -3.42 -12.34   2.09  -3.84  -1.97  -4.40  -0.42  -4.28   0.94  -5.23
201007  -0.35  13.13   2.19  -2.53   1.93   7.55  -0.21  -4.33   6.91   0.83
201008  -8.98 -11.52   3.49 -16.29   3.16  -5.77   4.41 -19.90   5.91  -3.45
201009  -2.02 -11.86  -2.51  -1.83  -4.64  -5.45  -2.47  -0.47  -0.38  -5.85
201010   0.54  -9.20   1.76   0.47  -1.26  -2.92   2.31   0.78   2.55  -2.44
201011   0.66 -19.00  -2.72   5.87  -5.00  -3.35  -1.14   7.22  -6.03  -2.73
201012  11.57   9.55   4.21  13.22   7.02  11.33   6.58  13.50   1.05  14.08
201101  -1.97  -2.04  -0.46   1.72 -11.28  -1.22  -3.33  -0.16  -5.40  -2.32
201102   4.58   3.87   4.76   3.28   9.18   8.04   7.56   2.51   9.64   4.34
201103  -4.01  -6.04  -1.16  -0.97 -15.44  -7.23  -0.88  -2.51  -3.16 -10.84
201104   3.71   4.89   5.79  -2.06  11.32   5.04   6.79   3.30   6.01   2.01
201105  -3.47  -9.72   9.49   0.39  -9.30 -11.55   6.31  -6.78   5.78 -13.30
201106  -1.73   0.47   0.83  -5.38  -2.71  -0.45  -1.85   1.29  -4.68  -7.33
201107  -5.01  -9.65  -5.49   1.31  -6.52  -9.33  -1.70  -9.72  -0.38   5.10
201108  -5.95  -6.66  -4.51  -3.95  -4.62  -8.79  -5.15  -6.36  -6.63  -7.08
201109  -2.28  -2.15   1.84  -3.13   0.31  -5.05  -0.85  -1.94  -2.20  -7.50
201110   7.10   8.73   3.96   7.45   6.49  12.03   3.16   8.34   2.95  12.56
201111   2.71   6.97   0.79  -6.91  -1.56   6.14   2.70   8.18   1.81  -7.37
201112   1.73   2.69   2.81   0.01   1.07   6.03   2.54   3.68  -0.11  -3.66
201201   5.40   3.80  -0.54   9.32  -0.77  12.80  -0.01  -0.53   1.61  18.39
201202   7.96   8.14  12.31   9.19   6.56  10.73  11.51   6.24  13.13   2.77
201203   1.48  -3.95   5.21   1.44  -2.91  -0.58   6.05  -3.76   6.07   4.17
201204  -0.48   0.32   1.35   0.73   1.07  -0.64   0.83   0.56  -0.01  -3.34
201205  -6.02 -10.13   1.62  -5.93  -8.68  -9.00   0.16  -8.81  -1.13  -6.10
201206   2.79   7.66  -0.85   2.60   6.97   2.48  -1.60   7.20  -1.70  -0.01
201207   3.27   1.42   5.74   6.23   0.50   7.15   6.00   0.55   5.99   2.98
201208   1.66  -2.39   3.51   3.26  -2.46   4.75   4.83  -2.58   5.35   3.39
201209   5.63   7.62   4.82   4.12   5.12   6.14   3.84   6.93   3.99   6.75
201210  -1.05  -2.23   1.21  -3.54  -3.36  -1.88   0.58  -3.34   1.50   1.38
201211   2.31   1.55   1.24   3.84  -1.24   2.48   0.44  -0.79   0.01   7.29
201212   3.68   6.55   2.44   2.59   7.89   2.23   1.95   7.91  -0.19  -0.20
201301   5.15   7.66  -2.32   9.85   6.56  13.24  -1.83   7.21  -1.85  14.31
201302   5.45   4.44   8.31   5.78   1.12   3.10   8.44   5.19   9.40  -5.63
201303   6.05   6.78   5.98   5.56   9.25   8.31   6.54   3.58   7.07  10.26
201304  -2.33  -2.48  -2.50  -3.45   2.48  -0.65  -2.37  -2.82  -0.82   6.54
201305   4.82   3.75   1.17  10.10   6.05  10.99   0.81   6.86   0.12   9.99
201306  -3.14  -6.15  -2.72  -0.44  -7.22  -3.28  -2.72  -0.54  -1.46 -15.51
201307   3.34   5.99   2.73   3.52   1.26   4.20   3.34   0.14   4.92   7.93
201308   3.32   6.42   2.66  -1.63  12.23   4.31   2.45  -1.22   3.92  25.82
201309   0.31   3.82  -3.30  -1.67  -2.02  -2.43  -2.58   3.47  -3.42  -3.86
201310   4.61   8.19   2.62   1.21  13.50   7.49   2.73   0.04   4.97  21.33
201311   1.76   3.12  -0.66  -0.18   2.88   1.45  -0.34   2.69   1.35   5.52
201312  -0.01  -3.87   6.63   0.93  -3.62  -2.77   6.72  -0.03   5.53 -10.91
201401   0.96   2.68  -2.13   0.64  -0.02   1.03  -2.32   3.85  -1.49   0.22
201402  10.16  10.86   6.56  13.17   6.20  13.44   6.37  10.50   7.17  14.95
201403  -2.71  -7.20   0.25  -2.63   0.25  -2.55  -0.02  -6.21   1.01   2.10
201404  -1.33   2.06   0.28  -5.18   0.61  -5.22   0.32   5.03   1.12 -10.08
201405  -0.21  -1.47  -0.93   3.99  -0.42   3.73  -1.04  -3.56   0.12   4.43
201406  -3.43  -3.79  -2.68  -2.80  -2.72  -2.37  -3.09  -4.57  -2.31  -2.14
201407  -1.82  -5.54   2.61  -2.52   2.30  -2.68   3.05  -6.30   2.00  -1.24
201408   1.94   1.68   0.68   4.74   2.36   4.56   0.62   2.00   2.25   3.15
201409   1.60   2.36  -0.01   3.56  -2.80   3.83   0.42   2.92  -2.47   4.29
201410  -2.94  -4.96  -1.51  -3.60  -2.30  -3.32  -1.89  -4.66  -2.50  -0.13
201411   7.86   6.20   8.56   8.03   8.80   9.25   9.06   4.80   9.72  11.35
201412   5.17   4.60   0.17   9.78  -0.80  10.54  -0.16   4.96  -2.49  13.24

     Value-Weight Dollar Returns      All 4 Data Items Not Reqd
              -- BE/ME --   --- E/P ---   --- CE/P --   ------  Yld  -----
        Mkt   High    Low   High    Low   High    Low   High    Low   Zero
1991  16.63 -11.56  25.23  16.22  23.35  17.01  23.67  18.58  17.88  77.30
1992 -17.51 -14.39 -20.65 -10.88  -9.24  -8.65 -17.97 -15.31 -22.14 -14.00
1993  34.62  20.15  32.49   0.46  38.74  37.04  36.54  54.14  10.88  42.36
1994   9.02   7.77   5.23   9.48  14.41  22.98  15.54   0.29  20.15  15.98
1995  23.21  18.16  27.84  44.93   5.74   9.29  -2.58  27.12  10.35  11.87
1996  27.12  18.41  34.20  21.52  32.98  21.47  34.81  20.53  30.65  41.78
1997  27.49   6.19  20.42   9.78  20.16   2.02  16.98  36.60   5.36  32.74
1998  37.91   2.63  51.02  51.57  27.65  -9.16  30.83  70.55  28.75  42.49
1999 -16.09  54.53 -22.60  -8.16 -21.81  59.85  -7.98  48.48 -17.29 -20.62
2000   2.37  -3.39 -15.33 -26.95  -3.96 -38.27  -0.73   4.94 -24.01  47.44
2001  -3.13   4.65  -4.12  -4.61  -2.57   8.27  -6.93  -2.63   1.83  -5.59
2002 -19.29  45.74 -37.84  26.68 -52.05  38.90 -50.96  -1.58 -17.36 -71.40
2003  42.85 119.36  27.17  45.14  51.59 107.99  51.38  47.38  72.18  43.25
2004  35.61  24.12  44.05  27.80  16.90  -4.12  12.87  24.50  42.00  71.43
2005   1.48  10.60  -6.86  -4.71  22.93   7.84  22.09  -0.35  12.65 -19.76
2006  42.83  36.93  52.85  40.52  75.34  24.37  66.95  40.19  52.92  25.68
2007 -19.55 -24.48 -10.98 -28.38 -21.30   8.57 -38.25 -28.73 -13.84  14.90
2008 -67.49 -69.28 -69.77 -87.26 -46.56 -68.57 -54.43 -88.03 -41.07 -61.13
2009  34.38  55.33  41.09  45.52  15.26  45.64  24.45  21.01  47.49  24.38
2010  -6.45 -27.23   9.14 -16.55   0.55  -5.50  10.50 -21.70  10.78  -3.55
2011  -2.95 -51.79  60.79 -11.76 -26.29 -41.76   6.89  -7.55  -1.13  -1.97
2012   2.04  25.07 -22.52  36.20   7.81  43.24  21.77  10.47  42.08 -11.78
2013  70.74  50.60  32.60  41.38  55.06 116.48  30.41  32.30  38.64 113.13
2014 -16.73  -0.86  -1.84  19.31  -2.05  -5.04  -3.60  -5.59  -2.29 -23.69

     Value-Weight Local  Returns      All 4 Data Items Not Reqd
              -- BE/ME --   --- E/P ---   --- CE/P --   ------  Yld  -----
        Mkt   High    Low   High    Low   High    Low   High    Low   Zero
1991  18.50 -10.14  27.23  18.08  25.33  18.89  25.65  20.48  19.77  80.14
1992 -11.01  -7.64 -14.40  -3.86  -2.09  -1.45 -11.51  -8.63 -16.00  -7.22
1993  55.17  38.49  52.71  15.79  59.92  57.95  57.38  77.66  27.80  64.09
1994  -0.20  -1.34  -3.66   0.23   4.75  12.59   5.77  -8.19  10.00   6.18
1995  18.48  13.62  22.93  39.36   1.67   5.09  -6.33  22.23   6.11   7.57
1996  22.65  14.24  29.47  17.24  28.29  17.20  30.07  16.29  26.05  36.79
1997  47.85  23.15  39.65  27.32  39.35  18.31  35.66  58.42  22.19  53.94
1998  32.23  -1.60  44.80  45.33  22.39 -12.90  25.44  63.53  23.45  36.62
1999  -1.70  81.04  -9.32   7.60  -8.40  87.28   7.81  73.95  -3.10  -7.00
2000   9.81   3.63  -9.18 -21.65   3.01 -33.79   6.48  12.56 -18.49  58.15
2001   2.15  10.35   1.10   0.58   2.73  14.16  -1.86   2.67   7.37  -0.45
2002 -31.51  23.68 -47.25   7.50 -59.31  17.87 -58.39 -16.48 -29.87 -75.73
2003  18.87  82.53   5.82  20.77  26.14  73.07  25.96  22.64  43.27  19.20
2004  25.86  15.20  33.70  18.62   8.49 -11.01   4.76  15.55  31.79  59.11
2005  16.51  26.98   6.93   9.40  41.13  23.81  40.18  14.40  29.33  -7.88
2006  28.12  22.83  37.11  26.05  57.28  11.57  49.76  25.75  37.17  12.74
2007 -27.30 -31.75 -19.55 -35.27 -28.88  -1.89 -44.20 -35.60 -22.14   3.83
2008 -66.04 -67.91 -68.42 -86.69 -44.19 -67.17 -52.40 -87.49 -38.45 -59.40
2009  31.00  51.43  37.55  41.86  12.36  41.98  21.33  17.97  43.79  21.26
2010   0.13 -22.12  16.81 -10.68   7.62   1.15  18.27 -16.19  18.57   3.23
2011   0.38 -50.14  66.30  -8.73 -23.76 -39.76  10.55  -4.38   2.26   1.39
2012   0.10  22.69 -24.00  33.61   5.76  40.52  19.45   8.37  39.38 -13.46
2013  63.81  44.49  27.22  35.64  48.76 107.68  25.12  26.93  33.00 104.47
2014  -5.34  12.70  11.57  35.62  11.33   7.94   9.57   7.31  11.06 -13.26

     Value-Weight Dollar Returns      All 4 Data Items Required
              -- BE/ME --   --- E/P ---   --- CE/P --   ------  Yld  -----
        Mkt   High    Low   High    Low   High    Low   High    Low   Zero
1991  16.00 -12.39  33.07  -1.86  37.76  17.01  23.67   0.44  18.59  94.13
1992 -16.70 -13.41 -19.32 -19.00 -17.77  -8.65 -18.93 -17.42 -23.00   0.09
1993  27.37  12.90  20.87  23.02  35.43  37.04  25.49  59.16   7.78  29.97
1994  14.41  17.53   4.55  13.81  17.71  22.98  14.90  10.85  29.97   9.41
1995  13.47   1.89  23.56  15.69   1.76   9.29  -2.58  -1.21  -0.56  11.87
1996  30.79  17.89  37.06  20.38  34.81  21.47  34.81  22.23  26.89  41.78
1997  13.26   2.02  20.10   2.02  20.68   2.02  16.98  25.18  10.40  32.74
1998  16.93 -35.36  35.03  25.84  20.44  -9.16  30.83  -4.90  28.82  42.49
1999  -2.81  62.45 -10.07 -20.56  -7.98  59.85  -7.98  53.76  14.26 -21.63
2000  -4.35 -27.70 -13.88 -38.27  -4.71 -38.27  -0.73 -26.95 -24.60  50.82
2001  -2.76   6.47  -6.62  -6.91  -4.45   8.27  -6.93  -5.15   1.97  -5.59
2002 -40.94  45.95 -52.01 -10.46 -52.05  38.90 -50.96 -11.69 -22.31 -70.95
2003  52.09 117.06  31.36  43.36  52.93 111.42  51.97  45.06  59.66  42.54
2004  20.78  14.68  11.90  47.18   5.98  -4.12  12.87  13.04  26.60  -0.65
2005  10.60  18.28   2.24   2.05  24.56   6.30  22.09   1.80   7.80  37.94
2006  53.51  19.90  75.32  38.99  74.96  24.37  74.96  75.25  95.36  40.58
2007 -16.82  10.51 -34.96 -12.46 -22.95  10.51 -22.95  -2.26  -9.32  -1.85
2008 -66.74 -70.29 -61.98 -87.26 -49.36 -68.57 -49.83 -88.03 -70.28 -49.28
2009  35.79  38.13  42.27  62.58  15.26  62.58  24.59  49.77  47.55  26.19
2010  -9.64 -48.83  11.23 -14.97   0.55  -8.81  13.13 -19.30  12.27  -9.94
2011  -8.57 -13.34  15.22 -11.76 -26.29 -12.36  11.53  -5.20  -1.13 -34.67
2012  31.72  20.25  47.33  40.85   9.64  43.66  42.37  10.47  42.08  44.67
2013  38.56  49.25  24.30  38.14  55.06  58.08  27.55  32.20  38.64  82.78
2014   1.35  -6.69  -1.60  13.05  -2.05  16.34  -2.20  -5.59  -1.55  27.22

     Value-Weight Local  Returns      All 4 Data Items Required
              -- BE/ME --   --- E/P ---   --- CE/P --   ------  Yld  -----
        Mkt   High    Low   High    Low   High    Low   High    Low   Zero
1991  17.86 -10.99  35.20  -0.29  39.97  18.89  25.65   2.05  20.48  97.24
1992 -10.13  -6.58 -12.96 -12.61 -11.29  -1.45 -12.54 -10.91 -16.94   7.98
1993  46.81  30.13  39.32  41.80  56.10  57.95  44.64  83.44  24.23  49.80
1994   4.75   7.60  -4.29   4.19   7.76  12.59   5.19   1.48  18.98   0.17
1995   9.11  -2.02  18.81  11.24  -2.16   5.09  -6.33  -5.01  -4.39   7.57
1996  26.18  13.74  32.24  16.14  30.07  17.20  30.07  17.93  22.42  36.79
1997  31.35  18.31  39.28  18.31  39.95  18.31  35.66  45.18  28.03  53.94
1998  12.12 -38.02  29.47  20.66  15.48 -12.90  25.44  -8.82  23.51  36.62
1999  13.87  90.33   5.35  -6.93   7.81  87.28   7.81  80.14  33.86  -8.19
2000   2.60 -22.45  -7.63 -33.79   2.21 -33.79   6.48 -21.65 -19.13  61.77
2001   2.54  12.26  -1.53  -1.84   0.75  14.16  -1.86   0.02   7.53  -0.45
2002 -49.88  23.85 -59.28 -24.02 -59.31  17.87 -58.39 -25.05 -34.07 -75.34
2003  26.55  80.61   9.30  19.29  27.25  75.92  26.45  20.70  32.85  18.61
2004  12.10   6.44   3.86  36.60  -1.64 -11.01   4.76   4.91  17.50  -7.80
2005  26.98  35.80  17.38  17.16  43.01  22.05  40.18  16.88  23.77  58.36
2006  37.70   7.56  57.27  24.68  56.94  11.57  56.94  57.21  75.25  26.10
2007 -24.83  -0.14 -41.22 -20.89 -30.37  -0.14 -30.37 -11.67 -18.05 -11.30
2008 -65.26 -68.97 -60.29 -86.69 -47.10 -67.17 -47.59 -87.49 -68.96 -47.02
2009  32.38  34.66  38.70  58.49  12.36  58.49  21.46  46.01  43.84  23.02
2010  -3.28 -45.24  19.05  -8.99   7.62  -2.40  21.09 -13.63  20.17  -3.61
2011  -5.44 -10.37  19.17  -8.73 -23.76  -9.35  15.35  -1.96   2.26 -32.43
2012  29.22  17.96  44.53  38.17   7.56  40.93  39.66   8.37  39.38  41.92
2013  32.93  43.19  19.25  32.53  48.76  51.66  22.37  26.83  33.00  75.36
2014  15.20   6.06  11.85  28.50  11.33  32.25  11.17   7.31  11.91  44.61


Average of Annual Value-Weight Averages
(Annual Sum of Num / Annual Sum of Den)
All 4 Data Items Not Reqd
Ratios x 100   Firms is number in B/M

     Firms    B/M    E/P   CE/P    Yld
1991    25  71.65  11.79  14.55   3.08
1992    24  66.18   7.88  12.00   2.73
1993    24  71.04   8.47  12.35   3.02
1994    24  44.34   6.04   8.34   2.11
1995    23  50.24   7.20   8.83   2.44
1996    23  44.54   8.32  10.72   2.33
1997    23  40.34   7.60   9.89   2.12
1998    22  30.60   5.38   7.07   1.61
1999    24  24.16   5.17   7.29   1.33
2000    22  29.59   5.73   7.15   1.52
2001    16  29.63   5.36   6.88   1.46
2002    16  40.67   6.58   7.64   1.67
2003    20 113.15  10.75  18.14   2.72
2004    19  43.76   7.95  11.25   2.47
2005    21  36.74   7.26  12.33   2.19
2006    22  32.19   6.87   9.96   2.17
2007    19  30.82   6.41   7.85   1.97
2008    78  43.26  10.52  12.92   3.58
2009    70 161.48  32.93  42.62  11.50
2010    65 108.19  12.81  25.73   2.90
2011    56  96.46   5.53  22.49   4.03
2012    56  47.08   6.66  16.59   3.09
2013    49  68.17   6.03  15.00   3.28
2014    50  38.01   5.14   8.93   2.28


Average of Annual Value-Weight Averages
(Annual Sum of Num / Annual Sum of Den)
All 4 Data Items Required
Ratios x 100

     Firms    B/M    E/P   CE/P    Yld
1991    16  63.20  10.19  14.55   1.95
1992    16  53.46   8.51  12.10   1.82
1993    15  63.76   8.54  12.96   1.97
1994    16  44.70   5.17   8.41   1.44
1995    18  47.26   5.19   8.83   1.58
1996    17  43.53   7.62  10.72   1.67
1997    17  39.07   6.94   9.89   1.42
1998    16  29.63   4.61   7.07   1.17
1999    18  26.10   5.00   7.29   0.98
2000    17  26.38   4.13   7.15   0.93
2001    13  27.70   4.31   6.88   0.84
2002    12  41.47   5.39   7.64   0.84
2003    14  79.37  13.36  18.36   1.72
2004    12  46.79   7.25  11.25   1.42
2005    13  42.92   6.87  12.06   1.53
2006    13  33.31   6.21  10.06   1.53
2007    14  27.74   5.50   7.87   1.22
2008    50  47.35  10.52  13.08   3.58
2009    45 160.88  32.93  42.64  11.51
2010    29 117.85  12.81  29.41   2.94
2011    28  73.04   5.53  14.73   3.98
2012    32  70.47   6.66  13.34   3.09
2013    29  74.17   6.02  14.67   3.28
2014    27  47.42   5.14   9.02   2.29

Copyright 2015 Kenneth R. French
