This file was created using the 201509 Bloomberg database.

Missing data are indicated by -99.99.



        Mkt-RF     SMB     HML     WML      RF
199007    0.10    6.21    4.08  -99.99    0.68
199008  -11.91   -4.97    0.27  -99.99    0.66
199009  -18.03    1.39   -0.09  -99.99    0.60
199010   24.91    1.00   -3.96  -99.99    0.68
199011  -14.09   -5.41   -0.12    1.33    0.57
199012    1.74   -5.97   -3.84   -7.89    0.60
199101    1.15   -7.51    0.27    0.28    0.52
199102   12.33   11.04    0.35  -15.09    0.48
199103   -4.20    3.70    0.54    1.25    0.44
199104    2.15    1.53    1.84    1.09    0.53
199105   -2.06   -0.88    0.08    2.05    0.47
199106   -7.03    1.28    3.70    3.27    0.42
199107    1.36   -3.49    1.14    0.46    0.49
199108   -7.25   -4.93   -0.54    4.47    0.46
199109    8.64    1.73   -0.07   -2.81    0.46
199110    4.05    2.12   -3.12    1.34    0.42
199111   -8.53   -2.22   -0.02    2.09    0.39
199112    2.47    0.81   -0.69   -0.49    0.38
199201   -5.67   -1.12    1.68   -1.23    0.34
199202   -7.23    3.05   -0.85    0.35    0.28
199203  -11.47   -1.12    2.38    1.12    0.34
199204   -7.71   -3.78    4.62   -0.57    0.32
199205    8.74    5.23   -2.11   -0.58    0.28
199206   -9.05    0.07    2.20    6.23    0.32
199207   -3.31   -5.63   -1.15   -2.68    0.31
199208   16.35   -5.11   -6.63  -10.46    0.26
199209   -2.85    3.57    0.01    2.00    0.26
199210   -5.40   -1.59    1.26    4.08    0.23
199211    1.84   -3.28   -1.47   -1.33    0.23
199212   -1.01    2.28    2.40   -0.49    0.28
199301   -0.86   -1.60    0.53    0.46    0.23
199302    4.33    2.08   -0.20   -0.03    0.22
199303   15.79   -0.09    3.21  -10.30    0.25
199304   16.69    1.15    3.70   -3.80    0.24
199305    4.99   12.51   -1.81    0.57    0.22
199306   -4.21   -2.64   -2.74    0.32    0.25
199307    6.70   -4.85    0.40    1.52    0.24
199308    2.16   -0.48    0.28    1.29    0.25
199309   -5.22    0.99   -0.65   -1.48    0.26
199310   -2.56   -7.65    0.15    0.82    0.22
199311  -16.23   -1.43   -0.31   -3.46    0.25
199312    1.99   -0.98    2.62    2.65    0.23
199401   16.81    1.04    3.45   -0.02    0.25
199402    3.87    0.94    2.42    2.66    0.21
199403   -2.24    5.55    2.21   -1.40    0.27
199404    3.30    2.20   -0.16   -1.01    0.27
199405    1.23   -2.04    2.95   -1.50    0.31
199406    6.02    4.53    3.89    1.17    0.31
199407   -4.08    1.09   -0.55   -1.05    0.28
199408   -0.28   -2.28    0.59    0.31    0.37
199409   -3.22   -1.68    0.55    0.65    0.37
199410    2.21   -0.72    1.11    2.99    0.38
199411   -6.53   -1.86    0.06   -0.51    0.37
199412    1.61    0.46   -0.52    0.08    0.44
199501   -6.86    2.04   -2.28   -7.15    0.42
199502   -5.65   -0.83    0.18    2.90    0.40
199503    8.62   -3.47    1.43   -1.22    0.46
199504    3.66   -2.18   -1.88    1.21    0.44
199505   -6.77   -2.55   -0.52    2.28    0.54
199506   -4.63   -1.62    1.96    0.49    0.47
199507    5.86   -0.07   -2.40   -6.09    0.45
199508   -3.14    2.98   -0.51   -4.60    0.47
199509   -1.59   -1.84   -1.93    1.86    0.43
199510   -4.39    1.75   -0.40    2.22    0.47
199511    4.10    0.71    0.41   -1.31    0.42
199512    4.41    1.79    2.57   -6.39    0.49
199601   -1.69    3.17    1.95   -1.94    0.43
199602   -1.86   -0.33   -0.26   -1.57    0.39
199603    2.62   -0.94   -1.03    0.03    0.39
199604    6.38    5.02    1.35   -2.49    0.46
199605   -4.90    0.83    0.46   -1.27    0.42
199606   -0.05   -1.69    1.32    0.53    0.40
199607   -5.15   -1.19    1.08   -4.26    0.45
199608   -4.71    0.62   -0.45    0.43    0.41
199609    2.41   -4.84    0.41   -0.35    0.44
199610   -7.30    0.49    0.47    1.05    0.42
199611    0.23   -5.01    1.37    1.14    0.41
199612   -7.52   -4.51    2.02    2.22    0.46
199701  -11.20    0.74    1.22    4.22    0.45
199702    1.45   -2.50   -0.46   -0.68    0.39
199703   -4.11   -4.36    1.80    3.76    0.43
199704    1.45   -5.15   -0.17    4.28    0.43
199705   13.07    4.30   -4.49   -4.11    0.49
199706    5.46   -3.19   -0.78   -2.68    0.37
199707   -4.41   -7.44   -2.01   11.63    0.43
199708   -9.79   -1.07   -0.15   -0.96    0.41
199709   -2.99  -11.15   -2.89   10.89    0.44
199710   -8.09    7.12    1.82   -1.83    0.42
199711   -8.43   -8.80   -4.71   11.48    0.39
199712   -8.07   -6.38   -2.49    9.75    0.48
199801   10.55   12.99    2.64  -19.81    0.43
199802    0.84    4.34    1.59   -7.38    0.39
199803   -6.93   -3.29    2.08    4.74    0.39
199804   -2.32   -2.10   -2.36    4.35    0.43
199805   -4.90   -0.08    1.65   -0.04    0.40
199806    0.28    0.13    0.37   -0.17    0.41
199807   -1.64    0.86   -1.76    2.66    0.40
199808   -9.25    1.42   -1.40    5.69    0.43
199809   -3.90   -1.57   -2.59    2.94    0.46
199810   16.17   -4.76    1.70   -6.22    0.32
199811    3.60    1.47    2.04   -8.07    0.31
199812    2.76    0.18   -2.08    6.97    0.38
199901    0.79   -0.54   -0.37   -0.47    0.35
199902   -2.61    4.32   -4.79    1.63    0.35
199903   13.58   -0.67    1.50   -4.39    0.43
199904    4.67    4.59    3.78   -2.15    0.37
199905   -5.30   -0.16   -1.07   -2.45    0.34
199906   10.40    9.30   -5.96   11.35    0.40
199907    9.92   -4.00    0.57    4.46    0.38
199908    2.87    1.55    0.04    7.65    0.39
199909    6.82   -2.81   -3.65    7.95    0.39
199910    6.27   -5.65   -5.37    7.65    0.39
199911    7.19   -5.65  -13.82   15.07    0.36
199912    3.62   -8.17   -8.12    7.91    0.44
200001   -5.40    1.58    6.15   -6.51    0.41
200002   -1.76    2.48   -8.16   14.25    0.43
200003    6.16    1.28    5.95  -14.23    0.47
200004   -9.07   -3.15    2.58   -5.70    0.46
200005   -7.56    5.16   10.08  -13.36    0.50
200006    5.89    2.04    5.95   -4.89    0.40
200007  -12.16   -0.63    4.12   -6.73    0.48
200008    6.45    1.42   -3.52    8.36    0.50
200009   -4.83   -2.85    5.77   -1.19    0.51
200010   -7.51   -5.85    7.50   -4.18    0.56
200011   -3.01    1.34    5.37   -0.58    0.51
200012   -9.85   -1.24    7.62    2.17    0.50
200101   -0.84    1.03   -5.27   -5.38    0.54
200102   -5.54    4.77    6.14    1.71    0.38
200103   -4.29    0.64    0.51   -0.23    0.42
200104    8.69    0.17    4.64    1.67    0.39
200105   -0.15    2.83   -0.83    1.84    0.32
200106   -5.30    1.24    6.29    6.43    0.28
200107   -8.93   -1.59    6.36    5.53    0.30
200108   -2.70    1.65    8.33    6.84    0.31
200109   -7.67   -1.20   -0.20    1.49    0.28
200110    0.77    3.05   -4.62   -2.53    0.22
200111   -1.80   -3.52   -3.35   -5.67    0.17
200112   -8.24   -3.72    1.75    4.20    0.15
200201   -7.85    1.79    1.71   -1.43    0.14
200202    5.13    0.46    3.23   -3.54    0.13
200203    5.60    0.37   -5.89   -9.61    0.13
200204    5.22    1.48   -1.31    0.54    0.15
200205    7.12    1.49    2.86   -4.41    0.14
200206   -4.80    1.38    1.60    4.20    0.13
200207   -6.07    3.71    3.08    1.39    0.15
200208   -1.40   -1.14    1.56    0.32    0.14
200209   -4.88   -0.16    4.51   -1.26    0.14
200210   -6.74   -3.15    2.06    4.67    0.14
200211    3.06   -5.78   -1.14   -0.37    0.12
200212   -2.40    2.02    1.68    4.05    0.11
200301   -3.48    3.73    1.53   -0.19    0.10
200302    1.46    2.72    5.12    0.98    0.09
200303   -2.94    2.94    2.15    2.34    0.10
200304    0.98    2.98    0.84    3.19    0.10
200305    4.54    1.87   -1.94   -5.96    0.09
200306    7.12    0.30    1.59   -9.77    0.10
200307    3.42   -1.36   -0.39   -2.36    0.07
200308    9.76   -1.73    2.35   -1.19    0.07
200309    7.38    3.12   -1.98   -1.59    0.08
200310    3.94    4.22   -2.73    2.18    0.07
200311   -3.75   -3.16   -0.13   -5.56    0.07
200312    6.49   -1.87    2.68    2.64    0.08
200401    1.96    4.50    0.26    3.01    0.07
200402   -0.06   -0.86    2.31   -0.88    0.06
200403   14.85    7.18    3.16   10.96    0.09
200404   -4.62    7.28   -4.17    3.12    0.08
200405   -3.22   -3.09    0.82   -5.34    0.06
200406    5.25    5.73   -1.76    2.83    0.08
200407   -6.59   -1.11    4.12   -4.78    0.10
200408    1.01    0.39   -1.13    2.55    0.11
200409   -3.07   -1.01    2.75   -2.26    0.11
200410    2.41   -0.33    0.48   -1.23    0.11
200411    3.77   -1.01    0.29   -0.35    0.15
200412    4.93   -1.15    1.43    0.47    0.16
200501   -1.23    6.50    0.47    2.61    0.16
200502    1.79    1.62    2.12    0.47    0.16
200503   -1.48    1.60    3.19    0.16    0.21
200504   -2.17    2.82    0.11    1.46    0.21
200505   -2.54   -1.54   -0.30   -0.57    0.24
200506    0.69    1.82    0.14    0.24    0.23
200507    0.59    1.38   -0.80    2.11    0.24
200508    6.79   -3.74   -0.85    1.88    0.30
200509    8.04   -6.18    2.69    2.09    0.29
200510   -0.35    2.24    1.03    3.81    0.27
200511    2.94    0.02   -2.19    0.84    0.31
200512    9.20    4.33   -5.56    4.48    0.32
200601    3.64    0.01    2.15   -0.59    0.35
200602   -2.46   -4.83    3.27   -3.68    0.34
200603    2.63    0.34   -1.13    1.54    0.37
200604    2.38   -1.13    0.82   -0.83    0.36
200605   -7.40   -2.64    2.49   -5.03    0.43
200606   -1.78   -1.84   -0.02    0.81    0.40
200607   -2.04   -5.48    4.12   -0.15    0.40
200608    1.29    0.57   -1.33   -0.83    0.42
200609   -2.01   -1.17    0.45    0.27    0.41
200610    1.28   -2.32   -0.82    0.44    0.41
200611   -0.20   -2.04    2.38    1.03    0.42
200612    1.50   -1.83    1.44    3.39    0.40
200701    0.40    0.46    0.78   -1.81    0.44
200702    3.57   -1.01    2.57   -0.42    0.38
200703   -1.59    0.13    2.98    1.63    0.43
200704   -2.64   -1.27    2.39    4.36    0.44
200705    0.43   -3.16   -0.60    0.58    0.41
200706   -0.45    2.61   -0.50    2.30    0.40
200707   -0.44    0.76    0.07    2.71    0.40
200708   -3.76   -3.10    1.09    1.49    0.42
200709    1.46   -2.57   -0.24    6.24    0.32
200710   -0.13    3.13   -4.64   -3.64    0.32
200711   -2.26   -1.24   -0.16   -3.75    0.34
200712   -3.94   -2.08    2.24    0.34    0.27
200801   -4.91   -0.84    3.79   -2.43    0.21
200802    0.97    1.97   -0.53    2.11    0.13
200803   -3.75    3.06    1.57    2.89    0.17
200804    6.23   -6.29   -1.70   -8.54    0.18
200805    2.06    0.98    1.22   -3.64    0.18
200806   -6.60    1.30    3.40    4.73    0.17
200807   -3.11   -0.94    1.99    0.74    0.15
200808   -3.98   -2.91    1.37    3.20    0.13
200809  -10.88    1.40    4.89    0.91    0.15
200810  -13.54    4.47    2.77    8.37    0.08
200811    0.00    3.57    0.05    5.93    0.03
200812    8.53    0.81    0.81    1.15    0.00
200901   -6.50    3.15    0.43   -1.10    0.00
200902  -11.96   -0.87    0.26   -0.80    0.01
200903    1.44    0.32    0.56  -10.53    0.02
200904    7.97   -3.95   -0.57  -15.94    0.01
200905   11.05    1.84   -3.30   -8.97    0.00
200906    2.70    4.50    0.08   -3.44    0.01
200907    4.04   -1.62    0.77   -1.46    0.01
200908    3.42    2.87   -0.32   -0.72    0.01
200909   -0.90    1.54   -3.60    3.49    0.01
200910   -2.32   -0.21    0.69   -0.75    0.00
200911   -2.07   -2.70   -4.62   -3.47    0.00
200912    0.25   -4.10    6.17    6.55    0.01
201001    2.81   -0.05    0.84   -3.06    0.00
201002    0.39    1.03   -1.40   -2.33    0.00
201003    4.74   -1.78    6.14    3.33    0.01
201004    0.51    4.14    1.59    0.07    0.01
201005   -7.90    2.30   -3.92   -1.40    0.01
201006   -0.65    2.11   -3.15   -1.58    0.01
201007    2.98   -1.44   -1.04    1.88    0.01
201008   -2.57   -0.40    0.75    0.22    0.01
201009    4.72   -0.52   -1.60    1.35    0.01
201010    1.41   -3.48   -0.66   -0.09    0.01
201011    1.86    0.38    0.70   -1.40    0.01
201012    7.56    2.35    1.78   -0.11    0.01
201101    0.33    1.57    0.84    1.82    0.01
201102    4.77   -0.56    1.41    0.50    0.01
201103   -8.66    2.71    0.72    1.48    0.01
201104    0.74   -1.42   -1.28    3.15    0.00
201105   -1.64    0.20   -0.51    0.36    0.00
201106    2.49    1.79    1.44   -1.43    0.00
201107    3.38    0.55   -0.58    1.67    0.00
201108   -7.06    4.71    0.89   -2.88    0.01
201109   -0.42   -0.36    3.15   -3.79    0.00
201110   -1.19   -2.79   -2.42    0.38    0.00
201111   -3.80    2.30    0.24    0.97    0.00
201112    1.16    0.46    1.61    1.49    0.00
201201    4.36    2.38    1.43   -3.40    0.00
201202    3.61   -3.42   -0.23   -8.89    0.00
201203    1.26    1.80   -1.15    1.90    0.00
201204   -1.94    3.02   -1.74    4.31    0.00
201205   -8.43    0.79   -1.55    3.78    0.01
201206    4.74   -1.19    1.28   -0.89    0.00
201207   -1.83    0.88   -3.70    7.18    0.00
201208   -0.64    0.54   -3.08    4.76    0.01
201209    2.13   -0.57    1.44    0.89    0.01
201210   -1.87    0.26   -1.23   -0.66    0.01
201211    1.73   -0.49    0.52   -2.09    0.01
201212    3.89   -2.52    6.81   -3.55    0.01
201301    3.64    0.25    0.84    3.37    0.00
201302    2.85   -1.02    1.39    1.57    0.00
201303    5.39    2.86   -1.88    7.58    0.00
201304    8.53   -1.10   -0.15    6.22    0.00
201305   -5.64   -1.78   -0.26   -7.27    0.00
201306    1.03   -3.91    0.87    0.33    0.00
201307    1.33    2.17    0.06    1.60    0.00
201308   -2.39    0.56   -0.04   -2.36    0.00
201309    8.54    1.56    0.88    4.59    0.00
201310   -0.14    0.52   -0.48   -1.90    0.00
201311    0.95   -2.91    0.69    0.90    0.00
201312    0.76   -0.13    0.44    1.30    0.00
201401   -2.77    5.64   -0.65   -1.91    0.00
201402   -0.31   -2.05    0.14   -1.93    0.00
201403   -1.29    2.10    0.51   -2.84    0.00
201404   -2.25    0.56    0.41   -2.43    0.00
201405    3.74   -2.30    0.01   -0.98    0.00
201406    5.66    1.76    1.00    0.17    0.00
201407    0.72    0.36   -0.64    3.46    0.00
201408   -2.01    3.12    0.17    2.12    0.00
201409   -0.98   -1.27   -0.76   -0.39    0.00
201410   -1.93   -2.09   -1.05    0.82    0.00
201411   -0.18   -1.37   -0.35   -0.29    0.00
201412   -0.72    2.44    0.92    0.72    0.00
201501    2.85    0.40   -0.86    4.43    0.00
201502    5.43   -4.23    2.19   -2.56    0.00
201503    1.68    0.92   -3.69    1.07    0.00
201504    3.53   -1.46    3.22   -2.97    0.00
201505    0.97   -1.43    1.15   -0.69    0.00
201506   -0.78    4.08   -1.98    2.33    0.00
201507    0.95   -0.48   -2.27    1.01    0.00
201508   -5.23    2.74    0.10   -0.77    0.00
201509   -6.38    3.29    0.89    0.91    0.00



 Annual Factors: January-December
      Mkt-RF     SMB     HML     WML      RF
1991    0.87    0.57    4.26    1.39    5.60
1992  -27.12   -5.89    3.30   -1.02    3.51
1993   21.47   -5.99    4.83  -12.28    2.90
1994   18.84    8.11   19.16    2.71    3.90
1995   -8.14   -3.14   -3.42  -14.02    5.60
1996  -21.35   -7.64    7.49   -4.83    5.21
1997  -33.95  -24.68   -9.22   32.40    5.26
1998    2.65    8.83    1.11   -9.62    4.86
1999   77.04  -12.75  -62.88   90.66    4.68
2000  -38.80   -0.63   36.98  -23.74    5.89
2001  -32.68    3.66   15.79   12.58    3.83
2002   -9.42    2.48   13.92   -3.26    1.65
2003   39.94   19.33   12.68  -22.36    1.02
2004   16.14   18.49   11.01    7.06    1.20
2005   24.23   14.20    1.09   25.09    2.98
2006   -3.81  -21.03   12.40   -3.80    4.80
2007   -9.61   -7.04    5.61    9.36    4.66
2008  -27.59    5.65   16.67   13.69    1.60
2009    5.15    0.63   -3.28  -37.95    0.10
2010   16.08    5.49   -0.74   -3.86    0.12
2011  -10.30    9.01    5.29    3.09    0.04
2012    6.39    1.87   -2.03    5.06    0.06
2013   26.74   -4.23    2.99   17.55    0.02
2014   -2.64    6.78   -0.25   -3.53    0.02
