This file was created using the 201509 Bloomberg database. It contains
value- and equal-weighted returns for the intersections of 2 ME portfolios
and 3 prior return portfolios in Japan.

The portfolios are constructed monthly.  ME is market cap at the end of the
previous month.  Prior return is from -12 to - 2.

Missing data are indicated by -99.99.



  Average Value Weighted Returns -- Monthly
               Small                 Big
          Low     2    High    Low     2    High
199011 -21.71 -18.24 -16.00 -11.55 -13.79 -14.59
199012  -1.62  -3.08  -5.51   6.83   2.28  -5.06
199101  -6.29  -4.82  -4.77   2.08   3.27   1.10
199102  31.67  20.88  14.85  20.58  10.83   7.22
199103  -0.07   0.72   1.23  -4.78  -4.17  -3.57
199104   4.89   4.91   6.31   2.39   1.91   3.15
199105  -3.88  -2.03  -1.60  -2.53  -1.34  -0.71
199106  -5.03  -3.98  -2.17  -8.56  -7.44  -4.88
199107  -1.89  -2.04  -2.86   1.35   1.97   3.24
199108 -11.92 -10.49  -9.42  -9.92  -7.65  -3.48
199109  10.07  10.41   9.93  12.24  10.08   6.77
199110   4.32   5.65   4.01   3.41   3.05   6.40
199111  -9.81  -9.05 -10.51 -10.82  -8.95  -5.93
199112   2.03   2.63   2.39   2.94   4.25   1.61
199201  -6.51  -5.43  -5.24  -3.21  -5.30  -6.95
199202  -3.42  -3.84  -4.28  -7.48  -7.72  -5.91
199203 -12.37 -10.98 -10.73 -11.12 -11.30 -10.52
199204  -9.20 -10.11  -9.42  -5.59  -8.52  -6.51
199205  12.81  12.53  11.38   8.26   8.89   8.54
199206  -9.93  -7.87  -5.00 -12.70  -9.01  -5.16
199207  -9.47  -6.02  -9.17   0.82  -2.47  -4.83
199208  14.13   8.75   8.87  26.92  13.86  11.27
199209  -0.75   1.56   1.49  -4.25  -2.08  -2.48
199210  -8.25  -6.32  -3.49  -7.12  -4.96  -3.71
199211  -0.86  -1.34  -1.14   3.90   2.26   1.52
199212   2.88   1.36   0.47  -1.86  -0.97  -0.44
199301  -2.06  -2.28  -1.74  -1.01  -0.25  -0.41
199302   6.05   5.48   5.88   3.51   5.22   3.62
199303  21.24  13.78  11.23  21.81  18.20  11.21
199304  20.06  16.86  16.29  19.48  16.96  15.64
199305  15.68  16.48  14.15   2.85   2.98   5.52
199306  -6.24  -6.22  -8.08  -5.36  -4.05  -2.87
199307   1.43   2.39   3.35   7.15   6.63   8.28
199308   0.53   2.62   2.60   2.34   2.09   2.85
199309  -3.48  -3.83  -3.75  -4.33  -4.16  -7.01
199310  -8.38  -8.67  -9.51  -3.53  -1.41  -0.77
199311 -15.51 -17.27 -19.09 -13.99 -15.67 -17.33
199312   0.67   2.62   3.40   0.61   1.86   3.17
199401  20.64  18.00  18.40  15.98  15.91  18.17
199402   4.30   5.11   7.19   2.41   3.67   4.84
199403   3.46   2.84   3.31  -0.25  -3.02  -2.91
199404   6.25   5.94   5.28   2.94   4.48   1.89
199405   1.60   0.47  -0.74   2.10   1.64   1.44
199406  10.49  10.14  11.66   5.63   5.22   6.79
199407  -3.22  -3.00  -2.95  -2.48  -3.96  -4.85
199408  -1.18  -1.10  -2.19  -0.70   0.36   0.93
199409  -5.04  -4.03  -3.98  -2.90  -2.33  -2.66
199410   0.87   2.01   3.36   0.55   2.59   4.03
199411  -8.18  -8.13  -7.64  -5.00  -6.43  -6.56
199412   2.15   3.06   2.72   2.09   2.11   1.69
199501  -0.48  -2.54  -9.11  -4.33  -6.31 -10.01
199502  -8.76  -5.32  -4.27  -6.27  -4.55  -4.96
199503   5.87   6.57   5.52  10.44   9.22   8.34
199504   0.96   2.22   1.26   3.51   3.94   5.63
199505  -9.24  -8.20  -6.39  -7.35  -5.79  -5.65
199506  -4.76  -5.65  -4.72  -3.76  -5.34  -2.82
199507   7.22   6.09  -0.02   9.66   7.31   4.73
199508   1.62  -1.36  -5.02  -0.16  -4.17  -2.73
199509  -3.71  -3.51  -2.43  -2.33  -1.85   0.10
199510  -3.14  -2.36  -0.75  -5.56  -4.14  -3.52
199511   5.08   4.76   3.84   4.75   5.78   3.36
199512  10.08   5.80   2.58   8.13   4.78   2.85
199601   3.21   1.87   0.18  -1.51  -0.96  -2.36
199602  -0.77  -1.83  -3.58  -1.40  -1.17  -1.73
199603   1.44   2.99   1.93   3.58   2.92   3.15
199604  13.38  10.98  10.26   7.55   5.95   5.69
199605  -2.07  -2.64  -4.19  -4.51  -4.36  -4.95
199606  -0.58  -0.25  -1.50  -1.04   1.68   0.94
199607  -2.07  -4.83  -8.88  -3.88  -4.83  -5.59
199608  -4.77  -3.81  -2.79  -3.60  -4.92  -4.72
199609  -1.23  -0.61  -1.98   3.42   3.19   3.48
199610  -7.05  -6.52  -5.21  -7.05  -6.96  -6.79
199611  -3.58  -3.07  -4.64   0.46  -0.24   3.80
199612 -11.84 -10.23 -10.85  -7.13  -8.18  -3.67
199701 -10.37  -9.83 -10.12 -15.98  -9.36  -7.78
199702  -0.79   0.34  -1.60   2.61   1.71   2.06
199703  -8.47  -7.15  -5.93  -6.41  -2.99  -1.42
199704  -3.47  -2.02  -2.17  -1.60   1.32   5.67
199705  19.28  14.73  13.40  15.60  11.36  13.25
199706   2.08   3.32   3.87  11.26   5.64   4.12
199707 -14.06  -8.21  -4.76 -10.31  -7.54   3.66
199708 -11.21  -9.95  -9.46  -7.53  -7.36 -11.20
199709 -16.60  -8.68  -8.36  -9.85  -3.28   3.68
199710   2.62  -2.78  -4.05 -10.18  -9.64  -7.18
199711 -20.11 -13.26 -13.34 -19.95  -5.71  -3.75
199712 -17.04 -10.63  -8.39 -13.45  -7.97  -2.60
199801  30.75  13.58  12.44  25.39   9.50   4.08
199802   8.26   2.28   1.24   6.25   2.08  -1.48
199803  -9.70  -7.21  -7.62 -11.89  -6.55  -4.50
199804  -5.82  -4.36  -1.14  -3.83  -3.30   0.19
199805  -4.44  -3.69  -4.05  -3.49  -5.79  -3.95
199806   1.33   0.19   0.48   0.27   0.63   0.77
199807  -0.85  -1.90  -1.03  -4.95  -1.60   0.55
199808  -9.27  -6.76  -5.80 -14.36  -8.99  -6.44
199809  -7.35  -4.31  -5.48  -5.78  -3.61  -1.76
199810  12.73  13.14  14.09  27.80  12.47  14.01
199811  10.95   3.52   3.49   9.22   2.75   0.54
199812   0.57   2.44   4.59  -1.59   4.30   8.33
199901  -0.20  -0.66   3.32   4.67  -2.19   0.21
199902  -1.99  -1.31   2.47  -1.63  -2.88  -2.84
199903  15.76  10.69  13.97  19.33  11.76  12.34
199904  12.35   8.93   8.94   6.28   3.22   5.39
199905  -4.73  -4.04  -7.03  -2.82  -5.67  -5.41
199906  10.55  11.62  23.68   6.22   9.22  15.80
199907   6.36   6.49   9.23   8.52   9.23  14.55
199908   1.87   2.42   6.90   0.35  -0.62  10.63
199909   0.48   1.53   6.97   1.86   5.80  11.27
199910  -1.78  -2.72   2.03  -1.42   5.16  10.06
199911  -5.02  -5.39   1.28  -2.48   0.29  21.37
199912  -6.88  -6.00  -5.99  -5.24   4.45   9.68
200001   0.18   0.59  -2.29   0.21  -0.81 -10.34
200002  -8.35  -4.62   6.17  -9.00  -6.83   4.99
200003  15.88  10.93   4.90  14.27  15.69  -3.20
200004  -9.81  -8.75 -12.20  -2.51  -7.11 -11.52
200005   5.97   4.13  -3.16   2.40  -2.70 -15.19
200006  13.83  10.51   5.92   6.21   7.26   4.34
200007  -9.39  -9.36 -17.44  -8.41 -10.32 -13.81
200008   5.07   6.96  14.35   4.30   2.94  11.73
200009  -5.73  -3.34  -6.63  -3.03  -4.61  -4.51
200010 -10.29  -8.06 -12.09  -2.54  -6.13  -9.10
200011   0.86   0.22   1.32  -3.03  -0.88  -4.65
200012  -8.20  -6.91 -10.20 -15.03  -4.11  -8.70
200101   0.97  -1.32  -0.55   3.98  -3.41  -5.26
200102   2.14   2.07  -0.75  -8.52  -4.98  -2.21
200103  -2.15  -3.20  -2.51  -3.74  -4.28  -3.85
200104  11.18  11.04  12.35   8.36   8.79  10.53
200105   1.16   1.83   2.44  -2.17   2.25   0.24
200106  -5.72  -1.35  -0.50  -8.51  -4.85  -0.86
200107 -10.57  -5.87  -7.40 -12.19  -7.98  -4.30
200108  -2.07   3.48   4.45  -7.47  -0.87  -0.31
200109 -11.40  -6.59  -8.27  -6.38  -8.77  -6.53
200110   6.35   1.39   1.97   0.84   1.72   0.16
200111  -5.24  -5.15  -6.52   2.38  -1.02  -7.69
200112 -13.51 -10.18 -10.40 -10.64  -5.37  -5.36
200201  -3.87  -5.69  -4.72  -7.22  -7.75  -9.22
200202  10.45   6.60   5.78   5.69   5.30   3.28
200203   8.94   2.80   1.65  13.19   3.08   1.27
200204   6.75   5.11   6.12   4.14   5.64   5.85
200205  10.25   9.77   8.71  10.60   6.27   3.31
200206  -4.72  -2.54  -1.79  -7.93  -3.24  -2.47
200207  -3.05  -1.94   0.35  -6.59  -5.74  -7.21
200208  -2.82  -0.53  -1.70  -1.52  -0.49  -2.00
200209  -5.85  -3.17  -4.74  -1.65  -7.30  -5.28
200210 -12.61  -6.48  -7.55  -8.04  -7.01  -3.77
200211  -2.51  -1.30  -1.16   5.41   1.88   3.32
200212  -2.01   0.01   0.13  -6.36  -0.77  -0.40
200301  -0.41   0.09   2.01  -1.77  -4.77  -4.55
200302   6.11   5.71   5.72   0.65   0.52   3.01
200303  -1.57   1.74   0.51  -4.71  -2.66  -2.10
200304   4.84   3.33   4.68  -2.46   1.58   4.08
200305  11.32   5.54   5.12   7.03   3.64   1.31
200306  18.11   8.36   4.05  11.82   4.50   6.35
200307   2.50   1.64   1.98   5.89   2.99   1.69
200308   9.18   6.77  11.13  12.86   8.23   8.53
200309  10.03   8.63   8.61   8.90   5.41   7.13
200310   4.82   3.28   7.62   2.51   3.94   4.05
200311  -3.89  -5.10  -8.35  -1.75  -2.28  -8.41
200312   3.56   5.66   6.51   5.73   6.60   8.06
200401   3.38   5.84   9.08   1.46   1.70   1.78
200402   0.29   1.13  -0.46  -0.32   0.75  -1.33
200403  16.01  20.81  26.11  10.45  12.11  22.27
200404  -1.76  -0.41   3.20  -5.58  -5.05  -4.29
200405  -2.35  -3.54  -8.62  -1.11  -2.69  -5.51
200406   6.92   9.18  11.78   4.22   5.31   5.03
200407  -5.02  -5.49  -8.38  -3.86  -5.98 -10.05
200408   1.32   1.07   2.35   0.01   0.37   4.09
200409  -1.77  -2.43  -4.27  -2.70  -1.87  -4.71
200410   3.18   2.80   1.85   2.90   2.63   1.77
200411   3.34   3.22   2.97   3.40   5.01   3.07
200412   4.18   4.88   4.62   4.70   5.50   5.19
200501   3.97   4.62   5.63  -2.81  -1.98   0.74
200502   2.16   4.35   4.71   1.87   2.23   0.26
200503   1.07   1.48   1.06  -1.32  -1.93  -1.00
200504   0.88   0.71   0.43  -3.87  -1.80  -0.50
200505  -3.93  -3.64  -4.98  -2.16  -1.96  -2.25
200506   3.32   1.89   2.32   0.71   0.27   2.19
200507   0.78   1.76   2.70   0.37  -0.02   2.66
200508   2.45   3.93   3.81   6.64   7.52   9.04
200509   1.24   3.33   3.61   8.46   9.22  10.26
200510   0.53   1.72   3.88  -2.07  -0.04   2.18
200511   1.13   3.01   4.49   4.44   3.01   2.75
200512   9.83  11.66  14.13   7.08   9.59  11.74
200601   3.85   4.93   4.19   3.69   4.91   2.17
200602  -4.75  -5.33  -8.01  -0.18  -1.31  -4.28
200603   2.39   3.14   3.87   2.02   3.32   3.62
200604   1.91   2.21   2.07   2.81   4.07   0.98
200605  -7.41  -8.58 -10.17  -2.48  -7.26  -9.77
200606  -3.15  -3.41  -3.09  -2.18  -0.95  -0.62
200607  -6.09  -5.15  -7.49  -2.49  -0.34  -1.38
200608   2.20   1.66   1.79   2.29   2.03   1.02
200609  -2.91  -1.84  -2.40  -1.47  -1.37  -1.44
200610  -0.55  -0.83  -0.43   0.92   2.50   1.66
200611  -1.73  -1.15  -1.06  -0.95   0.32   0.44
200612  -0.52   0.55   0.21  -1.27   0.87   4.78
200701   2.47   0.49   0.92   2.11   0.93   0.04
200702   3.67   2.82   2.69   3.64   4.40   3.78
200703  -1.32  -0.31   0.34  -2.69  -0.83  -1.09
200704  -3.91  -2.40   0.41  -5.20  -2.10  -0.80
200705  -3.82  -1.99   0.88   3.76   0.66   0.21
200706   1.69   1.20   4.32  -1.35  -0.12   0.63
200707   0.24   0.70   2.69  -1.56  -1.10   1.41
200708  -6.68  -4.53  -4.72  -4.74  -1.26  -3.73
200709  -2.44  -0.87   2.17  -2.19   1.12   5.68
200710   3.80  -0.18   1.39   3.51  -0.63  -1.37
200711  -3.06  -1.33  -5.49  -0.36   0.29  -5.42
200712  -5.00  -3.77  -6.30  -5.75  -2.29  -3.78
200801  -5.47  -2.28  -4.68  -2.39  -3.87  -8.04
200802   3.46   1.55   3.30  -1.51   1.21   2.85
200803  -2.54   0.33   0.07  -4.56  -5.09  -1.38
200804   4.60  -0.26  -1.31  13.65   7.14   2.48
200805   6.35   4.53   0.42   2.20   2.53   0.86
200806  -6.65  -3.93  -2.86  -9.66  -6.56  -3.98
200807  -4.65  -2.15  -1.78  -2.78  -2.21  -4.16
200808  -7.87  -4.56  -4.46  -4.64  -4.50  -1.66
200809 -10.20  -8.35  -7.81 -10.38 -11.62 -10.95
200810 -12.21  -5.60  -6.62 -20.11 -14.42  -8.97
200811   1.76   4.03   6.11  -1.99  -3.01   5.52
200812   8.55   9.88   8.98   9.05   6.21  10.92
200901  -4.27  -4.27  -3.18  -4.50  -8.03  -7.80
200902 -13.72 -13.03 -12.33 -10.16 -12.33 -13.15
200903   9.86   3.04   0.95   6.00   1.54  -6.17
200904  17.79   3.42   0.88  15.61   8.10   0.64
200905  20.17  12.56   8.94  14.26  10.04   7.55
200906  10.84   7.53   4.49   2.99   1.33   2.46
200907   2.00   2.66   2.68   4.69   5.40   1.08
200908   6.97   5.57   5.98   3.60   2.62   3.15
200909  -2.84   0.22   0.71  -2.90   0.03   0.53
200910  -1.48  -3.00  -2.79  -2.46  -1.90  -2.65
200911  -5.15  -3.86  -7.62   0.07  -2.17  -4.39
200912  -1.98  -2.43   0.18  -5.00   1.53   5.93
201001   3.19   2.97   3.78   6.29   2.88  -0.42
201002   2.39   1.16  -0.40   1.34  -0.05  -0.53
201003   4.08   4.46   7.22   2.71   5.34   6.22
201004   4.18   4.49   5.54   0.62   0.25  -0.61
201005  -6.73  -6.37  -7.81  -7.60  -7.69  -9.32
201006   1.01   1.17  -0.46  -0.73  -0.24  -2.42
201007   0.46   1.51   2.25   2.88   2.26   4.84
201008  -3.88  -1.45  -4.38  -3.73  -1.40  -2.79
201009   3.78   4.25   4.87   3.67   4.95   5.28
201010  -2.13  -2.36  -1.99   1.80   1.93   1.48
201011   3.75   1.36   2.79   3.08   1.00   1.24
201012  10.79   9.33  11.08   8.36   5.95   7.86
201101   1.10   1.93   3.75   0.03  -0.14   1.02
201102   4.48   3.98   6.14   5.41   4.41   4.74
201103  -5.13  -2.71  -7.04 -11.94  -8.82  -7.06
201104  -1.98  -1.59  -0.21  -1.83   1.10   2.69
201105  -1.93  -2.00  -1.92  -2.10  -1.56  -1.39
201106   5.54   4.62   4.46   3.60   1.83   1.83
201107   3.73   4.23   3.40   1.26   3.02   4.93
201108  -1.32  -2.24  -3.78  -6.96  -6.16 -10.25
201109   1.25   0.91  -2.67   0.43   0.87  -3.23
201110  -2.89  -4.46  -2.97  -0.72  -1.44   0.12
201111  -3.30  -1.57  -1.47  -4.14  -4.01  -4.03
201112   1.57   2.36   2.72  -0.01   1.38   1.80
201201   8.90   6.18   7.83   7.28   2.73   1.55
201202   6.02   0.57  -1.96   8.92   1.99  -0.88
201203   1.35   2.38   2.85   0.09   1.50   2.40
201204  -2.17   0.44   1.15  -5.03  -0.82   0.28
201205 -10.55  -6.14  -8.38 -11.12  -7.87  -5.72
201206   6.13   3.58   4.56   4.97   4.70   4.77
201207  -5.68  -1.11  -0.17  -6.67  -1.04   2.19
201208  -4.65  -0.42   0.36  -3.24   0.10   1.28
201209   0.24   2.03   2.22   2.78   1.42   2.57
201210  -2.00  -3.06  -0.79  -0.36  -1.60  -2.89
201211   3.58   0.23   0.59   2.87   1.47   1.67
201212   7.29   2.58   2.53   6.14   3.14   3.79
201301   2.13   2.96   6.48   1.69   4.18   4.07
201302   1.58   2.23   3.30   2.29   2.35   3.71
201303   2.37   6.00  12.73   1.87   5.50   6.67
201304   3.91   5.94  10.79   5.99   8.56  11.55
201305  -3.52  -6.36 -10.60  -0.40  -6.73  -7.85
201306  -0.83  -1.62  -3.39  -0.52   1.08   2.71
201307   2.59   2.48   5.34   1.17   0.79   1.62
201308  -0.95  -2.76  -3.13  -0.86  -2.55  -3.39
201309   8.81  10.88  13.10   5.68   7.43  10.57
201310   0.47   0.09  -1.09   1.35  -0.30  -0.89
201311  -1.69  -1.02  -0.71   1.08   0.98   1.90
201312   0.53   0.01   1.16  -0.67   1.09   1.30
201401   1.92   1.79   1.19  -1.61  -3.29  -4.71
201402  -1.41  -2.05  -3.10   2.14  -1.10  -0.02
201403   2.45   1.68  -1.04  -0.31  -1.57  -2.51
201404  -1.03  -1.34  -2.57  -0.79  -2.23  -4.11
201405   2.20   1.71   1.76   4.07   4.67   2.55
201406   7.91   6.69   7.95   5.63   5.18   5.95
201407  -0.55   0.43   2.68  -0.70   0.78   2.99
201408   0.30  -0.35   2.19  -3.28  -2.34  -0.92
201409  -2.24  -1.88  -2.30  -0.36  -0.90  -1.07
201410  -5.04  -3.13  -3.86  -2.20  -1.42  -1.74
201411  -0.92  -2.35  -1.26  -0.65   0.72  -0.89
201412   1.53   1.97   1.16  -2.04  -1.02  -0.24
201501   1.64   2.88   3.06  -1.89   3.78   5.55
201502   2.72   2.63   2.05   7.92   6.15   3.46
201503   0.73   1.81   2.02   1.06   1.96   1.91
201504   3.33   3.20   2.43   5.63   3.95   0.60
201505  -0.85   0.56  -0.16   2.15   1.23   0.07
201506   0.93   1.92   3.34  -2.99  -0.31  -0.73
201507  -0.31  -1.11   2.13   0.11   2.21  -0.30
201508  -2.76  -1.75  -3.75  -4.94  -5.86  -5.50
201509  -4.13  -3.30  -3.49  -8.51  -5.34  -7.33



  Average Equal Weighted Returns -- Monthly
               Small                 Big
          Low     2    High    Low     2    High
199011 -21.03 -19.11 -15.54 -16.88 -16.82 -14.81
199012  -2.11  -3.69  -5.53   4.05   0.71  -4.92
199101  -6.66  -5.77  -5.18  -0.41  -0.41  -0.34
199102  31.90  21.28  16.29  22.22  16.90  10.73
199103   0.06   1.01   0.81  -3.36  -2.85  -1.51
199104   6.34   5.53   6.53   2.14   2.37   3.12
199105  -4.06  -2.12  -1.61  -2.58  -1.60  -1.21
199106  -4.46  -3.21  -1.78  -8.22  -6.62  -3.26
199107  -2.88  -2.21  -3.77   0.15   0.48   1.08
199108 -11.01  -9.68  -9.25 -11.35  -8.79  -6.83
199109   8.82   9.94   9.28  12.45  13.30  10.08
199110   4.72   5.31   3.89   4.72   3.47   3.98
199111  -8.71  -8.03  -9.49 -11.87  -9.15  -8.06
199112   1.52   2.48   1.68   2.68   4.31   3.65
199201  -7.03  -6.01  -5.74  -3.75  -4.02  -3.94
199202  -3.67  -3.66  -3.91  -6.50  -5.35  -4.95
199203 -12.31 -10.07  -9.82 -12.24 -10.71 -10.11
199204  -9.35  -9.73  -8.48  -7.66  -8.38  -7.62
199205  12.30  11.96   9.13  10.77  11.51   9.55
199206  -9.06  -7.10  -3.66 -11.76  -9.13  -4.91
199207  -9.27  -6.11  -8.44  -6.40  -4.04  -6.38
199208  12.54   6.56   6.79  20.99  13.98  11.86
199209   1.24   2.38   3.46  -3.69  -1.55  -1.81
199210  -8.72  -6.51  -3.44  -7.55  -5.42  -3.99
199211  -1.89  -1.76  -1.90   1.97   2.29   0.68
199212   4.89   1.87   0.75  -1.57  -1.58  -1.06
199301  -1.86  -2.71  -1.69  -1.29  -0.77  -0.79
199302   7.59   6.75   6.02   4.53   4.40   4.08
199303  19.82  12.94  10.59  21.13  14.53  11.58
199304  21.16  16.96  16.17  18.55  16.99  15.00
199305  19.97  20.83  17.46   6.34   6.56   6.11
199306  -6.73  -6.50  -7.87  -6.05  -4.54  -4.44
199307   0.69   1.33   2.20   5.63   6.28   6.54
199308   0.02   2.25   2.62   2.14   2.15   2.64
199309  -3.78  -3.93  -4.46  -4.67  -3.43  -3.60
199310  -8.49  -9.14 -10.15  -5.19  -4.83  -5.25
199311 -14.18 -15.84 -18.54 -15.44 -15.85 -16.90
199312  -0.21   2.11   2.61   1.17   1.40   2.96
199401  21.30  17.86  19.64  19.00  15.85  16.46
199402   4.66   5.54   6.96   2.97   4.49   5.60
199403   3.94   3.41   4.09   0.46  -0.58  -0.30
199404   8.42   7.60   6.55   3.59   3.89   1.93
199405   2.65   1.26   0.14   2.42   0.95  -0.41
199406  12.30  11.60  12.18   6.82   6.66   8.38
199407  -3.31  -2.69  -3.02  -2.78  -3.00  -4.37
199408  -1.37  -0.96  -0.82  -0.75  -0.49  -0.02
199409  -4.76  -3.82  -3.97  -4.13  -2.59  -3.07
199410   1.46   2.98   4.42   0.13   2.07   3.09
199411  -8.68  -7.54  -5.87  -5.98  -6.74  -6.87
199412   1.84   2.48   2.31   1.85   2.57   2.12
199501  -0.35  -1.68  -8.45  -3.80  -3.96  -9.53
199502  -8.91  -4.43  -3.16  -7.98  -4.62  -5.85
199503   5.12   7.09   5.51   8.39   8.15   7.34
199504   0.74   1.87   0.61   2.93   3.44   4.36
199505  -8.60  -7.46  -6.42  -8.99  -7.25  -6.92
199506  -6.07  -6.16  -5.96  -4.30  -4.92  -3.10
199507   6.27   4.91  -0.18   9.30   6.46   2.68
199508   1.61  -1.62  -4.60   1.41  -1.52  -3.74
199509  -4.87  -3.78  -3.06  -3.08  -2.63  -1.21
199510  -2.48  -1.27  -1.01  -4.23  -3.55  -1.97
199511   5.12   4.56   3.22   4.15   4.46   2.61
199512  10.96   6.69   3.12   7.69   4.21   2.29
199601   3.84   1.65  -0.45   0.77   0.46  -1.52
199602  -0.51  -1.34  -3.49  -0.96  -0.99  -0.68
199603   0.96   2.87   2.18   2.60   3.02   2.87
199604  16.12  13.07  11.04   9.51   7.69   7.31
199605  -1.84  -2.41  -3.78  -3.71  -4.12  -5.40
199606  -0.87  -0.74  -1.48  -0.30   0.60   0.35
199607  -1.66  -4.10  -7.84  -3.24  -4.48  -7.02
199608  -4.54  -3.89  -3.42  -4.86  -4.89  -4.91
199609  -1.98  -1.49  -2.47   1.96   2.37   1.28
199610  -6.85  -5.87  -4.13  -7.27  -6.99  -6.50
199611  -3.77  -3.32  -5.46  -1.19  -1.20  -0.62
199612 -11.58  -9.94 -10.55  -8.11  -7.90  -7.52
199701 -10.41 -10.10 -10.35 -11.48  -9.16  -9.09
199702  -0.77  -0.06  -1.92  -0.17   0.27   2.06
199703  -8.72  -7.13  -6.14  -7.12  -4.63  -2.98
199704  -3.75  -3.45  -3.31  -1.26   1.24   3.77
199705  18.84  14.14  13.49  16.92  12.65  12.97
199706   3.43   3.46   4.54   4.37   3.70   4.41
199707 -13.66  -8.19  -5.50 -12.20  -6.98   2.40
199708 -10.62  -9.70  -9.10 -11.00  -8.89 -11.18
199709 -17.13  -8.67 -10.00 -12.17  -5.69   0.25
199710   3.90  -3.45  -5.54  -2.54  -2.92  -4.11
199711 -20.52 -13.06 -13.67 -18.46 -10.32  -6.95
199712 -15.99  -9.80  -9.57 -16.07 -11.76  -7.72
199801  35.87  14.61  13.62  26.19  12.49   7.85
199802   7.88   1.67   1.32   6.65   1.73  -0.83
199803  -9.62  -6.84  -7.23  -9.60  -4.83  -3.61
199804  -5.91  -4.19  -2.37  -4.84  -3.69  -0.30
199805  -4.69  -4.11  -4.84  -2.42  -3.27  -2.75
199806   1.17  -0.72  -1.24   1.02   0.90   0.23
199807  -1.05  -2.24  -1.77  -1.77  -1.51   0.05
199808  -9.10  -6.15  -7.09 -10.14  -6.17  -3.92
199809  -7.55  -3.51  -5.91  -5.19  -2.21  -2.09
199810  14.01  14.34  15.26  22.19  14.90  10.72
199811  11.33   2.20   2.43   6.51   1.49   1.35
199812   2.24   3.12   5.18   0.75   4.26   7.91
199901  -1.71  -1.13   2.28   1.82  -1.12   1.18
199902  -0.77  -0.15   5.20  -3.24  -3.01  -0.80
199903  15.30  11.09  15.37  18.05   9.64  14.67
199904  13.68  10.69  10.88   4.91   3.15   6.94
199905  -4.75  -4.17  -6.46  -2.91  -3.15  -5.06
199906  12.30  12.59  22.78   3.27   6.50  17.59
199907   7.87   8.27   9.13   6.34   7.87  11.15
199908   2.18   2.04   5.18   1.21   2.12  10.58
199909   0.05  -0.22   4.65   1.77   4.17   9.55
199910  -1.43  -2.08   0.62  -1.77   0.74   7.31
199911  -4.66  -4.97  -2.03  -4.04  -4.43  12.03
199912  -7.26  -6.14  -8.17  -5.36  -1.94   1.55
200001  -0.58  -0.28  -0.22   1.16   2.11  -4.29
200002  -8.28  -4.51   6.17 -11.09  -7.49   3.03
200003  15.35  11.60   5.23  14.07  11.55  -0.71
200004 -10.26  -9.65 -12.43  -2.75  -4.08  -9.96
200005   3.55   2.81  -2.53   7.72   0.43 -10.59
200006  13.26   9.83   8.00   8.32   9.39   7.08
200007  -7.59  -7.49 -15.00 -10.63 -10.44 -14.67
200008   2.98   6.31  12.67   4.08   4.73  12.38
200009  -5.24  -3.44  -6.12  -3.33  -1.60  -4.70
200010  -9.91  -7.25 -11.59  -6.57  -5.95  -7.80
200011   0.22  -0.10   0.92  -0.62  -0.87  -1.57
200012  -7.18  -6.05  -9.07  -7.39  -4.74  -8.13
200101   1.07  -1.05   0.66   2.83  -2.88  -3.67
200102   3.87   2.59   0.52  -6.84  -1.69  -1.35
200103  -2.93  -2.62  -2.86  -3.33  -3.38  -4.32
200104  12.27  10.80  11.02   9.77   9.98  12.62
200105   2.71   2.26   2.58   0.42   1.61   0.68
200106  -5.10  -2.52  -1.40  -7.21  -2.22  -1.74
200107  -9.35  -5.43  -7.20 -10.47  -4.93  -5.10
200108   0.88   4.35   4.81  -3.72  -0.30   2.16
200109 -12.21  -7.14  -8.71  -9.29  -7.07  -7.10
200110   5.93   1.04   1.53   3.36   1.75   1.58
200111  -7.68  -5.58  -4.23   1.80  -3.34  -6.47
200112 -15.80 -11.89 -10.77 -11.05  -7.35  -7.66
200201  -1.07  -3.54  -3.69  -5.62  -7.14  -8.23
200202   7.75   5.41   4.84   7.81   4.78   4.59
200203   8.82   3.83   2.47   8.14   3.75   1.91
200204   4.84   4.84   6.21   6.53   6.38   5.36
200205  11.43   9.43   8.18  10.97   8.52   8.18
200206  -2.77  -0.90  -0.72  -5.96  -3.42  -1.57
200207  -2.32  -0.40   0.06  -5.75  -4.72  -4.79
200208  -2.63  -0.78  -1.51  -1.83  -1.00  -1.34
200209  -6.57  -4.24  -5.38  -4.57  -3.17  -3.71
200210 -11.53  -6.04  -7.49  -9.39  -6.77  -5.83
200211  -4.96  -3.01  -2.10   5.48   2.02   1.22
200212  -0.88   0.62   0.36  -4.37  -0.34   0.14
200301   3.82   2.50   3.03  -2.31  -3.37  -3.13
200302   7.77   5.81   5.55   1.92   2.64   3.87
200303  -0.59   1.48   0.09  -4.39  -0.90  -0.42
200304   5.27   3.79   4.87  -0.52   1.81   4.09
200305  14.37   6.54   6.00   9.15   3.56   1.51
200306  20.94  11.31   6.92  13.65   4.02   5.36
200307   1.49   1.01   1.23   4.46   1.56   1.25
200308  10.26   6.61  12.01  11.68   8.31   8.91
200309  10.38   8.99   8.37  10.16   8.19   8.05
200310   6.75   3.58   7.37   2.32   4.16   9.52
200311  -4.95  -5.35  -8.99  -3.51  -3.33  -8.50
200312   2.87   4.74   5.20   5.79   6.71   8.27
200401   5.91   7.19  11.75   2.14   2.35   2.60
200402  -0.92   1.13  -0.72   1.07   0.87  -1.82
200403  17.60  23.33  30.06  13.47  15.05  21.64
200404  -0.80   0.80   4.67  -4.05  -4.79  -2.77
200405  -3.03  -3.97  -8.72  -0.88  -2.19  -5.84
200406   7.12   9.86  12.82   5.28   6.56   9.74
200407  -4.46  -4.11  -7.28  -5.22  -6.65  -9.64
200408   1.43   1.86   2.20   0.32   0.54   2.32
200409  -1.31  -2.00  -4.38  -2.52  -1.57  -4.37
200410   5.48   3.67   2.78   2.24   2.49   1.32
200411   3.62   3.69   4.44   3.70   4.40   3.61
200412   3.00   4.39   3.90   5.32   5.26   4.59
200501   6.01   5.75   7.12  -0.09   1.06   2.33
200502   2.67   5.74   6.56   1.57   2.41   2.04
200503   1.20   2.83   2.13  -0.88   0.24  -0.14
200504   2.18   0.60   0.54  -2.84  -1.79  -0.40
200505  -4.19  -3.46  -5.34  -3.60  -2.75  -1.75
200506   4.47   1.80   2.70   0.76   1.27   2.37
200507   2.00   2.65   3.93  -0.54   0.54   3.39
200508   2.67   4.55   4.48   5.10   5.96   6.49
200509   0.58   3.06   2.96   4.24   6.54   9.10
200510  -0.14   1.04   2.97   0.04   2.36   4.11
200511   1.13   3.01   2.94   3.12   1.82   4.18
200512   9.68  10.89  13.39   9.13  10.35  13.46
200601   4.27   5.30   4.04   2.39   5.12   2.28
200602  -5.14  -5.06  -7.69  -0.86  -3.51  -6.28
200603   2.12   2.36   2.77   2.97   3.77   5.15
200604   1.31   2.33   2.18   2.21   2.00   0.66
200605  -7.55  -9.09 -10.11  -4.96  -7.26  -9.64
200606  -2.40  -3.33  -3.09  -1.90  -2.08  -2.73
200607  -7.18  -5.28  -7.97  -3.88  -2.41  -4.31
200608   2.30   1.33   1.98   1.63   2.48   2.40
200609  -3.74  -2.33  -2.78  -1.38  -1.04  -0.88
200610  -0.48  -0.61  -0.18  -0.02   0.33   1.16
200611  -3.52  -1.60  -1.65  -0.66   0.23  -0.57
200612  -1.42   0.06  -0.19  -0.59   1.09   2.05
200701   3.20   0.36  -0.25   2.60   0.82  -0.03
200702   2.95   2.85   2.09   3.29   3.96   3.54
200703  -1.12  -0.24   0.24  -0.49  -0.93  -0.41
200704  -4.97  -2.88  -0.44  -3.88  -1.56   0.60
200705  -2.78  -1.91   0.21  -0.60  -1.05  -0.79
200706   2.57   1.26   5.73   0.24   0.15   0.66
200707   0.68   1.80   4.31  -1.12  -0.70   2.30
200708  -7.04  -4.91  -5.50  -3.75  -2.14  -4.36
200709  -3.14  -1.05   1.75  -1.36   1.04   5.33
200710   3.96  -0.34   1.32   3.20  -0.09  -1.35
200711  -4.22  -1.75  -4.46  -0.99  -0.22  -6.39
200712  -5.38  -3.66  -6.21  -5.18  -3.11  -6.09
200801  -4.72  -3.00  -4.61  -3.78  -4.02  -5.37
200802   5.47   3.04   3.16  -0.15   0.82   2.87
200803  -2.32   0.44  -0.57  -3.73  -2.29   0.07
200804   2.76  -1.14  -0.97  10.18   4.44  -0.51
200805   6.48   4.02   0.88   3.07   2.20  -0.25
200806  -5.30  -2.94  -2.27  -9.63  -6.56  -3.79
200807  -5.55  -2.82  -2.71  -3.05  -3.12  -1.77
200808 -10.61  -5.49  -4.98  -5.56  -3.35  -2.37
200809  -7.56  -6.58  -6.98 -10.70 -10.39  -9.73
200810 -12.59  -6.96  -7.32 -20.47 -11.04  -8.94
200811   1.53   3.79   5.00   0.65   3.16   5.86
200812   8.74   9.21   8.20   7.54   8.19   9.02
200901  -2.76  -2.76  -2.59  -4.51  -7.46  -6.92
200902 -15.55 -12.75 -11.62 -11.15 -12.74 -13.32
200903  11.42   3.37   1.04  10.50   3.77  -2.00
200904  18.27   3.71   1.29  16.37   5.82  -1.73
200905  20.76  13.32   9.58  15.36  12.65   9.15
200906  16.62   8.99   4.88   5.47   5.01   4.17
200907   1.50   2.61   2.34   4.07   4.30   1.31
200908   5.79   5.34   5.39   4.75   3.59   3.95
200909  -2.51  -0.24  -0.47  -3.34  -0.30   0.53
200910  -2.63  -2.44  -2.43  -2.48  -2.82  -2.60
200911  -5.64  -4.10  -7.77  -1.38  -2.58  -5.09
200912  -1.78  -2.27   0.47  -4.27  -0.99   3.99
201001   4.28   3.61   4.98   4.04   3.36   1.27
201002   1.51   1.06   0.50   2.05   1.43  -1.29
201003   4.62   5.13   7.67   2.91   4.31   6.91
201004   6.60   6.67   8.98   1.77   2.06   1.96
201005  -7.19  -5.26  -7.98  -7.40  -7.48  -7.97
201006   1.33   1.58  -0.80   1.11   0.11  -1.13
201007   0.46   1.84   2.38   1.94   1.89   2.16
201008  -2.85  -1.03  -4.22  -3.97  -2.69  -2.53
201009   2.66   3.00   4.33   4.06   4.32   5.82
201010  -3.45  -2.04  -1.40   0.87   0.97  -0.29
201011   4.74   1.38   2.98   2.47   0.71   1.28
201012  10.68   9.28  11.77   9.11   7.49   8.62
201101   2.54   3.15   4.97  -0.44  -0.01   1.31
201102   4.05   4.78   6.49   4.15   3.90   4.71
201103  -2.35  -1.21  -5.44  -8.47  -7.56  -7.48
201104  -0.31   0.00   0.68  -0.95   0.59   1.95
201105  -0.45  -1.66  -2.42  -1.96  -2.02  -0.77
201106   4.79   4.42   4.27   4.94   3.44   3.42
201107   4.32   4.45   3.11   2.52   3.28   4.97
201108  -2.10  -1.62  -3.40  -4.61  -5.10  -7.40
201109  -1.43  -0.52  -4.53   2.71   2.29  -1.93
201110  -2.27  -3.07  -1.86  -1.21  -4.17  -3.27
201111  -3.09  -0.62  -0.92  -4.30  -3.04  -1.52
201112   2.92   3.48   3.53   1.01   1.39   1.49
201201  10.53   7.46   9.38   5.86   3.47   2.29
201202   7.90   1.35  -1.23   5.91   0.96  -2.39
201203   0.67   0.95   2.49   0.55   1.68   3.07
201204  -1.73   0.60   1.85  -4.41  -1.36   0.76
201205 -10.68  -6.01  -8.66 -11.95  -7.74  -6.99
201206   6.40   3.90   5.13   4.33   4.53   5.71
201207  -5.92  -1.19  -0.41  -6.37  -1.73   1.99
201208  -4.44  -0.81   0.16  -3.33  -0.16   1.44
201209  -0.25   1.56   1.55   2.12   2.09   3.25
201210  -2.80  -2.64  -1.30  -1.23  -1.47  -1.87
201211   4.40   0.10   0.62   4.23   0.46  -1.65
201212   7.09   2.48   2.91   7.01   1.68   3.32
201301   3.45   3.03   7.41   0.77   3.24   3.89
201302   1.08   1.76   3.31   2.43   3.85   2.85
201303   3.52   6.33  11.76   4.04   6.57   9.70
201304   3.90   5.72  11.04   7.62   7.65  11.15
201305  -2.98  -6.56  -9.27  -0.14  -7.50 -10.84
201306  -1.36  -2.99  -4.80   0.52   1.50   0.52
201307   2.82   3.81   6.12   1.30   1.55   1.91
201308  -1.06  -2.33  -3.34  -1.38  -1.96  -3.42
201309   9.62  12.96  13.24   6.16   8.70  12.13
201310   0.32   0.57  -0.44   1.65   0.43  -1.58
201311  -1.80  -1.18  -1.13  -0.23   0.64   0.54
201312   0.19   0.01   2.14  -0.53   0.74   0.73
201401   3.46   4.05   2.16  -1.30  -1.67  -2.05
201402  -1.34  -2.44  -3.50   0.50  -1.43  -1.41
201403   1.57   0.93  -1.28   1.27  -0.77  -1.97
201404  -1.20  -1.16  -3.24  -0.64  -1.67  -3.49
201405   1.31   1.55   1.16   3.20   3.96   3.57
201406   8.07   6.83   8.55   7.20   5.85   6.50
201407  -0.29   0.62   3.01  -0.64   0.00   2.67
201408  -0.01   0.67   4.02  -2.79  -1.83  -0.44
201409  -2.45  -1.75  -1.77  -2.57  -1.85  -2.24
201410  -5.45  -3.61  -4.69  -3.00  -1.47  -2.41
201411  -2.00  -2.52  -0.59  -0.94  -0.52  -1.30
201412   0.70   1.71   1.14  -0.28  -0.07   0.61
201501   1.83   2.93   2.55   0.85   3.57   5.77
201502   1.95   1.76   1.52   6.31   5.30   3.88
201503   0.56   1.52   1.03   2.86   1.65   1.73
201504   2.79   3.26   2.33   4.44   2.86   1.46
201505  -1.29  -0.07  -1.11   1.07   1.22   0.99
201506   1.50   2.10   2.90  -1.42  -0.25   1.96
201507  -0.51  -0.79   1.26   0.63   1.61   1.00
201508  -3.19  -1.92  -4.07  -5.11  -4.08  -4.80
201509  -3.81  -3.59  -4.14  -6.45  -4.35  -4.77



  Average Value Weighted Returns -- Annual
           Small                 Big
       Low    2      High   Low    2      High
1991   7.81   9.17   4.46   4.06   3.49  10.19
1992 -29.95 -26.63 -25.34 -17.58 -26.47 -24.23
1993  25.75  17.29   9.11  27.14  26.68  19.22
1994  33.39  32.97  36.72  20.60  20.16  22.69
1995  -1.40  -4.87 -18.76   4.55  -2.92  -6.13
1996 -16.54 -17.85 -28.32 -15.05 -17.40 -12.93
1997 -58.59 -44.49 -42.29 -52.49 -30.76  -4.00
1998  22.19   4.45   9.06  15.10  -0.37   8.98
1999  26.70  21.31  83.40  36.20  42.84 160.83
2000 -13.71 -10.17 -30.89 -17.80 -18.57 -48.09
2001 -27.62 -14.52 -16.50 -37.68 -26.28 -23.64
2002  -3.94   1.31  -0.20  -3.35 -11.09 -13.62
2003  84.23  55.31  60.49  52.42  30.42  31.43
2004  29.54  40.68  42.15  13.29  17.69  14.81
2005  25.45  40.08  49.35  17.65  25.68  43.92
2006 -16.16 -13.72 -19.74   0.42   6.37  -3.59
2007 -14.05  -9.94  -1.38 -10.90  -1.10  -4.85
2008 -24.29  -7.89 -11.40 -31.71 -31.03 -17.22
2009  38.23   6.13  -2.97  20.81   4.03 -13.88
2010  21.67  21.56  23.16  19.21  15.41  10.02
2011   0.51   2.96  -0.48 -16.77  -9.89  -9.59
2012   6.70   6.92  10.41   4.66   5.26  11.07
2013  15.92  19.20  36.02  20.02  23.66  35.00
2014   4.68   2.81   2.24  -0.48  -2.87  -5.12



  Average Equal Weighted Returns -- Annual
           Small                 Big
       Low    2      High   Low    2      High
1991   9.60  11.23   4.41   1.64   8.33  10.03
1992 -29.39 -26.73 -24.13 -27.86 -22.77 -22.31
1993  30.23  20.44   9.06  23.50  20.21  14.80
1994  41.34  41.49  48.09  23.74  23.59  22.57
1995  -3.56  -2.63 -19.45  -0.75  -3.15 -13.53
1996 -14.04 -15.91 -27.28 -14.93 -16.21 -21.12
1997 -57.41 -45.47 -46.03 -54.74 -36.92 -17.28
1998  29.72   5.62   4.49  25.22  12.49  14.19
1999  31.40  26.13  71.88  19.54  21.20 125.89
2000 -16.34 -10.38 -25.04  -9.99  -9.00 -35.70
2001 -26.27 -15.89 -14.97 -30.69 -19.09 -19.93
2002  -2.42   4.15   0.04  -1.30  -2.56  -5.27
2003 108.82  63.28  63.41  57.66  37.84  44.20
2004  36.89  52.70  57.18  21.39  22.64  19.51
2005  31.44  45.10  53.10  16.46  30.98  54.41
2006 -20.10 -15.57 -21.45  -5.27  -1.92 -11.09
2007 -14.98 -10.25  -1.94  -8.13  -3.93  -7.44
2008 -23.41  -9.33 -13.50 -33.19 -21.44 -15.38
2009  43.95  10.77  -1.73  28.78   5.91 -10.09
2010  24.49  27.31  31.20  19.60  16.87  14.61
2011   6.32  11.71   3.66  -7.23  -7.53  -5.37
2012   9.28   7.36  12.12   0.80   1.85   8.60
2013  18.46  21.59  38.90  24.10  27.27  28.46
2014   1.78   4.50   4.30  -0.43  -1.79  -2.42



  Number of Firms in Portfolios
              Small                 Big
          Low    2      High   Low    2      High
199011    114    374    396    242    324    242
199012    172    415    324    235    317    236
199101    266    375    309    231    306    229
199102    447    291    237    223    297    223
199103    578    267    185    239    317    239
199104    608    271    142    245    322    244
199105    461    288    259    248    329    246
199106    567    357    311    251    334    251
199107    675    346    206    256    341    254
199108    691    344    204    252    335    251
199109    743    352    175    246    327    244
199110    780    344    137    247    327    246
199111    722    392    163    248    330    247
199112    708    384    205    245    328    245
199201    583    418    293    246    327    245
199202    457    440    337    245    323    244
199203    680    383    227    250    332    249
199204    743    349    228    247    331    246
199205    819    347    176    243    325    242
199206    796    358    173    248    329    248
199207    852    328    148    248    333    247
199208    726    439    197    240    320    239
199209    739    421    229    232    310    232
199210    885    335    162    237    316    236
199211    811    387    195    234    311    234
199212    876    369    169    229    305    229
199301    892    284    162    233    309    233
199302    743    453    217    232    308    231
199303    869    370    195    232    310    233
199304    752    460    217    234    312    234
199305    749    389    286    237    313    236
199306    655    457    263    250    333    250
199307    427    397    563    247    327    245
199308    441    389    586    241    320    239
199309    386    440    594    240    322    239
199310    484    450    476    243    324    241
199311    436    480    544    230    308    229
199312    467    485    510    228    303    226
199401    592    484    400    226    303    226
199402    535    521    416    231    307    229
199403    570    511    385    233    311    230
199404    566    474    411    241    323    241
199405    485    462    497    247    326    246
199406    717    414    319    246    325    245
199407    668    406    357    253    336    252
199408    389    532    507    255    339    253
199409    372    539    531    253    336    252
199410    398    534    522    251    334    250
199411    336    510    611    250    334    250
199412    337    531    615    247    330    247
199501    354    513    623    250    335    249
199502    371    462    653    254    337    254
199503    351    476    670    253    336    251
199504    497    454    566    247    330    247
199505    648    452    432    245    324    244
199506    745    421    378    240    321    239
199507    865    439    259    240    318    238
199508    897    438    237    238    319    238
199509    919    423    223    244    324    243
199510    907    409    265    240    321    240
199511    974    411    192    245    324    243
199512    936    393    258    245    326    243
199601    877    431    281    248    332    247
199602    810    435    325    254    337    253
199603    808    409    364    253    339    253
199604    762    444    388    251    336    250
199605    738    416    419    260    348    259
199606    556    487    529    262    350    263
199607    494    461    628    262    347    260
199608    450    483    661    260    347    259
199609    464    529    603    263    347    262
199610    381    490    754    256    341    254
199611    547    526    555    257    344    257
199612    512    512    639    250    333    249
199701    736    539    420    243    324    241
199702    875    503    316    244    325    242
199703    875    543    305    240    318    239
199704    890    532    317    233    308    232
199705   1097    438    240    223    298    223
199706   1252    376    134    228    304    227
199707   1194    466    128    222    296    221
199708   1300    415    118    210    277    209
199709   1361    403     83    207    274    205
199710   1355    469     98    187    248    187
199711   1404    406     81    201    266    199
199712   1533    350     82    181    243    180
199801   1621    311     82    169    224    169
199802   1417    442     93    188    250    187
199803   1349    476    103    194    259    194
199804   1280    542    134    188    253    189
199805   1314    501    165    184    246    183
199806   1370    478    130    184    247    183
199807   1335    526    110    185    248    184
199808   1202    606    172    185    248    184
199809   1248    547    182    186    250    185
199810    964    719    318    182    242    181
199811   1100    689    241    177    236    175
199812    900    750    379    177    236    175
199901    721    736    590    176    232    174
199902   1125    672    257    174    230    173
199903   1274    556    219    174    232    174
199904   1158    569    320    173    229    173
199905   1100    567    364    179    237    178
199906    844    702    479    178    239    177
199907    887    744    390    181    241    180
199908    708    847    485    176    234    176
199909    609    937    504    174    233    174
199910    520   1070    467    169    224    168
199911    641   1043    406    159    211    158
199912    872    997    285    142    190    142
200001    825   1138    251    128    171    126
200002    780   1199    212    133    178    134
200003   1032   1010    170    130    170    129
200004    848   1148    188    135    178    133
200005   1147    872    161    135    179    135
200006   1162    807    162    148    199    148
200007   1347    587    180    154    207    154
200008   1318    611    185    157    206    156
200009   1180    734    200    157    206    156
200010   1162    741    214    150    204    153
200011   1058    833    236    151    200    149
200012   1014    889    221    154    203    153
200101    844    990    294    156    206    155
200102    802   1040    280    155    206    155
200103    652   1211    230    165    218    164
200104    556   1223    311    166    211    162
200105    454   1140    486    166    220    165
200106    499   1011    564    167    223    167
200107    503   1089    479    171    228    171
200108    643   1034    386    175    232    173
200109    612   1104    344    180    240    179
200110    514   1021    542    178    235    177
200111    444   1033    599    182    241    179
200112    479    984    637    175    234    174
200201    518    896    708    171    228    171
200202    695    839    565    174    234    175
200203    741    813    543    175    237    175
200204    766    797    534    174    229    173
200205    769    771    548    174    231    174
200206    801    771    506    177    236    175
200207    862    693    517    179    238    179
200208    710    832    511    185    246    184
200209    668    912    493    182    242    180
200210    650    910    499    181    238    178
200211    757    822    488    176    233    176
200212    713    874    502    170    229    170
200301    793    789    511    174    231    174
200302    860    774    439    180    239    178
200303    685    731    644    184    247    184
200304    582    802    653    189    250    190
200305    528    815    683    194    260    193
200306    483    889    644    196    262    197
200307    428    868    716    197    264    196
200308    453    795    771    193    257    193
200309    499    755    770    190    254    191
200310    484    761    760    192    255    190
200311    531    726    747    193    257    193
200312    426    686    903    188    253    186
200401    473    753    802    187    248    186
200402    696    713    587    195    257    194
200403    632    674    677    194    260    194
200404    718    678    560    203    267    201
200405    615    680    643    209    277    207
200406    591    665    685    206    274    205
200407    726    634    566    211    282    211
200408    617    673    623    214    284    210
200409    561    664    683    215    284    212
200410    506    613    789    214    287    212
200411    476    634    797    214    287    214
200412    400    632    886    213    282    212
200501    356    656    905    213    284    213
200502    490    676    713    223    297    222
200503    381    649    845    227    300    226
200504    420    608    836    230    307    228
200505    479    600    776    236    314    236
200506    381    578    909    231    309    232
200507    438    607    809    235    313    235
200508    452    613    784    235    315    235
200509    448    602    817    229    309    230
200510    546    587    756    218    295    217
200511    638    706    543    223    299    222
200512    656    715    526    223    295    219
200601    632    787    484    224    299    223
200602    743    725    433    225    299    223
200603    844    686    389    220    290    219
200604    953    621    344    217    293    217
200605   1053    586    296    217    289    215
200606   1032    568    347    213    283    213
200607   1138    511    310    211    279    209
200608   1266    460    255    202    267    202
200609   1310    433    238    201    267    200
200610   1209    498    278    199    262    198
200611   1225    510    266    194    260    193
200612   1236    562    214    191    256    191
200701   1359    478    191    192    253    191
200702   1333    523    167    193    254    192
200703   1291    581    162    191    254    190
200704   1268    579    181    191    254    192
200705   1275    580    188    191    252    189
200706   1358    538    164    185    245    184
200707   1296    541    224    188    247    186
200708   1143    629    287    188    246    186
200709   1034    721    318    183    241    182
200710   1059    727    295    176    238    176
200711   1034    761    287    179    240    179
200712   1044    694    355    179    235    178
200801   1094    695    331    175    234    175
200802   1133    664    322    175    233    173
200803   1112    609    389    177    236    177
200804   1097    639    374    177    239    178
200805    906    743    491    172    229    167
200806   1029    628    469    174    231    172
200807   1074    622    428    176    232    175
200808    959    740    424    174    231    172
200809    898    785    451    169    227    168
200810    867    837    416    172    230    171
200811    822    830    440    180    238    178
200812    651    887    540    183    242    183
200901    654    934    491    183    244    181
200902    701    833    535    185    246    185
200903    666    855    541    182    244    181
200904    665    778    603    185    245    184
200905    624    681    752    182    242    180
200906    647    719    686    183    242    182
200907    712    712    599    188    253    188
200908    586    763    672    186    248    185
200909    528    665    814    187    252    187
200910    613    638    745    187    251    187
200911    610    799    594    188    249    185
200912    569    893    559    182    240    181
201001    667    859    505    179    237    177
201002    713    941    373    177    236    175
201003    737    831    456    178    234    177
201004    864    664    490    176    234    175
201005    846    620    536    181    241    178
201006    712    683    600    181    242    181
201007    767    686    537    182    245    181
201008    646    798    550    180    240    177
201009    701    692    600    180    235    178
201010    678    598    576    178    236    175
201011    771    588    522    170    225    169
201012    719    698    456    170    228    170
201101    602    689    569    174    230    173
201102    618    651    579    176    233    174
201103    475    688    688    174    234    173
201104    471    626    733    177    240    178
201105    472    656    709    177    235    176
201106    539    689    610    175    234    176
201107    555    740    527    178    240    178
201108    560    697    564    178    238    176
201109    585    676    538    183    245    184
201110    409    643    735    184    244    184
201111    346    786    668    180    239    180
201112    362    794    632    183    245    181
201201    397    771    616    184    245    185
201202    397    771    615    184    245    183
201203    397    771    615    184    245    183
201204    308    614    473    179    238    175
201205    355    595    481    182    245    181
201206    271    590    538    182    243    182
201207    323    542    550    182    242    181
201208    285    662    459    182    240    180
201209    336    689    376    180    240    178
201210    330    660    415    176    237    177
201211    314    712    372    177    237    176
201212    332    743    329    175    235    176
201301    375    717    325    175    236    175
201302    542    614    282    175    233    175
201303    587    523    329    174    231    174
201304    678    462    317    175    234    176
201305    765    435    285    172    230    172
201306    827    336    306    170    226    170
201307    779    359    324    166    222    167
201308    878    343    251    168    225    168
201309    798    390    281    169    226    169
201310    793    405    292    171    230    170
201311    737    407    358    171    228    169
201312    737    425    342    167    222    167
201401    784    400    324    167    223    167
201402    786    402    327    168    223    168
201403    612    521    381    171    227    171
201404    546    617    334    174    231    174
201405    436    675    388    175    232    175
201406    530    567    410    173    230    172
201407    449    660    416    175    232    175
201408    518    605    407    175    234    175
201409    505    576    447    179    239    179
201410    423    599    492    177    237    177
201411    429    577    500    173    233    173
201412    381    673    461    171    230    171
201501    445    645    414    175    234    175
201502    695    473    353    175    234    175
201503    561    619    361    171    227    171
201504    712    514    317    170    227    170
201505    770    473    326    170    227    170
201506    747    446    374    169    224    169
201507    845    427    291    172    230    173
201508    806    460    304    170    227    170
201509    826    470    236    174    230    173



  Average Firm Size
                       Small                                Big
              Low         2           High        Low         2           High
199011      333.90      329.91      269.96     4492.09     3946.60     2372.87
199012      267.17      248.55      258.91     4778.47     3193.42     1741.36
199101      250.44      245.85      271.24     3445.73     4194.67     2333.89
199102      216.75      282.98      266.57     2536.35     4424.03     3544.33
199103      263.29      299.94      312.88     2317.91     4178.59     4812.51
199104      240.92      319.83      327.17     1913.78     4477.61     4054.61
199105      248.76      294.18      330.37     3297.20     3527.06     4098.65
199106      230.38      257.32      309.05     2731.11     4224.23     3451.40
199107      212.20      270.41      299.94     2323.26     3076.72     4423.64
199108      219.92      277.04      293.93     1957.25     3517.54     4740.49
199109      199.03      258.11      274.89     1987.12     3058.34     4844.52
199110      215.12      288.25      333.87     2198.49     3457.74     5013.22
199111      228.46      290.01      300.86     2169.40     3548.30     5408.01
199112      202.63      258.73      291.30     2688.70     3518.96     4025.49
199201      217.51      251.27      272.69     3044.19     3719.23     3770.59
199202      213.35      221.06      256.57     3800.57     3904.02     2235.58
199203      191.43      229.12      256.27     2727.91     3552.94     2765.61
199204      167.56      193.41      238.76     2751.45     2940.94     2494.85
199205      151.67      194.67      212.46     2582.48     2899.18     2204.56
199206      169.23      212.31      223.53     2478.92     2852.14     2991.72
199207      150.37      205.03      213.87     2337.81     2506.82     2758.25
199208      147.02      174.36      185.26     2663.77     2609.61     2348.16
199209      166.38      196.21      227.17     3488.17     2904.08     2873.69
199210      160.49      208.26      235.61     2063.84     3359.28     3210.42
199211      154.75      185.11      215.41     2221.26     3229.56     2864.00
199212      149.33      205.81      228.16     2403.98     3431.69     2823.46
199301      155.78      204.80      229.32     2080.54     3274.35     3131.09
199302      155.33      180.19      208.91     1550.03     3622.02     3204.92
199303      160.95      197.05      215.94     1461.65     3341.67     4038.94
199304      193.32      212.88      230.40     1923.83     3314.12     5107.24
199305      219.05      257.46      275.05     2724.32     3482.24     5924.54
199306      243.66      271.52      291.32     2027.94     3597.14     6359.88
199307      250.16      266.84      234.11     3003.40     3341.64     5428.69
199308      247.57      282.88      253.26     3593.02     3663.50     5650.40
199309      270.48      279.77      249.78     2891.92     5097.77     4762.15
199310      252.36      254.96      251.20     2808.44     4402.18     4964.96
199311      236.86      240.61      246.39     2732.95     5309.30     4208.01
199312      201.20      210.19      195.10     1853.47     3696.46     5172.32
199401      210.95      201.88      200.83     1892.32     4004.34     4999.88
199402      235.77      238.07      247.74     2240.44     4656.90     5684.38
199403      228.92      256.66      273.62     2351.01     5191.49     5301.23
199404      231.20      256.69      261.73     2145.29     4959.47     4957.02
199405      244.40      262.37      270.55     2979.49     4809.07     4592.29
199406      230.49      278.66      305.97     2340.62     5012.79     5245.40
199407      254.33      303.64      303.61     3619.58     4058.86     5687.66
199408      273.36      276.15      260.39     4727.44     3321.62     4891.65
199409      275.01      274.90      257.16     4884.67     3669.97     4444.56
199410      271.84      257.51      247.54     3141.72     4095.07     5331.60
199411      280.49      276.43      249.32     5007.35     4186.46     3925.33
199412      249.58      246.66      241.77     4638.93     3966.61     3843.91
199501      264.48      262.05      228.31     4272.99     4549.36     3564.14
199502      260.90      241.53      210.95     4132.13     4132.79     3229.12
199503      247.84      228.53      201.11     4144.42     4027.41     2774.00
199504      267.34      248.40      202.22     3126.54     4627.33     4319.56
199505      259.16      248.67      213.68     2876.33     5062.85     4762.85
199506      223.54      244.12      210.10     2558.07     4431.20     5238.47
199507      212.20      228.97      202.47     2059.34     3665.73     6274.05
199508      218.52      244.05      233.60     2097.31     4476.68     6033.56
199509      207.31      247.21      246.09     1923.95     3936.11     6316.77
199510      197.79      233.75      263.19     2542.23     3659.19     6077.13
199511      181.70      248.62      270.07     1953.78     3670.05     6033.76
199512      187.91      254.88      273.60     2453.81     4304.63     5249.28
199601      194.66      267.78      283.50     2127.76     4735.91     5431.52
199602      199.64      257.34      270.21     1952.63     4298.69     5753.20
199603      188.86      251.35      276.87     2374.57     4736.02     4534.45
199604      191.35      255.97      278.52     3724.31     4061.48     4448.26
199605      206.26      275.46      301.52     3643.27     4637.27     4387.79
199606      202.40      263.31      256.49     5365.64     3836.84     2984.84
199607      214.32      259.26      244.18     4783.81     4608.55     2664.59
199608      207.15      251.92      220.66     4960.82     3886.50     2861.46
199609      220.09      233.37      201.58     4222.52     3717.94     3221.28
199610      223.78      240.10      203.98     5010.57     3669.50     3134.32
199611      201.16      206.26      208.34     3787.83     3606.12     3478.26
199612      206.16      209.93      193.53     4848.68     3372.01     3190.74
199701      181.39      182.03      194.29     3518.16     3710.67     3539.45
199702      166.99      161.29      167.11     2844.56     2750.14     4178.66
199703      162.83      168.86      172.25     2880.65     2830.86     4424.59
199704      153.82      157.78      167.88     2623.49     2891.17     4500.83
199705      144.78      172.43      190.75     2575.60     2701.68     5448.11
199706      163.36      212.77      248.58     2901.97     2933.71     6133.07
199707      168.16      225.68      248.56     3151.92     3411.18     6371.01
199708      153.93      231.83      228.25     2274.62     3864.22     6934.76
199709      140.77      205.36      235.03     2404.26     3539.56     6085.34
199710      133.23      185.58      218.71     2776.68     3592.79     6667.65
199711      127.89      173.74      221.92     1939.61     3184.33     6162.79
199712      110.55      174.01      203.75     2955.38     2822.87     5810.79
199801       99.10      167.52      196.49     2034.51     3177.57     6177.80
199802      115.99      157.60      206.25     2008.57     2437.06     7188.49
199803      118.82      160.92      187.78     1980.43     2669.23     6617.39
199804      104.74      152.65      172.85     1789.76     2788.94     6107.42
199805      107.40      135.83      155.71     2076.99     3114.72     5505.85
199806      103.07      127.23      171.84     1904.18     2708.20     5685.45
199807      100.06      135.92      181.69     2460.08     2405.02     5567.50
199808       96.45      126.96      175.23     2356.60     2933.55     4830.57
199809       87.39      118.70      159.10     2194.30     2161.19     5003.16
199810       83.81      104.91      126.60     2519.47     3368.46     2920.74
199811       95.62      125.28      161.34     2836.45     3934.70     3886.73
199812      107.21      124.27      148.91     4569.07     3364.60     3353.86
199901      107.45      129.56      137.87     5364.05     3583.44     2765.85
199902      103.44      142.71      179.03     4693.13     3388.30     3986.68
199903      103.49      146.31      181.94     3740.58     3907.06     3865.17
199904      116.44      163.51      189.06     3193.07     5546.61     4170.80
199905      129.80      162.77      193.53     3135.44     5803.55     4147.94
199906      129.74      145.74      162.85     2996.14     5498.93     3936.26
199907      148.53      154.95      196.98     3811.32     5804.22     4097.32
199908      169.47      159.36      213.24     3462.56     6844.27     5127.06
199909      189.48      163.07      219.03     3741.06     6285.44     6753.79
199910      220.07      166.30      239.09     4820.65     6415.00     7477.35
199911      205.18      174.80      284.60     3713.93     8357.72    10008.13
199912      208.48      190.89      327.41     4575.20     9844.25    12032.73
200001      226.54      179.41      374.95     3750.95     9207.81    18418.61
200002      218.07      178.75      357.56     3876.90     9880.24    14068.07
200003      197.55      180.60      411.25     4359.84     8943.26    16006.70
200004      200.55      202.79      410.27     4602.04     9645.31    15664.96
200005      168.23      201.23      401.15     4378.60     7628.15    15039.16
200006      158.60      194.22      369.32     3111.44     7350.45    12049.78
200007      162.88      235.92      366.06     4056.00     6708.61    12504.64
200008      139.42      214.62      325.68     4123.31     6741.47     9272.32
200009      158.21      208.94      306.57     4489.27     6283.12    11052.00
200010      152.13      195.70      298.29     4558.89     6016.90    10224.48
200011      135.39      181.23      259.78     6106.05     5834.02     7764.37
200012      137.75      173.04      246.90     7537.82     5384.63     5992.04
200101      127.05      147.39      218.72     8737.44     4453.23     3919.74
200102      127.77      150.75      202.60     8482.30     4346.78     4334.52
200103      134.04      140.63      187.88     6471.82     5187.65     3299.71
200104      130.79      130.90      174.11     7616.46     3480.96     3224.05
200105      149.87      135.35      183.48     7244.04     5027.10     2726.60
200106      157.80      136.60      170.00     6027.30     5425.82     3433.75
200107      155.21      128.16      166.67     5505.64     4734.14     3677.47
200108      122.36      118.88      179.29     5506.87     3856.10     3325.69
200109      131.29      115.28      173.16     4833.49     3665.71     3440.98
200110      123.82      105.33      142.12     5318.94     3159.29     2959.59
200111      122.62      103.06      149.05     5736.40     3037.28     2641.80
200112      114.01      104.90      139.49     5613.31     3206.44     2811.22
200201       89.33       98.50      127.63     3656.40     4421.77     2398.92
200202       76.56       95.85      129.48     3906.47     3301.02     2499.90
200203       88.83      100.28      131.60     3736.86     3767.66     2521.20
200204       91.69      104.46      142.19     4274.69     3763.85     2803.04
200205      101.94      116.26      137.90     4485.26     3948.45     3211.48
200206      102.35      131.93      154.42     5238.11     3733.74     3476.54
200207      104.91      124.84      141.88     4583.37     3950.78     3034.10
200208      100.73      120.13      127.19     3857.77     3656.62     3014.71
200209      100.64      118.42      130.01     3852.85     3640.49     3365.37
200210       93.63      113.93      120.72     3624.58     3445.88     3181.24
200211       88.20      103.88      119.42     3683.47     2911.17     3330.77
200212       88.00      103.03      121.76     3608.10     4075.81     2193.17
200301       85.12      104.17      117.42     3216.61     4074.26     2199.84
200302       82.12      101.19      121.17     2960.20     3729.95     2227.83
200303       92.90      106.11      102.33     2958.82     3818.35     1967.24
200304       80.35       99.02      110.38     3274.54     3308.41     1700.16
200305       87.27       95.87      111.82     3457.57     3078.97     1743.32
200306       95.62      101.68      114.28     2967.32     3507.67     1993.76
200307       97.79      112.35      122.93     3167.07     3594.17     2331.17
200308      109.40      117.57      119.71     3042.04     4064.33     2403.13
200309      123.04      121.20      137.48     3436.49     4378.45     2790.53
200310      143.62      131.36      138.84     3508.04     3890.27     4144.00
200311      144.82      134.90      149.39     4039.96     4542.91     3141.96
200312      159.49      125.60      135.39     5172.64     3873.95     2712.84
200401      160.53      138.86      143.08     5242.55     4166.82     3393.62
200402      144.52      137.91      171.16     4422.44     4858.49     3069.19
200403      155.21      138.96      156.94     4553.92     4468.98     3419.68
200404      168.71      161.84      197.47     4404.22     4988.72     4515.63
200405      169.05      160.45      181.41     4388.41     4325.93     4309.84
200406      161.44      162.25      166.23     4414.59     4492.39     3764.22
200407      152.09      182.45      195.22     4639.94     4537.74     3880.14
200408      149.39      167.89      171.92     5543.44     3763.77     3023.64
200409      153.22      168.87      172.10     4842.21     3935.07     3623.45
200410      153.73      161.89      170.04     4294.95     4276.58     3401.88
200411      166.72      165.29      170.48     4677.31     4371.63     3268.60
200412      184.73      174.07      170.99     4471.18     5483.03     2703.04
200501      209.48      184.65      171.58     4495.32     5848.56     2890.73
200502      182.82      184.84      186.93     5131.43     4769.24     2872.54
200503      191.06      193.04      186.94     5428.18     4950.72     2442.97
200504      195.78      195.95      180.87     5130.07     4400.86     2936.85
200505      193.72      202.31      169.58     4983.34     4357.69     2613.29
200506      192.61      196.44      166.05     4682.03     4823.31     2252.69
200507      195.97      194.08      168.05     4794.92     4238.14     2865.35
200508      183.55      197.97      177.45     5020.72     4322.77     2533.19
200509      202.01      209.46      183.95     5363.34     4782.84     2720.29
200510      210.55      223.86      199.35     5429.79     5175.78     3818.64
200511      203.91      221.42      209.57     4271.01     5436.92     4661.92
200512      202.25      224.26      233.88     5472.66     5744.82     3821.28
200601      229.38      239.12      258.35     5372.78     6680.16     4094.02
200602      232.02      245.61      289.21     5235.09     6971.04     4594.48
200603      212.47      243.26      299.18     5280.35     6175.44     5731.41
200604      210.96      257.28      326.11     4080.71     6682.54     6709.04
200605      215.08      269.48      356.30     4678.72     6647.53     6882.09
200606      198.14      253.37      313.67     4432.52     5689.82     7250.88
200607      199.31      250.87      305.80     4317.17     5365.52     7869.33
200608      192.79      256.11      317.19     4413.70     5805.47     7640.17
200609      195.94      274.29      310.16     3878.09     5480.07     9036.82
200610      187.46      254.33      313.07     3896.66     7370.98     6621.46
200611      187.90      267.29      314.24     3422.05     7305.25     7981.57
200612      187.29      276.93      305.07     3135.21     7199.17     8757.69
200701      192.22      278.62      332.44     3227.65     6416.63    10237.15
200702      186.98      294.08      364.72     3397.58     6484.58    10068.64
200703      190.55      308.05      357.01     4551.50     5934.63    10682.93
200704      192.31      286.42      343.30     5003.89     5072.03    10794.75
200705      186.20      286.44      321.96     5360.69     5081.97    10256.40
200706      180.01      308.66      347.37     5618.02     5797.01     9881.35
200707      180.40      289.06      342.85     4508.16     6122.62    10292.95
200708      181.43      257.70      341.67     5204.59     6173.21     9561.08
200709      179.50      238.50      298.26     5541.94     6403.05     8643.36
200710      181.91      238.49      306.12     5201.78     7503.86     8367.68
200711      180.36      238.66      318.84     5240.07     7566.15     8055.56
200712      181.30      225.95      296.79     5139.91     7659.15     7891.58
200801      174.18      223.85      273.56     6606.34     7038.51     6664.13
200802      167.26      216.00      262.65     6555.77     5660.94     7551.99
200803      174.74      206.63      253.69     4475.35     8022.90     6396.30
200804      171.59      189.96      241.03     4561.63     6769.87     6679.22
200805      186.81      193.73      234.84     5262.96     8554.47     5920.64
200806      178.33      213.91      249.86     5318.85     8391.35     6257.04
200807      164.18      202.12      246.64     5293.49     7205.98     6166.75
200808      158.84      193.11      236.09     5687.20     6418.64     6361.89
200809      151.45      177.35      234.06     5362.71     6759.94     5860.66
200810      134.27      156.33      213.27     3712.89     6537.25     5205.34
200811      121.53      141.69      165.93     3475.08     5329.97     4137.59
200812      118.23      132.64      178.16     3921.69     4799.16     4106.65
200901      123.85      145.87      198.10     5229.48     4822.08     3976.61
200902      120.14      135.55      184.79     5100.65     4028.46     3950.51
200903       99.64      119.99      167.83     4942.76     3314.60     3523.18
200904      101.68      126.65      155.62     4061.85     3705.06     3805.87
200905      119.96      134.59      154.18     4728.30     4637.39     3238.40
200906      131.01      162.06      165.59     5495.86     4933.94     3571.33
200907      139.40      166.22      176.16     5932.22     4775.91     3264.24
200908      154.68      167.81      171.94     7272.12     5029.46     2528.98
200909      158.66      183.99      173.92     7114.43     5029.94     3081.29
200910      142.27      186.25      182.30     6265.42     5803.30     2655.50
200911      153.20      168.67      182.66     6697.09     4706.51     3401.71
200912      154.66      161.11      176.18     5902.13     4450.65     4738.14
201001      160.58      159.56      175.69     5475.43     4014.54     6218.82
201002      162.51      162.41      198.73     5711.74     4761.89     5658.20
201003      168.63      161.51      187.90     5417.22     5558.89     4908.71
201004      169.01      163.20      205.79     4937.45     5861.97     5517.32
201005      159.60      187.65      205.99     5285.31     5499.83     5340.28
201006      164.55      161.44      175.28     5477.59     4975.94     4297.98
201007      151.78      168.49      185.35     3771.05     5949.13     4555.41
201008      151.20      180.40      182.35     5300.88     5589.70     4347.27
201009      157.07      175.92      169.05     4914.06     4261.33     6203.85
201010      190.52      175.90      179.64     4553.28     5212.50     6073.18
201011      184.47      184.43      191.44     5544.35     5009.03     6375.96
201012      203.25      179.68      186.04     5456.64     5857.97     5502.48
201101      215.22      203.78      201.63     5261.25     6806.59     5507.38
201102      195.82      209.99      222.44     6089.74     6717.61     4695.01
201103      221.33      214.84      221.46     5544.22     7459.25     5253.84
201104      195.43      205.09      198.03     4765.50     5836.89     5591.49
201105      188.18      208.04      199.78     5110.36     5468.06     6378.95
201106      197.12      202.87      187.28     4920.53     5161.60     6733.81
201107      209.32      200.07      197.79     4330.71     5306.99     7248.35
201108      209.10      212.44      208.00     5056.07     6084.18     6228.27
201109      188.16      205.79      197.07     4378.70     5965.41     5048.41
201110      201.82      197.20      189.43     4944.32     6166.98     3959.02
201111      175.48      184.11      210.01     5826.79     6076.70     3373.90
201112      187.92      184.01      186.67     5308.64     5335.57     3885.57
201201      194.37      187.64      184.73     5812.93     5292.22     3605.16
201202      211.65      199.18      199.18     6233.88     5436.14     3690.85
201203      224.24      200.22      195.13     6789.46     5540.50     3654.31
201204      290.28      257.89      249.78     6917.79     5739.52     3778.11
201205      250.43      245.74      252.29     5633.96     6370.36     3446.50
201206      233.29      227.18      239.31     4889.46     5883.85     3387.92
201207      248.07      236.16      244.33     4647.48     6251.43     3949.34
201208      245.00      236.77      235.83     4396.59     6315.50     3896.22
201209      242.38      236.97      236.96     3818.96     5026.45     6204.84
201210      265.46      239.63      221.59     3372.45     5594.56     6234.42
201211      253.71      219.24      254.01     3994.23     5866.34     5034.43
201212      250.12      232.10      245.44     3810.39     5836.45     5664.18
201301      241.43      237.47      271.96     3855.17     5752.00     6441.83
201302      226.82      256.48      290.37     3895.38     5579.11     7388.58
201303      241.24      257.62      291.80     4978.31     5396.11     7196.28
201304      248.66      260.76      309.25     4544.77     5952.35     7532.15
201305      248.86      302.98      348.78     6188.06     5488.65     8728.76
201306      245.03      297.89      318.16     5309.01     5502.92     8642.82
201307      248.67      289.12      321.11     4949.69     6943.94     7722.37
201308      238.76      336.33      343.72     4858.09     6579.25     8401.14
201309      239.63      308.39      316.19     4794.77     6781.85     7588.91
201310      259.81      298.93      346.38     5297.74     7130.16     8046.17
201311      261.60      294.73      334.49     5443.75     6908.10     8344.56
201312      261.70      320.97      318.02     6015.81     6992.01     8280.96
201401      265.83      318.30      325.52     5028.48     8485.30     7463.08
201402      269.35      323.02      328.25     4938.29     8206.33     7080.15
201403      274.51      283.65      292.49     6262.62     7530.77     6241.71
201404      274.06      274.31      301.04     5121.17     7844.26     6158.61
201405      276.98      258.77      297.43     5786.37     7152.63     5803.80
201406      262.27      275.64      317.33     7455.37     7146.49     5228.94
201407      281.31      296.78      305.21     8239.60     7290.89     5197.38
201408      282.94      288.72      321.19     8151.16     7512.78     5215.78
201409      269.71      289.52      311.42     7729.52     6961.45     5348.43
201410      265.89      285.06      303.98     7390.09     6899.49     5671.39
201411      264.02      278.85      309.94     4915.18     8167.06     6528.87
201412      276.74      263.30      316.80     5719.57     8321.19     5766.64
201501      263.31      272.44      309.42     5558.57     7638.67     6125.78
201502      244.44      311.35      327.84     5341.63     7875.96     6654.23
201503      255.31      315.25      327.88     6856.65     8437.00     6240.40
201504      261.06      327.51      343.36     6455.45     9185.39     5939.90
201505      274.25      321.18      364.92     7081.09     7766.97     8157.07
201506      274.77      334.04      350.96     6242.78     8620.73     8350.46
201507      269.59      355.14      343.05     5335.80     9526.41     7187.34
201508      269.20      349.47      348.80     6150.85     9333.57     7234.22
201509      254.85      355.52      342.36     5589.73     8289.57     7428.92
