This file was created using the 201509 Bloomberg database. It contains
value- and equal-weighted returns for the intersections of 2 ME portfolios
and 3 prior return portfolios in North_America.

The portfolios are constructed monthly.  ME is market cap at the end of the
previous month.  Prior return is from -12 to - 2.

Missing data are indicated by -99.99.



  Average Value Weighted Returns -- Monthly
               Small                 Big
          Low     2    High    Low     2    High
199011   8.17   4.98   7.09   8.89   7.28   4.84
199012   3.52   4.16   4.70   5.34   3.90   1.55
199101   7.76   4.80   8.54   8.56   3.59   3.52
199102  14.59   9.20  10.34   8.37   6.75   7.32
199103   5.17   4.08   8.86   1.34   1.92   3.61
199104   0.62   1.52   0.64   1.33   0.94  -1.03
199105   3.17   3.49   5.27   5.56   3.54   4.05
199106  -3.40  -2.14  -5.05  -5.04  -4.53  -3.76
199107   1.67   2.32   6.46   2.72   3.65   7.01
199108   1.74   3.12   4.99   2.00   1.95   4.01
199109  -1.91   0.45   1.51  -1.94  -1.36  -1.07
199110   1.90   2.28   4.54   0.96   2.15   2.16
199111  -4.46  -2.79  -4.62  -4.88  -3.04  -3.48
199112   2.84   5.27   9.94   6.56  11.55  15.35
199201   8.02   6.50   9.28   1.23  -2.34  -1.77
199202   3.17   2.99   3.11   1.67   0.87   1.21
199203  -3.87  -0.82  -3.09  -2.42  -1.73  -3.07
199204  -3.29  -2.75  -3.08   4.31   2.00  -1.02
199205   1.29   0.74   0.66   0.55   0.27   1.95
199206  -4.26  -1.83  -3.01  -1.49  -0.83  -3.83
199207   1.91   3.36   4.26   3.42   4.40   3.91
199208  -2.43  -1.54  -2.91  -1.41  -1.80  -2.99
199209  -0.92   1.59   2.29   0.40   0.87   1.91
199210   1.06   2.29   3.19   0.29   0.24   3.11
199211   6.64   5.05   7.46   2.14   3.07   5.20
199212   2.18   4.23   5.79  -0.44   2.35   2.28
199301   1.43   3.40   5.39  -1.99   1.05   4.28
199302  -1.73   0.51  -0.36  -1.31   1.71   1.46
199303   1.94   3.10   5.67   0.80   2.42   4.61
199304  -2.41  -1.67  -1.64  -1.72  -2.33  -2.90
199305   5.04   3.19   5.14   3.15   1.51   5.44
199306  -0.40   0.21   3.40  -2.75   1.27   3.21
199307   0.21   2.20   1.39  -2.17   0.01   1.76
199308   3.27   3.05   5.67   3.54   2.76   5.79
199309   0.88   1.73   3.40  -1.97  -0.14   1.24
199310   4.39   3.29   4.57   3.79   0.42   0.89
199311  -0.99  -2.28  -4.00   1.77  -2.60  -3.97
199312   1.57   2.79   3.96   0.82   2.25   2.97
199401   3.12   3.12   4.63   3.29   2.59   4.05
199402  -0.26  -0.47  -2.01  -2.69  -2.48  -2.18
199403  -4.05  -4.92  -5.38  -3.89  -4.37  -5.40
199404  -1.07   0.07   0.02   1.84   1.07  -0.28
199405   0.49  -0.25  -2.23   1.53   1.42  -0.34
199406  -3.66  -1.79  -3.88  -2.07  -2.77  -4.22
199407   1.53   1.32   1.84   3.10   3.71   2.08
199408   4.70   4.29   4.82   3.85   3.52   6.52
199409   0.37   0.33   1.79  -2.56  -2.12  -1.24
199410  -1.21  -0.59   0.94   1.84   1.74   1.53
199411  -4.77  -4.08  -3.78  -2.89  -3.34  -4.83
199412  -1.14   1.75   3.00  -0.05   1.80   1.65
199501   0.39  -0.43  -0.38   2.56   2.54   0.99
199502   3.34   2.92   3.67   5.31   3.77   3.69
199503   2.61   1.80   3.24   3.31   2.11   3.11
199504   2.85   2.84   3.83   0.96   2.55   3.57
199505   1.60   2.57   2.03   3.97   3.87   3.17
199506   3.30   3.70   8.41   2.81   1.04   5.26
199507   4.21   5.19   9.02   3.34   3.16   4.86
199508   2.09   3.20   3.03   1.05   0.69   0.43
199509   0.89   1.94   3.36   2.82   3.84   4.46
199510  -6.31  -3.42  -4.53  -3.78   0.24   0.26
199511   1.98   3.79   4.47   6.16   4.64   2.67
199512   0.92   3.07   3.40   1.13   2.08   0.60
199601   1.13   1.38   0.74   1.32   3.28   3.53
199602   2.94   2.89   4.64   1.49   0.63   3.16
199603   2.67   2.34   2.86   3.10   1.26  -0.17
199604   6.07   4.03   8.59   4.22   1.20   2.03
199605   4.40   3.75   7.07   2.09   1.85   3.49
199606  -3.81  -2.74  -5.28  -1.24   0.46  -1.57
199607  -7.36  -6.38  -9.61  -5.69  -3.71  -6.22
199608   4.73   5.16   7.93   4.14   2.79   2.55
199609   2.19   3.61   4.47   4.31   4.87   6.77
199610  -1.67   1.20  -0.52  -0.84   3.06   2.91
199611   4.18   3.78   2.32   7.64   7.89   5.44
199612   0.10   2.61   2.43  -0.07  -1.34  -2.37
199701   4.25   3.03   4.53   3.03   5.48   7.83
199702  -1.62   0.40  -4.14   0.78   1.53  -2.85
199703  -6.60  -3.61  -4.79  -5.18  -3.17  -5.51
199704  -3.07  -0.20  -1.00   0.74   4.61   7.88
199705  14.63   9.68  11.25  10.15   5.85   5.87
199706   3.61   6.07   6.62   2.91   3.71   5.16
199707   4.30   4.78   7.98   6.23   6.58  10.13
199708   3.49   2.37   3.61  -1.98  -4.97  -5.39
199709   7.67   7.98  10.45   4.67   4.72   6.76
199710  -4.73  -2.02  -4.07  -3.43  -2.89  -4.01
199711  -4.77  -0.94  -2.13   3.42   4.57   1.89
199712  -2.96   2.14   1.56   1.21   2.37   1.90
199801   0.22  -1.39  -1.80  -0.50   0.50   1.28
199802   7.72   7.86   7.49   8.22   6.93   7.95
199803   3.47   5.15   5.42   4.69   5.20   5.69
199804   1.78   1.13   1.59   0.70   0.66   2.33
199805  -6.42  -4.03  -5.02  -3.48  -2.08  -1.31
199806  -5.11  -0.67   1.81  -0.55   3.73   7.37
199807  -9.35  -6.31  -5.74  -2.97  -2.16   0.03
199808 -22.17 -17.17 -20.85 -15.31 -15.25 -15.58
199809   6.34   4.49   8.74   9.80   4.49   6.91
199810   6.58   3.30   3.06   9.59   9.43   5.87
199811   5.31   4.96   8.84   6.66   5.49   6.36
199812   2.14   5.55   9.75  -1.33   4.08  10.87
199901   0.76  -1.25   5.48   1.00   1.05   6.62
199902  -6.65  -7.35  -6.81  -2.57  -1.99  -5.15
199903   1.50  -1.56   4.18   4.56   2.28   5.48
199904  10.76   6.38   7.11  12.62   7.00   0.12
199905   3.33   1.69   2.28  -0.16  -2.09  -3.04
199906   4.49   5.71   9.49  -0.06   3.49   8.20
199907  -1.89  -0.66  -0.35  -3.86  -3.94  -1.85
199908  -3.90  -2.92  -1.14  -2.31  -0.89   0.17
199909  -1.94  -0.68   2.41  -8.13  -2.28   0.25
199910  -3.15  -0.26   2.96   6.33   6.58   6.79
199911   2.91   2.89  11.94  -0.65  -0.53   9.19
199912   4.41   4.87  19.79  -3.13  -0.15  18.90
200001  -3.08  -1.88   4.23  -3.82  -4.37  -4.79
200002   0.84   5.87  32.37  -9.47  -4.15  17.96
200003   6.80   4.28  -6.29  10.99  10.77   0.40
200004  -2.50  -0.70 -15.74   3.11  -5.05  -8.04
200005  -0.63   0.12  -9.73   3.77  -0.85 -10.93
200006   1.04   2.16  22.81  -0.78   0.29  11.40
200007   0.31   0.74  -9.17  -2.93  -0.10  -2.19
200008   4.71   7.54  13.37   5.30   3.85  13.30
200009  -4.52  -1.18  -3.90  -2.96   0.74 -12.41
200010  -4.28  -2.77  -7.31   4.04  -0.52  -7.90
200011  -8.93  -4.78 -16.56  -5.80  -5.87 -21.07
200012   4.22   8.12   9.86   1.00   0.65   4.20
200101  20.79   4.21  -0.32  16.62  -0.50  -6.12
200102 -12.44  -3.16  -4.29 -16.71  -6.78  -3.33
200103 -10.17  -2.82  -2.34 -11.57  -5.47  -3.47
200104  15.03   6.59   6.83  13.49   5.40   4.07
200105   4.18   4.98   4.09  -2.00   2.03   2.56
200106   3.02   2.08   3.39  -2.29  -2.56  -2.07
200107  -9.42  -1.85  -1.38  -3.04  -0.46   0.28
200108  -8.29  -0.81  -2.46  -9.08  -4.47  -3.22
200109 -21.96 -11.93  -9.12 -15.42  -4.17  -5.79
200110  14.42   4.78   4.09   4.48   0.11  -0.16
200111  14.96   7.46   5.65  12.41   5.61   4.14
200112   9.13   6.42   5.79  -0.68   2.23   2.69
200201  -5.20   0.14   1.59  -2.39  -1.83  -1.35
200202  -7.32  -0.17  -0.94  -4.96  -0.59   0.75
200203  10.35   7.83   7.73   3.78   4.30   3.99
200204  -4.05   1.39   1.74  -9.55  -4.77  -0.35
200205  -7.14  -2.36  -1.25  -1.39  -0.30  -0.31
200206 -10.71  -4.50  -2.35  -8.66  -6.91  -4.84
200207 -16.84 -11.78 -12.29  -8.74  -6.75  -7.19
200208  -1.53   1.99   1.22  -0.30   1.77   1.47
200209 -13.28  -5.68  -4.14 -15.10  -8.43  -5.67
200210   7.89   2.76   3.85  11.90   5.75   4.77
200211  21.77   4.77   2.97  10.78   3.22  -1.16
200212  -9.92  -2.31  -0.07  -9.69  -4.17  -0.50
200301  -3.04  -1.44  -0.35  -2.02  -2.99  -1.29
200302  -4.46  -2.60  -1.32  -1.58  -1.51  -0.76
200303   0.42   0.19   1.31   0.25   1.52   0.98
200304  15.48   8.19   6.72  13.92   6.11   5.24
200305  16.27   8.37   8.27  10.82   3.72   5.52
200306   4.06   2.01   3.42   2.33   0.93   1.54
200307   6.66   4.66   6.04   2.42   1.32   1.86
200308   5.68   4.12   5.91   2.39   1.93   2.90
200309  -0.54  -0.37  -0.30  -0.68  -1.37  -1.18
200310   7.04   7.68  10.45   4.85   4.46  10.61
200311   3.33   3.63   4.20   0.91   0.62   3.45
200312   6.22   2.48   2.30   6.77   4.23   1.14
200401   2.59   3.17   5.84   1.63   1.63   3.04
200402   1.60   1.75   1.09   1.75   1.82   0.99
200403   1.24   1.23   0.33  -1.96  -0.88  -0.79
200404  -2.47  -3.35  -6.41   0.56  -2.75  -5.84
200405  -0.14   0.85   1.87   0.69   1.55   2.65
200406   2.61   4.34   4.26   1.75   1.29   4.29
200407  -6.78  -5.04  -6.92  -2.54  -3.04  -6.56
200408  -0.16  -0.22  -1.76   0.87  -0.04  -0.32
200409   3.81   5.00   7.92  -0.01   1.22   6.24
200410   2.50   2.72   1.66   2.85   0.74   2.08
200411   7.80   8.12  10.11   2.42   4.53   6.92
200412   5.03   2.61   3.19   4.62   3.49   1.67
200501  -6.01  -3.20  -1.65  -3.57  -1.60  -1.40
200502   0.61   1.67   4.37   0.64   2.76   4.88
200503  -2.87  -1.60  -2.71  -2.30  -1.13  -0.37
200504  -7.23  -4.88  -6.51  -1.80  -1.54  -4.41
200505   6.20   5.49   6.15   3.60   3.05   4.05
200506   3.33   4.38   4.47  -0.15  -0.09   4.33
200507   6.83   5.66   7.17   3.81   3.49   5.08
200508  -1.80  -1.18   0.98  -1.59  -0.86   2.81
200509  -0.03   0.98   3.08  -0.47   1.40   4.11
200510  -3.56  -3.47  -4.66  -0.22  -2.18  -4.64
200511   4.31   4.97   5.40   3.83   4.15   4.22
200512   0.39   0.89   1.79  -0.34   0.38   1.71
200601   8.45   6.67  11.50   1.23   2.47   7.89
200602  -0.08   0.37  -1.73   0.77   0.71  -3.16
200603   2.99   3.97   5.18   1.53   0.70   3.08
200604   1.17   1.25   2.59   1.08   1.51   2.33
200605  -4.03  -3.78  -5.93  -1.44  -3.19  -5.25
200606  -1.85  -0.26  -2.30  -0.49   0.05   0.55
200607  -3.05  -1.52  -3.53  -0.61   1.43  -2.81
200608   4.29   2.80   2.11   4.15   2.66  -0.09
200609   0.77  -0.01  -1.10   3.19   1.62   1.41
200610   6.11   4.70   6.15   4.27   2.83   4.12
200611   2.65   1.79   1.92   2.92   1.54   2.50
200612  -0.07   0.81   0.87   0.60   1.58   0.70
200701   1.22   1.16   1.82   1.60   1.41   2.37
200702  -0.23  -0.03   0.01  -0.55  -1.32  -2.58
200703   0.43   1.53   2.24   0.42   0.84   2.83
200704   2.66   2.66   4.58   4.83   4.42   3.68
200705   4.46   3.66   3.58   4.17   3.80   4.62
200706  -1.59  -0.38  -0.26  -0.98  -1.65  -1.04
200707  -6.68  -4.47  -3.50  -3.70  -2.84  -1.58
200708   0.19  -0.02  -1.05   1.29   0.97   2.23
200709   0.44   2.15   6.41   2.24   4.66   6.58
200710   0.46   4.35   5.99  -0.72   3.94   4.51
200711  -8.66  -8.10  -9.80  -5.44  -3.79  -5.51
200712  -1.56   0.37   1.42  -4.58   0.44   2.88
200801  -4.04  -7.29 -10.91  -1.18  -6.02 -11.04
200802  -4.14  -0.63   0.53  -7.13  -2.32   2.08
200803  -2.29  -0.46  -2.93  -3.32  -0.06  -1.20
200804   2.96   3.17   4.45   6.18   3.06   7.57
200805   4.63   3.43   6.00  -0.98   2.26   4.14
200806 -13.17  -7.60  -3.06 -14.64  -8.44  -2.15
200807   2.32   1.59  -2.34   3.12   0.17  -7.16
200808   5.36   2.67  -1.35   2.30   1.48  -1.22
200809 -10.81  -8.39 -13.90 -11.44  -5.92 -13.99
200810 -26.64 -20.24 -21.10 -22.07 -16.50 -16.06
200811 -17.12 -11.81  -9.33 -11.08  -4.92  -7.54
200812   8.18   4.93   3.86   2.50   0.73  -0.15
200901  -5.14  -6.93 -10.44  -8.43  -7.08  -7.41
200902 -12.80 -11.42 -11.20 -12.97  -9.27  -9.14
200903  14.02   8.44   6.16  14.00   9.43   5.51
200904  32.85  15.26   7.05  25.41   8.60   1.55
200905  13.73   5.61   2.43  14.18   5.23   3.36
200906  -0.88   1.49   1.86  -5.18   0.74   1.26
200907  13.76   8.96   8.27  10.51   7.18   7.08
200908   7.31   2.64  -0.22   7.19   2.50   1.46
200909  11.30   5.72   5.39   6.27   3.23   4.06
200910  -6.01  -4.57  -6.54  -4.23  -1.58  -2.25
200911   2.49   3.54   5.25   6.26   5.15   6.95
200912   7.81   7.20   8.82   0.33   3.52   4.25
201001  -1.26  -2.79  -3.84  -1.14  -4.15  -6.98
201002   3.25   4.42   6.27   2.02   3.58   5.58
201003   7.33   7.35   8.99   4.45   5.24  10.84
201004   5.59   5.13   7.03   1.36   0.77   3.84
201005  -7.55  -6.83  -8.24  -7.51  -8.00  -8.26
201006  -6.60  -5.45  -8.29  -4.15  -5.26  -7.45
201007   6.32   6.79   8.84   7.63   5.77   8.18
201008  -6.89  -6.62  -5.41  -4.34  -4.38  -3.74
201009  13.07  11.95  13.03   8.83   8.44  11.31
201010   3.63   4.26   5.01   3.87   3.26   5.28
201011   3.14   2.92   4.99  -0.30   0.28   2.59
201012  10.51   8.23   7.78   7.72   6.14   5.21
201101  -0.26   0.54   0.25   2.68   2.10   1.33
201102   4.22   5.61   6.80   2.40   5.06   3.97
201103   0.20   2.31   3.21  -0.69   0.81   0.58
201104   1.72   2.42   2.66   2.52   3.63   1.71
201105  -2.41  -1.55  -2.58  -1.19  -1.36  -2.20
201106  -3.82  -1.93  -2.73  -2.37  -1.66  -0.82
201107  -3.78  -3.33  -1.50  -2.07  -2.39  -1.70
201108  -9.10  -7.44  -8.91  -5.56  -4.53  -7.95
201109 -11.90 -10.41 -14.48  -7.42  -7.08 -11.16
201110  15.44  15.20  16.64  13.21   9.85  11.03
201111  -2.76   0.14  -0.47  -2.84   0.18   0.62
201112   0.01   0.89   0.07  -1.60   1.34   0.63
201201  10.61   6.01   5.60   9.85   3.86   2.71
201202   3.17   2.92   4.70   4.80   3.36   5.77
201203   1.03   1.60   1.32   2.18   1.84   3.60
201204  -2.43  -1.26   0.06  -2.55  -0.25   0.71
201205 -10.36  -6.08  -5.61 -11.74  -6.30  -4.28
201206   3.85   3.99   3.40   3.67   4.47   2.82
201207  -2.05   0.28  -0.08   0.50   0.84   2.21
201208   4.88   2.89   3.54   4.13   3.29   1.06
201209   4.70   2.83   3.03   4.37   2.15   2.44
201210  -3.02  -1.57  -0.21  -0.63  -1.53  -2.53
201211   0.55   0.42   1.28  -0.24   0.67   0.95
201212   4.63   2.77   2.82   2.86   0.78   0.37
201301   5.24   5.28   6.21   5.94   5.82   3.52
201302  -1.16   0.60   1.02  -0.74   1.63   1.44
201303   3.32   4.37   5.71   3.12   3.22   5.03
201304  -1.84  -0.53   0.12   0.77   1.80   1.87
201305   4.51   3.11   4.30   2.34   1.96   2.83
201306  -1.93   0.02   0.02  -2.30  -0.69  -2.34
201307   7.57   7.11   7.92   4.98   5.15   6.82
201308  -2.07  -2.63  -2.53  -1.80  -2.83  -3.18
201309   4.17   5.23   7.47   2.23   3.67   5.71
201310   2.08   3.39   2.63   3.81   4.96   3.82
201311   2.11   4.60   4.54   1.87   3.11   3.24
201312   2.85   1.86   2.34   2.48   2.35   3.49
201401  -2.55  -3.44  -3.01  -4.77  -3.46  -1.71
201402   5.03   4.41   5.58   4.13   4.37   5.83
201403   0.23   1.65  -1.28   2.10   1.52  -2.51
201404  -0.92  -2.44  -4.19   2.90   0.13  -1.44
201405   0.45   0.92  -0.02   0.79   2.32   3.46
201406   5.98   5.01   6.39   2.24   2.37   3.30
201407  -5.77  -5.32  -5.64  -0.86  -2.14  -1.39
201408   3.77   4.25   5.41   4.19   3.69   4.47
201409  -6.57  -5.46  -6.45  -2.16  -2.05  -1.92
201410   4.00   4.48   1.45   0.48   3.15   1.11
201411  -0.69  -0.24   0.62   2.33   1.95   3.41
201412  -0.09   0.60   0.82  -1.10   0.87  -1.33
201501  -7.02  -3.81  -1.25  -4.78  -4.41  -1.10
201502   8.26   6.05   6.56   7.03   5.41   6.15
201503  -0.94   1.67   2.61  -2.24  -1.38  -0.67
201504   3.32  -2.01  -3.71   5.16   1.01  -1.67
201505  -1.65   1.44   4.56  -1.86   1.37   3.53
201506  -1.76   0.84   1.14  -3.11  -2.10  -0.35
201507  -8.09  -0.92   1.19  -2.17   2.58   3.31
201508  -3.94  -4.56  -6.91  -4.93  -6.54  -6.28
201509  -9.46  -3.41  -4.84  -4.87  -2.03  -2.81



  Average Equal Weighted Returns -- Monthly
               Small                 Big
          Low     2    High    Low     2    High
199011   3.94   3.07   5.48  10.94   7.68   5.55
199012  -0.26   2.49   3.00   6.09   4.60   1.62
199101   9.63   4.92   5.99   7.78   4.54   5.00
199102  16.22   9.66  10.24  10.27   7.55   7.64
199103   6.96   5.29  10.83   1.29   2.18   5.60
199104   1.41   2.52   1.13   1.21   1.10  -1.07
199105   2.63   3.75   4.55   5.13   4.16   5.11
199106  -3.22  -1.87  -3.08  -4.71  -3.79  -4.19
199107   0.97   3.06   4.38   2.48   3.54   6.77
199108   1.39   2.65   3.57   2.55   1.86   3.62
199109  -0.37   0.28   3.06  -2.46  -0.79  -0.01
199110   1.91   2.65   4.87   1.57   2.48   2.53
199111  -2.22  -1.94  -2.29  -4.79  -3.13  -5.29
199112  -0.68   3.05   6.69   5.82   9.55  14.52
199201  15.71  10.26  13.86   2.27   0.81   2.67
199202   6.50   5.01   6.32   2.19   1.86   2.26
199203  -2.43  -0.04  -1.79  -2.93  -2.14  -2.86
199204  -3.37  -2.58  -2.84   1.06   0.55  -1.75
199205   1.64   2.06   1.36   0.81   0.85   0.93
199206  -3.49  -1.00  -2.00  -2.13  -0.81  -3.35
199207   2.48   3.23   3.50   3.56   4.19   4.18
199208  -2.64  -0.61  -2.20  -1.70  -1.47  -3.24
199209  -1.42   0.40   1.52  -0.21   1.17   2.79
199210   0.50   1.69   2.74   1.67   1.81   3.68
199211   5.82   5.97   6.96   1.86   3.73   6.02
199212   4.77   5.25   9.43   1.73   2.65   4.19
199301   5.02   6.54   9.10  -1.02   1.60   3.62
199302   1.74   2.15   2.59  -0.48   1.12  -0.18
199303   3.25   4.34   7.11   2.38   2.97   5.47
199304   0.53   0.21   3.59  -1.07  -1.92  -2.57
199305   5.73   4.35   4.88   3.33   2.42   4.56
199306   1.32   0.72   6.18  -1.85   1.33   2.80
199307   1.02   2.46   1.79  -1.14   0.33   0.98
199308   3.09   3.27   3.81   3.45   2.84   6.28
199309   1.82   2.55   2.03  -1.60   0.03   2.37
199310   6.87   4.53   5.79   3.45   0.89   0.84
199311  -0.28  -1.26  -2.85   1.16  -3.01  -4.24
199312   1.18   2.33   3.21   2.73   3.29   4.75
199401   5.34   4.75   6.74   4.10   2.21   2.62
199402  -0.49  -0.27  -0.97  -1.32  -1.77  -1.21
199403  -2.51  -3.12  -3.37  -3.69  -4.73  -5.24
199404  -1.94  -0.05  -0.34   0.87   0.16   0.39
199405   0.61   0.22  -1.24   0.72   0.28  -1.40
199406  -3.51  -1.57  -3.25  -2.42  -2.51  -4.80
199407   0.61   1.05   1.80   3.01   2.62   3.15
199408   3.34   3.04   2.90   5.24   4.48   6.63
199409   1.69   1.85   2.72  -2.34  -1.65   0.19
199410  -1.06  -0.81   0.40   0.38   0.29   0.97
199411  -5.56  -4.04  -4.28  -4.08  -4.14  -4.89
199412  -2.73   0.06   1.18   0.72   1.66   2.72
199501   2.14   0.72   0.85   1.38   0.75  -1.23
199502   2.63   2.81   3.30   5.38   4.13   5.11
199503   2.09   2.66   3.37   2.69   1.70   3.45
199504   3.66   3.95   4.33   1.71   1.97   1.95
199505   1.61   2.60   2.21   3.36   2.94   1.70
199506   4.21   4.21   7.67   2.55   2.07   6.56
199507   4.36   4.57   7.37   3.68   3.71   7.66
199508   3.68   4.19   4.57   0.93   1.62   1.22
199509   1.83   2.83   3.37   0.53   2.38   3.56
199510  -5.78  -2.90  -4.41  -4.01  -1.04  -1.95
199511   0.26   2.96   3.94   5.30   4.49   3.74
199512   0.37   2.67   3.35   1.07   2.09  -0.09
199601   4.94   3.49   3.79   1.58   1.66   1.61
199602   5.06   4.16   5.62   2.06   1.31   4.17
199603   4.79   3.22   4.17   2.05   1.34   2.14
199604   6.30   4.87   9.55   4.21   1.43   5.98
199605   7.34   5.70   8.90   1.03   1.61   3.27
199606  -3.87  -1.95  -5.31  -2.30  -1.01  -3.97
199607  -6.88  -5.52  -8.22  -6.44  -4.40  -7.98
199608   4.97   4.85   7.45   5.22   4.16   5.71
199609   2.63   3.38   3.96   3.72   3.71   6.59
199610  -1.83   1.16   0.13  -1.07   2.45  -0.70
199611   3.14   3.06   2.71   6.68   6.32   3.61
199612  -1.41   2.24   2.40  -0.49  -0.06  -0.32
199701   7.71   4.71   7.57   2.75   3.24   4.04
199702  -0.50   1.28  -0.63   0.26   1.22  -4.03
199703  -6.42  -3.32  -5.27  -5.34  -4.11  -4.61
199704  -4.78  -1.23  -2.47  -0.17   2.24   3.56
199705  10.47   8.22   8.84  11.00   6.73   7.63
199706   1.58   5.55   3.68   3.04   3.64   4.93
199707   3.12   4.68   6.27   4.43   6.74  10.94
199708   3.70   3.58   4.00  -0.15  -1.59  -1.10
199709   8.10   8.26  10.72   4.43   5.53   8.22
199710  -3.58  -0.93  -1.87  -4.41  -3.71  -4.19
199711  -7.53  -0.46  -2.01   0.05   2.03  -0.77
199712  -5.40   1.23   0.55   0.12   2.81   3.69
199801   1.08  -1.37  -1.54  -0.51  -1.13  -1.92
199802   6.57   6.29   6.84   7.93   7.55   8.56
199803   2.89   5.58   6.07   4.30   4.75   5.29
199804   3.07   2.42   2.03   1.07   0.08   1.11
199805  -4.74  -3.47  -3.95  -4.98  -3.29  -4.05
199806  -6.40  -2.36  -0.79  -3.20   1.24   5.21
199807  -8.39  -5.53  -4.95  -6.97  -5.21  -3.68
199808 -22.03 -16.80 -20.38 -19.27 -16.23 -18.25
199809   5.42   3.89   7.43   8.80   4.61   7.80
199810   3.42   1.71   1.85  10.97   7.40   3.79
199811   5.78   5.45   9.14   4.04   4.33   5.61
199812  -0.40   4.14   7.33   0.45   3.88  11.00
199901   7.21   1.89   7.02  -2.26  -1.63   6.70
199902  -4.93  -5.31  -4.62  -3.30  -3.18  -4.29
199903   0.48  -2.15   2.56   3.82   0.55   6.13
199904  10.68   7.63  11.20  14.39   7.62   4.28
199905   4.35   2.63   1.84   0.18   0.27  -2.31
199906   2.16   5.60   5.49   1.68   2.64   7.44
199907   0.38   0.50   0.48  -2.88  -2.79  -0.73
199908  -2.23  -1.90  -0.39  -4.43  -2.84   0.24
199909  -0.82  -0.10   2.37  -5.84  -3.13   0.85
199910  -3.58  -0.95   1.14   2.42   2.41   8.39
199911   4.19   4.39  12.34  -0.62  -0.70  10.97
199912   6.34   6.23  17.55   0.15   4.26  18.95
200001   6.11   3.26  10.65  -4.97  -5.01  -1.45
200002  10.33  11.98  29.50  -6.22  -2.38  23.92
200003   1.85   1.98  -1.56  11.13   9.33  -6.16
200004  -5.42  -3.47 -16.52   2.02  -1.73  -8.42
200005  -4.34  -1.38 -10.24   3.37   0.51  -8.81
200006   2.71   4.46  19.32  -4.94  -0.82  14.19
200007  -1.08  -0.46  -5.41   0.12   1.26  -6.41
200008   3.89   5.89  12.11   6.83   5.92  15.64
200009  -4.20  -0.17  -3.05  -2.49   0.46  -6.19
200010  -6.84  -4.45  -9.10   2.78   0.31  -6.74
200011 -11.55  -6.31 -16.11  -4.64  -4.53 -19.01
200012  -3.06   4.10   4.00   6.31   5.52   9.04
200101  32.82   8.73   6.68  14.77   0.69  -5.81
200102  -9.14  -1.97  -3.37 -14.96  -4.59  -3.07
200103  -9.54  -1.12  -0.78 -13.94  -4.80  -3.13
200104   9.29   5.20   7.59  17.15   7.37   5.12
200105   7.68   6.56   7.12  -2.19   3.42   2.89
200106   0.48   2.94   2.53  -1.96  -1.52  -1.32
200107  -5.76  -1.05  -0.12  -7.40  -0.36   1.26
200108  -6.42  -0.80  -1.87 -10.37  -2.43  -2.86
200109 -17.65  -9.27  -8.99 -19.88  -8.53  -7.40
200110  10.88   4.44   5.32  11.41   0.70   0.77
200111  11.69   5.51   5.28  13.76   7.06   4.09
200112   8.82   5.27   5.66   2.74   3.54   3.69
200201   2.33   3.10   4.27  -3.79  -0.30   0.24
200202  -5.64   1.16  -0.01  -7.38   0.76   1.09
200203  10.06   7.62   8.53   8.52   5.26   4.77
200204  -1.89   2.71   3.47  -7.10  -1.66   0.52
200205  -3.82   0.75   2.66  -2.92  -0.21  -0.97
200206 -11.31  -4.34  -1.88 -15.06  -6.01  -5.43
200207 -15.21 -10.85 -11.60 -12.72  -8.67  -8.58
200208  -1.14   0.84   1.63  -0.05   1.23   1.62
200209 -12.08  -5.33  -4.46 -16.36  -7.56  -5.73
200210   6.61   2.53   3.08   8.71   4.00   3.66
200211  21.55   5.35   4.05  17.72   5.11   1.19
200212  -7.53  -0.51   3.03  -9.89  -3.51  -0.75
200301   1.56   0.82   2.07  -1.47  -1.83  -1.52
200302  -4.01  -1.49   0.14  -2.31  -1.74  -0.21
200303  -0.65  -0.49   0.43   0.25   0.68   0.57
200304  14.52   6.05   5.99  12.51   6.59   5.36
200305  19.24   9.46   8.64  13.05   7.00   7.10
200306   6.96   4.89   4.36   1.96   0.74   1.61
200307   6.63   5.38   6.43   4.01   2.18   1.80
200308   6.39   5.68   7.02   4.25   4.15   4.91
200309   5.52   2.68   3.42  -1.49  -1.20  -1.49
200310   6.75   7.92  11.05   5.21   6.97  10.40
200311   3.85   4.73   5.16   2.33   1.93   3.76
200312   5.97   3.36   4.11   6.19   3.55   0.95
200401   6.68   5.18   7.85   2.40   1.72   3.24
200402   1.65   1.08   1.63   2.53   2.45   1.69
200403   0.19   1.33   0.31  -0.55   0.04   0.13
200404  -3.16  -2.93  -5.62  -1.02  -3.04  -6.35
200405  -1.90   0.09   0.29   1.29   1.61   3.11
200406   2.27   3.74   3.24   1.96   2.45   3.91
200407  -6.33  -4.44  -6.24  -4.21  -3.35  -5.27
200408  -1.70  -0.48  -1.29   0.34  -0.02  -1.28
200409   4.26   5.24   7.27   1.93   3.16   6.28
200410   1.88   2.55   2.77   3.51   1.89   2.26
200411   8.08   7.48   9.44   5.45   5.52   7.66
200412   6.46   3.84   4.58   4.42   3.67   2.56
200501  -5.17  -2.62  -1.38  -4.34  -1.92  -0.47
200502   1.12   1.78   4.91   0.97   2.44   5.50
200503  -3.52  -1.63  -2.09  -1.49  -0.62  -1.59
200504  -7.51  -5.01  -6.23  -4.33  -2.52  -4.92
200505   4.76   3.82   4.67   4.82   4.09   5.14
200506   3.32   3.79   5.14   1.12   1.93   4.40
200507   6.71   5.70   7.27   5.20   4.60   5.59
200508  -0.92   0.15   2.18  -0.97  -0.92   1.66
200509   1.09   1.34   3.22  -0.25   1.23   3.61
200510  -4.60  -3.07  -4.78  -1.76  -2.38  -5.37
200511   2.35   4.62   4.55   4.82   4.61   4.97
200512   1.72   1.70   3.63   0.38   0.95   1.87
200601   9.86   6.69  11.24   3.21   3.69   8.88
200602   1.06   1.37  -0.29   0.78   0.69  -2.19
200603   3.40   3.96   5.69   1.47   1.88   4.41
200604   1.85   1.57   3.91   0.79   1.42   2.71
200605  -3.92  -3.03  -6.10  -1.93  -3.12  -6.12
200606  -2.48  -0.72  -3.00  -1.26  -0.21   0.13
200607  -3.54  -1.31  -2.47  -1.61  -1.26  -4.19
200608   2.57   2.31   2.27   4.30   2.84   0.54
200609  -0.22  -0.24  -1.16   2.53   1.15  -0.45
200610   4.93   4.18   5.18   4.47   3.27   4.38
200611   1.64   1.72   2.23   4.27   2.29   2.88
200612   1.43   1.56   1.79  -0.02   0.75   0.39
200701   2.16   2.12   2.82   3.15   1.79   3.83
200702   0.96   1.23   1.07   0.67   0.24   0.23
200703  -0.32   1.20   2.46   0.17   1.25   3.02
200704   3.34   3.17   5.40   4.63   4.17   3.82
200705   2.40   3.37   3.45   4.97   4.82   4.72
200706  -1.13   0.17   0.07  -1.42  -1.25  -0.92
200707  -5.20  -3.54  -2.27  -4.89  -3.07  -2.90
200708  -3.09  -2.17  -3.31  -0.53   0.15   0.22
200709   1.25   2.67   6.98   2.35   3.55   5.59
200710  -0.12   3.96   7.05   0.54   3.29   5.72
200711 -10.95  -8.47 -10.26  -6.62  -5.08  -5.87
200712  -2.18   0.27   1.37  -3.89  -0.17   1.76
200801  -3.90  -6.61  -9.73  -2.03  -5.43  -9.54
200802  -1.17   0.71   1.55  -6.05  -0.71   2.41
200803  -4.31  -2.01  -4.42  -2.79  -2.02  -2.28
200804   1.79   1.73   3.24   5.94   4.81   6.55
200805   4.17   3.22   5.44   2.56   3.74   6.24
200806 -10.55  -6.18  -3.17 -13.44  -7.73  -1.00
200807  -1.33   0.55  -3.10  -0.05  -0.05  -6.49
200808   1.31   0.98  -2.33   3.80   1.94  -2.03
200809 -13.92  -9.16 -14.42 -12.80  -9.30 -15.90
200810 -28.85 -20.49 -21.83 -23.47 -19.96 -19.52
200811 -18.69 -13.21 -10.22 -12.63  -6.75  -8.00
200812   5.93   3.56   3.83   6.05   2.71   0.18
200901   3.88  -5.12  -7.88  -6.59  -6.28  -6.40
200902 -11.87 -10.25 -10.41 -10.59  -9.28  -8.91
200903  15.41   6.69   7.13  13.20   8.57   5.40
200904  30.60  14.07   7.20  27.70  11.19   3.03
200905  19.31   9.05   5.53  12.07   5.31   2.20
200906   1.05   2.18   2.60  -2.93   0.06   1.40
200907  11.03   8.13   7.94  11.58   8.50   6.95
200908  11.54   2.52   0.87   8.78   2.91   2.03
200909  11.67   6.28   5.92   8.12   4.89   4.67
200910  -5.09  -4.27  -5.00  -4.85  -3.47  -3.75
200911   1.15   2.93   6.08   5.16   4.85   7.03
200912   6.35   7.19   7.53   4.24   4.85   5.87
201001   1.39  -0.20  -1.41  -1.73  -3.06  -5.09
201002   2.25   3.90   5.80   2.84   4.45   6.97
201003   7.55   7.74   9.56   5.58   6.23   9.01
201004   8.63   5.45   7.98   2.79   2.34   3.92
201005  -8.63  -7.40  -8.58  -7.33  -6.96  -8.23
201006  -7.36  -5.40  -7.51  -4.94  -4.46  -8.26
201007   6.13   6.19   7.58   6.58   6.70   7.69
201008  -6.52  -5.68  -4.94  -5.16  -3.98  -3.72
201009  11.59  11.18  13.26  10.80   9.89  10.95
201010   3.93   5.28   6.27   2.99   3.82   5.01
201011   2.43   3.10   5.48   0.72   1.58   3.83
201012  10.44   8.66   8.90   8.57   6.77   5.45
201101   2.36   1.36   0.97   3.39   1.42   1.40
201102   5.71   5.57   6.23   4.01   4.60   5.38
201103  -0.65   2.10   1.13   0.73   1.48   2.20
201104   1.91   1.76   1.90   2.89   3.48   2.73
201105  -3.25  -2.57  -2.96  -0.58  -1.00  -1.96
201106  -4.61  -2.11  -3.68  -2.80  -1.71  -1.06
201107  -1.95  -1.29  -0.66  -3.13  -3.42  -2.34
201108 -10.23  -7.60  -9.56  -6.59  -5.68  -8.20
201109 -12.07 -10.62 -14.75  -8.96  -9.12 -13.27
201110  12.33  12.48  13.97  13.99  12.34  13.01
201111  -5.27  -0.08  -1.15  -2.50   0.09   0.47
201112  -0.45   0.96  -0.03  -1.29   0.05  -0.62
201201  12.41   6.58   5.67   9.63   5.01   3.07
201202   4.38   3.30   3.91   4.99   3.82   4.45
201203   0.81   2.68   1.79   0.27   1.49   1.05
201204  -3.23  -0.89  -0.33  -2.59   0.20   0.57
201205 -11.09  -5.46  -5.22 -11.84  -6.80  -5.19
201206   2.66   3.86   4.27   3.31   3.39   2.38
201207  -0.65   0.59   0.56  -0.21   0.89   0.98
201208   4.62   2.28   3.12   4.33   3.52   2.21
201209   5.14   3.23   3.42   3.76   2.21   1.90
201210  -3.94  -2.07   0.01  -0.20  -0.65  -1.30
201211  -2.10  -0.12   0.50   0.63   1.51   1.64
201212   3.48   3.08   2.69   3.17   1.61   1.62
201301   6.60   6.02   7.06   6.44   6.18   6.79
201302  -3.33   0.27   0.31  -0.88   1.75   1.32
201303   1.55   3.79   5.34   3.62   4.00   5.36
201304  -3.65  -0.47   0.73  -0.01   1.38   0.81
201305   3.03   3.49   3.64   3.18   2.26   2.89
201306  -3.27   0.52   0.42  -2.07  -0.83  -2.23
201307   8.09   6.96   8.23   5.68   6.01   6.97
201308   0.18  -2.41  -2.09  -1.83  -2.67  -2.51
201309   3.53   6.20   6.97   3.80   4.64   6.33
201310   0.62   3.50   3.44   2.64   4.41   3.81
201311  -0.20   4.39   5.54   0.48   2.27   2.76
201312   2.60   2.16   2.95   2.65   2.78   3.33
201401   3.17  -2.19  -1.50  -2.56  -3.42  -1.35
201402   6.00   4.20   5.42   4.41   5.13   6.51
201403  -0.32   1.47  -0.48   1.04   0.64  -2.19
201404  -1.09  -2.35  -3.92   1.87  -0.52  -2.61
201405  -0.32   0.26  -0.17   0.90   2.03   2.53
201406   5.59   4.87   5.55   3.72   3.74   4.30
201407  -3.97  -4.58  -5.22  -1.91  -3.32  -3.75
201408   2.05   3.81   4.38   4.43   4.54   5.11
201409  -7.56  -5.57  -5.74  -4.09  -3.54  -3.55
201410   0.01   3.10  -0.23   1.39   3.34   0.35
201411  -2.23  -0.63  -0.66   1.11   2.04   2.23
201412  -0.06   1.33   1.32  -0.68   0.93   0.07
201501  -5.87  -3.58  -4.43  -4.97  -3.01  -0.78
201502   7.77   5.49   7.25   7.42   5.78   6.28
201503  -2.34   1.59   1.56  -2.11  -0.04   0.77
201504   4.98  -0.61  -2.23   4.92  -0.19  -2.27
201505  -1.99   0.79   3.18  -2.87   1.92   3.35
201506  -1.53   1.00  -0.15  -3.48  -1.75  -0.18
201507  -9.35  -1.58  -0.89  -5.25   2.15   2.74
201508  -3.55  -3.45  -5.87  -4.88  -5.54  -6.42
201509  -8.60  -2.21  -3.90  -7.21  -2.45  -3.26



  Average Value Weighted Returns -- Annual
           Small                 Big
       Low    2      High   Low    2      High
1991  32.31  35.86  63.10  27.31  29.50  42.87
1992   8.99  21.14  25.53   8.33   7.36   6.60
1993  13.70  21.09  37.18   1.65   8.49  27.19
1994  -6.20  -1.60  -0.90   0.87   0.31  -3.32
1995  18.91  30.45  46.63  33.56  35.03  38.32
1996  15.76  23.16  26.89  21.72  24.07  20.53
1997  12.84  32.92  32.00  23.85  31.33  31.80
1998 -13.17   0.05   9.18  13.40  20.31  41.22
1999   9.83   6.15  71.12   2.10   8.16  53.10
2000  -6.91  17.89   1.54   0.73  -5.59 -24.35
2001   9.16  15.10   8.96 -18.80  -9.49 -10.61
2002 -35.18  -9.04  -3.28 -32.16 -18.21 -10.57
2003  71.19  42.81  56.92  46.93  20.26  33.71
2004  18.25  22.55  21.63  13.13   9.69  14.27
2005  -0.97   9.34  18.14   1.10   7.82  21.56
2006  17.94  17.63  15.53  18.41  14.66  11.12
2007  -9.20   2.22  10.83  -1.99  10.94  19.91
2008 -46.84 -36.25 -42.50 -47.16 -32.29 -39.88
2009  99.30  38.31  14.94  58.58  29.02  16.23
2010  31.89  30.82  38.70  18.33  10.62  26.39
2011 -13.99   0.22  -4.19  -4.30   4.97  -5.54
2012  14.93  15.22  21.17  16.83  13.47  16.58
2013  27.18  37.09  47.04  24.78  34.26  36.85
2014   1.99   3.66  -1.33  10.31  13.12  11.35



  Average Equal Weighted Returns -- Annual
           Small                 Big
       Low    2      High   Low    2      High
1991  38.56  39.15  61.63  28.03  32.42  46.29
1992  24.91  33.08  41.81   8.24  13.80  15.99
1993  35.83  37.04  58.14   9.47  12.33  26.97
1994  -6.52   0.78   1.77   0.70  -3.48  -1.60
1995  22.73  35.90  47.37  27.10  30.20  36.10
1996  26.91  32.00  39.28  16.69  19.69  20.84
1997   4.47  35.57  31.85  16.09  26.89  30.39
1998 -16.42  -2.55   5.23  -1.33   5.52  18.18
1999  25.65  19.13  71.14   1.86   2.91  70.35
2000 -12.86  14.98   2.82   7.90   8.14  -8.62
2001  26.35  25.63  26.30 -18.28  -0.73  -6.50
2002 -21.44   1.62  11.88 -37.67 -12.08  -8.88
2003  98.96  60.74  76.63  52.82  32.46  37.86
2004  18.78  24.37  25.47  19.19  16.93  18.36
2005  -1.69  10.43  22.01   3.65  11.70  21.37
2006  16.99  19.18  19.72  18.04  13.99  10.98
2007 -12.94   3.33  14.37  -1.60   9.59  20.18
2008 -54.54 -40.15 -45.49 -46.02 -34.60 -42.02
2009 134.86  43.70  28.26  79.80  34.44  19.51
2010  33.45  35.52  47.51  21.87  24.05  28.06
2011 -17.12  -1.92 -10.88  -2.66   0.95  -4.51
2012  11.10  17.78  21.85  14.60  16.86  13.85
2013  16.06  39.78  51.09  25.93  36.86  41.29
2014   0.45   3.10  -2.03   9.63  11.64   7.23



  Number of Firms in Portfolios
              Small                 Big
          Low    2      High   Low    2      High
199011   1907    823    649    247    330    245
199012   1902    964    646    245    330    243
199101   2065    781    697    251    330    247
199102   2162    694    657    254    338    249
199103   2094    714    656    259    348    258
199104   2116    745    662    266    356    264
199105   2088    703    734    266    364    264
199106   1854    816    860    268    364    266
199107   1931    784    829    272    368    271
199108   1875    760    924    272    369    270
199109   1843    890    821    279    371    273
199110   1823    851    859    278    375    275
199111   1603    982    932    284    376    282
199112   1468    968   1089    283    378    281
199201   1344    957   1222    280    372    277
199202   1558    891   1002    297    398    296
199203   1397    941   1181    298    402    298
199204   1437    909   1146    301    403    301
199205   1471    862   1215    293    393    289
199206   1567    769   1237    295    396    290
199207   1574    810   1228    292    392    293
199208   1517    847   1282    295    393    294
199209   1628    799   1250    296    397    293
199210   1723    661   1294    296    398    295
199211   1735    754   1208    306    403    304
199212   1852    717   1149    310    416    308
199301   1620    727   1385    320    422    315
199302   1923    714   1190    324    435    322
199303   1863    762   1249    323    432    322
199304   1912    788   1228    334    441    327
199305   1781    793   1431    333    440    330
199306   1663    842   1493    341    453    337
199307   1648    847   1611    347    462    344
199308   1668    914   1724    356    469    352
199309   1585   1006   1691    360    478    355
199310   1607   1027   1643    368    496    367
199311   1513   1046   1755    377    499    374
199312   1451   1037   1825    377    497    373
199401   1551    993   1793    386    510    385
199402   1782   1093   1507    390    518    385
199403   1643   1172   1558    395    532    392
199404   1581   1218   1641    404    537    397
199405   1647   1245   1592    406    537    397
199406   1777   1101   1626    401    536    394
199407   1880    984   1677    405    537    397
199408   1927   1078   1618    399    534    395
199409   1948   1096   1596    405    535    397
199410   2087   1186   1371    407    547    404
199411   2133   1203   1361    404    542    398
199412   2236   1183   1320    406    543    399
199501   2247   1136   1441    407    541    403
199502   2513   1063   1301    400    534    395
199503   2638   1016   1246    404    531    393
199504   2767    993   1161    403    530    395
199505   2782   1024   1228    401    522    391
199506   2703   1028   1344    397    521    387
199507   2799   1046   1225    412    540    406
199508   2604   1117   1320    414    553    409
199509   2530   1105   1425    420    565    416
199510   2633   1104   1344    419    558    414
199511   2564   1143   1421    405    539    400
199512   2620   1175   1336    403    537    394
199601   2640   1109   1366    411    544    401
199602   2647   1094   1418    401    536    394
199603   2600   1124   1432    409    541    400
199604   2458   1210   1458    417    555    407
199605   2487   1179   1455    432    571    423
199606   2242   1258   1604    438    586    436
199607   2257   1145   1732    432    572    428
199608   2424   1058   1705    423    561    414
199609   2516   1170   1469    437    575    424
199610   2546   1182   1457    424    570    423
199611   2517   1191   1523    426    568    418
199612   2409   1279   1623    419    556    411
199701   2485   1343   1460    430    565    423
199702   2499   1324   1509    419    559    415
199703   2463   1371   1542    416    553    412
199704   2636   1166   1601    415    554    404
199705   2837   1150   1485    396    528    387
199706   3084   1256   1125    404    546    403
199707   2971   1328   1170    410    545    401
199708   2924   1359   1224    404    533    393
199709   3042   1319   1078    418    556    412
199710   2797   1261   1368    425    571    423
199711   2636   1323   1515    431    567    418
199712   2498   1212   1872    409    539    399
199801   2764   1245   1543    403    537    398
199802   2995   1268   1317    396    525    387
199803   2996   1248   1324    397    518    390
199804   2971   1429   1147    394    521    386
199805   2756   1403   1362    394    522    389
199806   2777   1322   1449    382    509    380
199807   2919   1322   1346    366    484    357
199808   3012   1393   1228    346    452    341
199809   3314   1373    956    327    429    321
199810   3361   1486    797    315    423    316
199811   3618   1388    683    304    406    298
199812   3708   1317    701    300    402    295
199901   3674   1172    852    298    397    293
199902   3780   1246    695    284    382    281
199903   3457   1496    782    275    367    272
199904   3609   1467    682    267    354    262
199905   3714   1425    594    274    361    271
199906   3851   1171    661    283    382    280
199907   3665   1140    888    289    380    277
199908   3471   1247    929    293    384    285
199909   3084   1425   1108    286    378    278
199910   2896   1580   1088    292    384    283
199911   2360   1872   1372    269    347    260
199912   2733   1717   1089    271    356    264
200001   2570   1749   1228    267    353    259
200002   2683   1794   1043    269    353    263
200003   2550   1997    974    277    367    272
200004   1679   2339   1515    271    360    270
200005   2092   1988   1463    265    345    261
200006   2506   1761   1265    264    349    258
200007   2782   1715   1019    268    355    262
200008   2590   1780   1162    269    350    264
200009   2689   1772   1059    266    348    260
200010   2915   1567   1006    267    357    263
200011   2602   1745   1164    257    340    255
200012   2909   1516   1063    250    328    244
200101   2890   1645    896    257    336    250
200102   3167   1450    759    263    346    258
200103   3185   1494    665    263    350    255
200104   2952   1480    897    262    350    260
200105   2626   1537   1142    262    349    260
200106   2649   1275   1294    268    356    266
200107   2566   1450   1131    279    371    274
200108   2492   1368   1297    271    356    264
200109   2562   1266   1295    272    356    268
200110   2455   1332   1369    254    338    249
200111   2193   1400   1507    261    349    256
200112   2008   1176   1863    261    349    260
200201   1877   1054   2050    272    367    266
200202   2188   1075   1691    270    359    267
200203   2053   1050   1817    268    359    264
200204   2018   1159   1693    277    369    276
200205   1949   1010   1834    289    386    286
200206   1879   1105   1785    283    379    280
200207   1959   1064   1697    287    387    286
200208   1834   1026   1839    270    366    266
200209   1925   1125   1628    270    363    267
200210   1827   1180   1594    275    365    272
200211   1803   1093   1684    268    356    265
200212   1779   1122   1639    274    369    270
200301   1954    950   1623    277    369    273
200302   1910    953   1626    277    369    274
200303   1769    957   1744    273    365    273
200304   1849    935   1671    271    363    268
200305   1941    943   1562    274    367    269
200306   1904    997   1504    287    384    283
200307   1885   1082   1423    290    388    287
200308   1532   1134   1694    299    399    295
200309   1381   1146   1788    304    411    302
200310   1446   1203   1654    306    407    302
200311   1171   1142   1957    311    418    307
200312   1177   1137   1926    316    427    316
200401   1153   1183   1905    318    423    316
200402   1302   1096   1814    325    433    319
200403   1154   1156   1877    323    432    318
200404   1171   1134   1848    330    441    325
200405   1071   1147   1933    319    429    319
200406   1214   1070   1855    319    432    317
200407   1477   1038   1576    325    432    321
200408   1615    993   1475    319    423    317
200409   1754    932   1395    319    419    311
200410   1917    954   1192    325    432    322
200411   1928    901   1219    330    433    319
200412   1895    919   1192    338    445    333
200501   1834    937   1226    340    451    336
200502   2022    879   1087    339    448    334
200503   2020    929   1039    340    447    335
200504   2009    974   1019    339    443    331
200505   2081    914   1043    326    431    320
200506   2060    976    986    332    437    325
200507   2119    906    981    343    449    335
200508   1943   1032   1041    346    459    342
200509   1872   1094   1056    347    461    334
200510   1896   1056   1047    348    458    343
200511   1865   1150   1012    342    453    336
200512   2069   1040    911    341    454    338
200601   2134   1053    886    347    464    343
200602   2065   1035    912    362    477    356
200603   1828   1159   1038    361    483    355
200604   1781   1158   1044    367    488    361
200605   1545   1222   1222    368    493    364
200606   1478   1204   1321    361    482    358
200607   1681   1119   1232    361    478    358
200608   1791   1082   1208    350    473    347
200609   1835   1066   1193    352    473    349
200610   1866   1038   1218    350    466    343
200611   1907   1022   1160    355    473    349
200612   1792   1012   1294    351    471    344
200701   1968    954   1178    353    470    349
200702   2010    993   1085    353    468    344
200703   2108   1005    976    352    472    351
200704   2196    949    952    357    467    346
200705   2199   1008    905    351    464    347
200706   2274    937    907    355    468    349
200707   2300    861    943    354    466    349
200708   2247    869   1003    346    458    337
200709   2243    885    996    341    450    333
200710   2284    894    963    335    440    325
200711   2320    873    930    336    439    326
200712   2307    901    943    324    425    313
200801   2470    925    767    320    429    314
200802   2374    968    804    319    422    312
200803   2478    945    741    317    424    312
200804   2378   1055    745    312    419    306
200805   2370   1037    748    309    410    302
200806   2452   1092    618    310    417    305
200807   2500   1113    566    305    402    304
200808   2346   1209    618    307    406    304
200809   2242   1178    700    312    416    309
200810   2375    953    789    310    404    299
200811   2300   1042    813    284    382    277
200812   2320    962    896    268    359    260
200901   2493    916    752    270    366    266
200902   2518    837    794    270    366    267
200903   2458    977    701    267    355    260
200904   2418    968    712    270    358    264
200905   2232    988    787    286    384    284
200906   2121   1006    872    289    388    285
200907   2101    834   1020    292    391    287
200908   2024    903    989    296    398    290
200909   1992    865   1046    295    395    291
200910   1988    845   1046    304    401    296
200911   1722    867   1277    296    389    286
200912   1478    868   1500    289    382    282
201001   1529    891   1347    297    398    294
201002   1449    992   1297    297    400    295
201003   1335    966   1402    300    398    297
201004   1352    959   1361    303    405    300
201005   1488    797   1323    314    416    309
201006   1487    798   1303    315    416    312
201007   1477    840   1267    308    415    306
201008   1539    738   1283    311    418    304
201009   1571    853   1134    307    409    301
201010   1681    851    998    312    412    302
201011   1571    811   1138    313    417    304
201012   1478    860   1141    319    426    312
201101   1394    941   1108    321    429    319
201102   1455    895   1107    316    420    313
201103   1497    868   1059    319    424    316
201104   1522    834   1064    322    428    317
201105   1684    812    933    319    428    314
201106   1692    844    891    320    424    312
201107   1731    791    883    316    419    309
201108   1742    767    901    314    418    309
201109   1552    837   1035    306    410    302
201110   1685    811    960    297    395    291
201111   1747    903    786    302    404    297
201112   1919    787    731    298    404    294
201201   1991    827    620    300    402    293
201202   1980    823    610    300    402    291
201203   1979    821    613    301    401    292
201204   1950    820    602    299    399    287
201205   1877    818    719    297    399    293
201206   1838    842    737    294    387    287
201207   1758    954    723    291    388    290
201208   1773    945    709    286    381    280
201209   1723    798    852    274    366    272
201210   1652    799    900    275    367    272
201211   1575    746   1027    273    368    272
201212   1617    746    950    274    365    270
201301   1680    710    917    279    368    276
201302   1696    718    857    275    368    274
201303   1761    655    873    273    364    272
201304   1768    717    749    273    370    274
201305   1725    655    858    270    363    270
201306   1791    674    776    277    370    274
201307   1671    784    747    276    369    274
201308   1597    720    842    278    373    276
201309   1601    694    869    283    375    280
201310   1612    702    827    286    382    283
201311   1538    695    900    282    379    281
201312   1499    708    900    284    382    282
201401   1439    713    931    288    379    283
201402   1429    709    926    288    378    283
201403   1341    818    892    289    382    287
201404   1380    788    904    283    379    283
201405   1293    811    982    283    379    284
201406   1487    718    916    284    380    282
201407   1598    748    766    290    393    287
201408   1578    732    813    285    382    284
201409   1696    699    727    288    383    282
201410   1807    610    754    278    372    274
201411   1816    636    707    281    374    280
201412   2283    753    796     87    117     86
201501   1943    640    580    283    376    276
201502   1936    610    510    276    368    272
201503   1864    715    567    277    368    275
201504   1960    684    498    280    374    274
201505   1737    771    654    279    369    276
201506   1724    751    682    280    375    276
201507   1824    734    579    286    379    279
201508   1704    763    702    273    362    270
201509   1756    791    610    275    367    269



  Average Firm Size
                       Small                                Big
              Low         2           High        Low         2           High
199011       56.78       84.95       78.65     1785.31     2517.17     4420.02
199012       59.79       85.03       83.97     1821.50     2594.48     4949.21
199101       59.16       94.09       90.99     1862.86     2959.21     4578.26
199102       59.14      104.87      107.74     1967.62     2821.75     4970.75
199103       63.43      114.98      116.48     2077.24     3423.44     4509.99
199104       64.54      114.67      119.29     2117.43     3417.16     4546.96
199105       63.72      122.57      113.15     2392.39     3511.69     4059.59
199106       67.79      114.36      108.03     2689.71     3829.64     3706.74
199107       63.83      118.90       98.82     2977.56     3124.48     3754.31
199108       66.23      115.71      106.76     3167.45     3773.10     3181.67
199109       62.86      115.49      119.06     3304.14     3727.44     3276.26
199110       65.29      110.31      117.46     3655.54     3537.99     2990.17
199111       63.79      105.43      116.78     4056.64     3786.84     2332.10
199112       62.28       99.40      103.71     3457.02     3987.30     2195.79
199201       71.70      112.17      103.05     3695.76     4142.06     3099.14
199202       71.26      113.05      111.97     3080.22     3913.21     3226.88
199203       72.14      108.31      105.31     3240.22     4084.51     2900.52
199204       76.05      107.87       98.67     3554.64     3727.57     2782.26
199205       74.42      113.21       98.48     3526.61     4256.11     2605.69
199206       77.38      113.46       96.95     3019.86     4519.49     2748.39
199207       74.07      113.62       94.76     2854.49     4657.12     2649.39
199208       76.01      116.61       95.26     2761.31     4970.47     2741.23
199209       77.22      116.69       90.06     2667.48     4960.41     2494.81
199210       80.24      118.17       91.82     2587.33     4879.74     2776.42
199211       81.10      113.34       91.33     2886.33     4405.50     2982.85
199212       80.89      124.65       97.84     3211.42     4372.19     2841.87
199301       82.36      124.36       95.75     3691.81     4310.12     2449.98
199302       82.82      118.86       99.17     2847.84     4633.45     2700.56
199303       82.05      118.07       97.06     3131.50     4431.42     2830.79
199304       85.28      120.04       98.36     3171.71     4201.13     3188.18
199305       81.79      111.40       97.18     3466.20     4200.30     2618.47
199306       83.03      118.69       96.54     3811.73     3800.71     2838.80
199307       79.56      118.49       98.37     3899.14     3742.75     2747.71
199308       78.24      116.71       90.86     3686.71     3792.48     2654.65
199309       81.68      117.36       92.75     4028.06     3678.18     2719.74
199310       82.03      116.66       89.96     4180.54     3382.81     2623.45
199311       86.57      110.96       92.08     3926.58     3643.39     2579.78
199312       86.08      111.40       87.61     3810.23     3457.50     2770.91
199401       87.93      113.74       86.54     3357.83     3842.29     2699.74
199402       85.46      115.44       90.44     3343.12     4181.75     2505.48
199403       83.12      107.68       90.71     3600.00     3774.49     2303.59
199404       77.31      103.71       86.33     3344.43     3723.50     2030.95
199405       74.40      104.91       88.04     3161.81     3919.04     2034.47
199406       76.26      103.93       90.91     2985.54     4119.53     2070.84
199407       70.90      107.12       88.94     2671.17     3781.11     2526.58
199408       74.22      111.15       88.50     2546.13     4015.07     2742.06
199409       80.70      110.05       91.67     2607.41     4097.58     2960.73
199410       78.55      108.61       92.72     2861.25     3533.76     3095.64
199411       78.86      106.21       95.44     3073.28     3726.14     2881.42
199412       76.55      103.25       90.44     2480.65     3923.80     2739.59
199501       76.56      102.31       93.99     2197.85     3572.66     3662.07
199502       73.29      110.86      100.47     2521.81     3753.57     3439.78
199503       77.37      111.47      107.12     2320.00     3563.89     4377.23
199504       78.36      117.94      114.07     2274.93     4096.76     4019.99
199505       79.70      121.55      117.20     2196.97     4188.98     4352.44
199506       80.33      121.72      123.06     2724.92     4238.78     4232.70
199507       82.83      119.03      125.72     2808.67     3792.40     4694.79
199508       86.10      117.29      132.79     2730.50     4304.19     4360.67
199509       87.74      113.63      131.10     2694.09     4496.37     3992.43
199510       88.79      125.13      134.76     2859.67     4854.06     3924.84
199511       86.14      122.82      131.09     2593.26     5074.96     4188.61
199512       91.74      127.45      131.46     2999.64     5064.78     4368.20
199601       93.65      130.73      129.73     2871.34     4820.73     4823.26
199602       90.99      133.05      141.42     2748.56     5786.32     4349.48
199603       95.10      141.22      130.39     2562.77     5426.12     5057.49
199604       96.16      136.58      132.52     2748.07     5391.78     4785.01
199605      100.67      137.96      136.10     2843.84     5559.31     4364.72
199606      102.03      138.70      137.46     2919.81     6263.36     3365.00
199607      105.21      140.10      132.01     2980.56     5889.16     4113.31
199608      100.80      131.20      123.31     2731.57     4982.17     5154.89
199609      103.56      137.05      127.26     2635.14     4660.52     5773.64
199610      108.69      146.53      131.80     3231.51     5632.84     4807.19
199611      105.95      149.68      135.11     3384.43     5829.92     4755.26
199612      114.66      153.24      139.22     3579.49     5629.46     6280.32
199701      114.49      154.31      136.41     3547.59     5948.77     5261.17
199702      113.62      160.50      153.41     4073.95     6658.65     4964.81
199703      110.27      163.76      148.52     3829.68     5806.58     6512.84
199704      110.18      157.54      139.81     3415.35     5721.15     6323.75
199705      116.51      160.85      145.41     3513.31     5358.67     8482.74
199706      125.15      180.65      160.83     3580.17     5262.90     9216.67
199707      122.55      192.28      184.43     3746.92     6007.10     8872.85
199708      126.82      203.75      205.57     4314.73     7366.17     8526.38
199709      126.51      198.01      204.26     3353.30     6658.33     8664.41
199710      132.23      206.69      209.82     4313.89     8007.88     6566.78
199711      120.57      202.35      200.48     4283.48     8282.23     5578.24
199712      121.38      205.31      200.40     4738.45     9175.01     5607.72
199801      131.79      215.28      199.24     3989.53     8651.68     7717.33
199802      125.29      225.96      218.70     5006.52     9208.25     6588.93
199803      135.55      230.62      245.61     6243.56     8384.60     8339.33
199804      132.67      261.21      262.94     6239.65     9813.34     7907.50
199805      136.25      247.80      260.02     7872.12     9513.03     6915.79
199806      141.67      241.18      233.08     5956.99    10680.34     7440.18
199807      159.64      248.10      222.40     5846.54    12031.12     8327.25
199808      151.87      239.15      226.53     5963.57    11557.95    10026.83
199809      129.73      207.01      189.09     4781.74     7153.71    13664.73
199810      141.53      213.37      218.68     4768.04     7797.06    15076.14
199811      150.17      241.36      258.11     5041.83     9213.22    16901.67
199812      150.35      275.42      292.82     4723.38    11070.21    16970.39
199901      165.19      279.60      289.08     4687.89     9711.19    21263.76
199902      169.12      294.59      322.42     5167.26    13974.01    18311.73
199903      170.59      256.11      275.80     5161.40    11512.70    21586.49
199904      179.49      264.95      288.71     5569.32    12477.75    23072.54
199905      185.21      293.12      316.10     5143.76    12505.51    24228.47
199906      182.89      310.48      306.86     6146.09    13684.06    18831.94
199907      188.72      315.52      311.11     7618.06    13170.22    20262.15
199908      174.78      302.45      302.44     7565.63    13350.67    18016.80
199909      166.78      293.28      287.41     8896.35    14576.32    15476.40
199910      177.07      253.92      268.97     8085.48    13540.14    15886.73
199911      181.13      266.69      264.58     8854.90    17048.92    17352.92
199912      195.41      264.57      290.15     7957.34    15763.02    20446.07
200001      226.32      267.19      305.73     8118.93    22019.12    16477.07
200002      192.28      287.15      325.15    11571.18    19041.06    14426.75
200003      211.03      277.07      348.44     9919.93    20219.87    13501.29
200004      237.04      247.24      338.43    12209.61    19941.11    16970.50
200005      223.25      259.11      305.62    10638.85    20430.20    17326.17
200006      206.45      262.10      320.84    11831.00    17607.08    18570.25
200007      216.14      293.14      345.75    13902.21    18907.40    15588.63
200008      206.89      289.51      339.35    10814.73    19187.78    18761.76
200009      209.35      324.54      392.68    15532.42    17713.31    21174.99
200010      205.65      315.25      385.05    14366.66    18033.47    18718.58
200011      197.30      302.50      362.09    17299.62    20180.77    13576.25
200012      177.56      299.89      353.56    15191.14    21126.80    10775.49
200101      186.28      313.95      369.56    15095.28    19006.37    13397.74
200102      186.12      335.41      472.12    19293.49    19670.99     8641.54
200103      167.14      335.82      419.33    14182.59    18732.87     9509.03
200104      160.62      301.27      348.21    17560.13    14410.16     8597.39
200105      177.88      310.40      350.39    17264.58    17854.13     8404.47
200106      182.90      311.53      369.89    16923.73    17743.21     8219.16
200107      188.30      320.58      354.12    18286.33    14431.11     8598.09
200108      180.05      318.25      342.66    19258.52    15003.08     7695.16
200109      180.14      312.86      312.86    14993.56    16331.44     7280.81
200110      159.27      275.21      287.47    17657.72    14219.39     6002.40
200111      180.52      268.48      274.16    14001.66    16023.17     6745.99
200112      194.23      289.54      292.51    16879.77    15582.63     7942.62
200201      220.44      294.63      281.80    14215.25    15372.85     9727.87
200202      191.17      319.07      304.50    15646.12    16326.73     6662.88
200203      196.02      313.03      283.01    14729.67    14987.87     8675.70
200204      209.04      334.32      290.28    14745.47    17085.97     6370.61
200205      205.28      305.62      286.57    15683.30    13018.03     6925.64
200206      193.79      308.79      288.41    17790.87    11702.77     6969.34
200207      190.89      320.03      246.70    15283.16    10602.40     7193.44
200208      170.84      291.34      232.90    14987.82    10870.34     6228.58
200209      185.13      292.57      220.09    12892.00    12028.47     7114.00
200210      164.96      251.16      213.36    13023.24     9651.21     5955.70
200211      176.00      278.17      227.44    15018.43    10107.03     6742.34
200212      198.45      296.58      233.63    13076.88    12212.58     7085.25
200301      193.71      302.62      213.87    11938.50    11422.43     7025.36
200302      185.18      286.12      219.66    11080.02    11919.04     6399.82
200303      189.47      281.06      207.49    11159.22    11430.21     6759.70
200304      201.87      293.43      201.03     8922.77    13595.08     6655.53
200305      214.71      326.87      222.27     8263.48    14340.86     8746.72
200306      217.48      327.04      263.91     8508.04    12420.95    11581.88
200307      229.89      341.44      248.77    10959.57    12694.13     8903.32
200308      234.07      320.72      270.83    11589.55    12637.57     8063.44
200309      235.17      337.12      276.59    13472.91    10967.92     8467.10
200310      249.61      315.15      275.86    11542.89    12949.31     7531.52
200311      279.52      352.10      276.36    16220.90    10765.00     7315.57
200312      278.94      370.94      279.08    15958.20    11046.76     6845.20
200401      279.91      368.87      303.92    16926.82    10562.02     8266.16
200402      271.86      372.57      333.49    16293.18    10843.60     8558.35
200403      276.43      380.11      333.04    16596.08    11423.33     8253.81
200404      285.48      369.75      333.71    17098.35    10067.98     8202.65
200405      294.64      368.56      308.93    17021.87    11654.86     6561.11
200406      303.23      381.95      307.60    14774.15    13176.28     7150.43
200407      302.10      383.80      333.26    16923.24    12381.56     6242.79
200408      278.26      379.47      329.53    16856.35    11572.48     6904.41
200409      281.92      382.03      330.93    11592.36    15372.79     7413.19
200410      270.41      398.35      371.58    12773.16    13954.61     7788.98
200411      271.00      409.96      385.32    13116.77    13180.02     8832.34
200412      283.35      427.00      415.17    13118.81    13214.24     9208.30
200501      272.99      448.16      444.24    15385.39    13242.59     7875.46
200502      271.87      446.58      439.26    15102.39    13206.15     7351.12
200503      280.26      451.26      446.99    13909.00    14695.35     7488.06
200504      278.94      428.08      437.91    13711.89    12951.62     9591.93
200505      264.01      432.87      419.34    16209.58    12126.48     8359.58
200506      292.05      422.09      425.03    13476.22    13928.18     9469.36
200507      291.89      436.87      439.74    13014.70    13603.43     9567.94
200508      280.91      464.40      463.75    17044.89    12056.34     8485.98
200509      269.79      459.84      464.37    17878.26    11278.99     8516.96
200510      293.04      451.85      449.87    15748.53    12392.31     9293.31
200511      291.76      432.78      426.21    17326.73    10991.23     9580.74
200512      325.07      446.23      436.95    14358.17    14097.51    10029.67
200601      307.35      461.68      469.51    13480.82    14613.29    10001.30
200602      331.82      478.48      468.30    14528.68    13640.72    10028.92
200603      300.25      491.08      462.99    16372.16    12564.70     9382.67
200604      324.14      477.55      469.78    14541.58    14445.69     8593.43
200605      310.74      459.88      487.98    17790.97    12100.62     8737.16
200606      326.57      437.80      441.50    14071.65    14590.80     8589.42
200607      347.98      413.68      426.40    12596.70    15678.95     8561.82
200608      332.73      431.01      421.78    12601.51    15232.61     9784.29
200609      336.33      441.49      442.99     9498.37    17212.69    10985.09
200610      327.21      467.56      448.77     9693.82    17567.63    11581.21
200611      347.48      494.85      450.43    10526.14    17126.76    12173.92
200612      352.63      468.14      480.51    11628.14    16179.68    13406.96
200701      332.67      494.29      502.87    11442.49    16807.36    12855.83
200702      357.04      502.54      481.95     9913.65    15502.34    17292.69
200703      359.24      508.35      465.24    10496.63    16490.85    14209.20
200704      369.60      521.21      471.09     9533.00    20138.69    11027.16
200705      373.57      547.41      492.96    10492.78    19853.22    12426.22
200706      384.95      564.11      518.80    10578.37    19418.49    14490.54
200707      372.44      564.26      523.16    12462.70    19914.70    11227.37
200708      354.53      537.46      514.42    14820.28    18660.46     9724.84
200709      374.67      513.02      484.80    14991.33    18907.12    10330.84
200710      354.86      583.24      537.96    15547.09    19372.07    12174.27
200711      374.89      579.82      540.86    15726.66    18087.59    14763.08
200712      349.45      553.76      500.33    13772.49    20053.72    12993.90
200801      342.04      556.35      529.26    12216.34    20171.02    13867.70
200802      319.67      504.35      489.13    12013.79    16376.89    16261.46
200803      303.27      510.13      490.65     9963.48    15530.09    18277.66
200804      317.72      469.56      462.51     9523.25    17057.81    16171.19
200805      313.73      499.26      547.14    10442.84    16296.78    19540.74
200806      323.72      527.39      570.50    10854.24    17320.05    18418.30
200807      288.85      498.25      566.68    11037.82    16203.00    16714.62
200808      285.98      460.40      583.23    11931.79    16809.66    13833.29
200809      288.59      474.98      547.51    11926.25    15990.85    14380.82
200810      250.58      449.51      527.72    11106.31    15848.79    11755.76
200811      194.50      361.38      434.10     8959.13    12222.24    13184.56
200812      170.14      333.78      419.31     7792.89    11182.59    14681.22
200901      181.64      353.85      438.54     7777.25    11226.62    14169.36
200902      164.29      332.55      418.01     6579.97    11021.44    12877.26
200903      150.33      283.64      389.68     5847.38    10476.81    11540.29
200904      174.67      302.98      393.70     6530.96    12074.64    10975.47
200905      194.18      326.77      425.66     7808.84    12852.62     9773.58
200906      199.77      354.62      445.33     8313.98    14229.08     9598.62
200907      210.33      367.77      410.04     7746.86    13378.76    11009.54
200908      240.51      404.80      412.41     8512.60    14238.49    11567.40
200909      248.18      435.58      415.96     9140.11    15059.43    11208.08
200910      287.59      456.95      393.31    12179.17    13988.48    10728.70
200911      294.88      426.24      346.93    17437.71    12085.57     7721.63
200912      323.97      438.43      354.05    17603.19    13803.86     8349.12
201001      350.74      438.35      369.12    16395.03    13498.49     9616.72
201002      298.13      429.24      397.00    14825.59    13061.82    10054.36
201003      302.20      480.28      393.37    14914.40    14031.90    10013.89
201004      332.45      472.52      437.29    14480.30    16308.86     9578.37
201005      360.84      519.15      434.07    13951.35    16570.00     9280.28
201006      295.87      479.99      441.67    16854.15    12398.65     8158.92
201007      277.59      455.18      412.08    15402.72    12900.57     7210.44
201008      313.46      481.97      428.44    16937.74    12926.14     7905.93
201009      289.66      458.80      414.13    15387.36    13347.81     7555.34
201010      335.18      497.06      464.80    15199.43    14500.43     9531.93
201011      319.54      520.07      508.68    18102.75    13834.72     8808.78
201012      324.82      517.49      507.77    19243.98    12903.27     8369.20
201101      367.22      537.96      531.23    16653.79    16530.76     8732.41
201102      360.67      569.14      554.55    18420.37    15801.45     9783.81
201103      406.77      612.87      540.29    18249.16    15533.21    11724.64
201104      423.23      610.62      533.02    17847.75    15779.10    11458.11
201105      420.01      632.62      590.47    19668.97    16200.38    10633.20
201106      391.41      646.85      595.62    18369.97    15726.97    11850.90
201107      387.80      622.60      604.39    18719.09    16232.08    10328.96
201108      388.20      610.94      564.84    17334.59    17481.64     9012.67
201109      354.25      570.22      506.69    15667.91    16367.05    10150.50
201110      333.23      526.88      441.70    11224.25    16926.86    11211.36
201111      396.78      550.17      489.36    11322.93    16564.49    15461.83
201112      373.06      562.29      545.25    12110.15    16580.90    14683.44
201201      365.21      576.43      580.07    11049.62    17448.93    14801.92
201202      406.31      614.30      619.89    12128.58    18052.82    15207.22
201203      420.36      633.04      652.86    12709.97    18646.89    15970.57
201204      427.45      644.03      671.47    13023.15    18996.28    16711.20
201205      400.14      648.64      591.73    10902.64    16620.60    21718.60
201206      372.29      593.48      553.30     9421.37    17189.87    19612.61
201207      392.78      608.99      545.99    10615.30    16520.46    21076.49
201208      382.68      613.53      597.97    10471.82    17718.20    21217.35
201209      399.01      630.57      590.87    11149.24    19531.90    20666.31
201210      394.98      639.27      634.61    14103.98    21064.14    16967.57
201211      405.48      637.87      568.72    11368.47    19367.37    20684.42
201212      436.83      638.98      545.20    11352.58    21117.35    18718.79
201301      438.98      669.64      565.66    12839.57    21976.49    15757.47
201302      455.33      694.03      631.22    13939.37    23968.72    14853.92
201303      467.81      730.13      600.39    16330.65    23257.63    14372.60
201304      473.65      724.89      694.79    17004.48    23064.74    15441.77
201305      457.66      762.21      717.69    20726.13    19460.05    18448.31
201306      470.74      832.65      705.70    20177.15    20854.31    17497.55
201307      443.78      803.32      720.25    23208.26    19260.21    15370.85
201308      453.12      857.10      784.52    23533.37    19836.16    16929.10
201309      442.12      863.69      728.00    24054.59    19315.51    14508.59
201310      472.88      856.92      775.18    24164.56    20576.61    14302.59
201311      478.64      865.50      824.42    25275.79    22408.56    13964.95
201312      491.41      910.69      832.66    23458.04    23342.30    15759.46
201401      499.63      892.37      880.70    21274.56    24436.66    18392.80
201402      487.04      859.66      858.99    20175.68    23579.98    18157.59
201403      516.62      930.38      806.81    22484.55    22591.99    19771.26
201404      561.06      919.38      791.20    22180.13    24792.55    18011.90
201405      558.01      892.54      794.19    20763.25    28609.81    14792.88
201406      601.42      911.76      785.95    19318.17    28088.03    18235.35
201407      619.16      994.20      761.33    20692.47    26747.20    18585.29
201408      594.48      983.15      722.30    25298.72    22192.94    20122.69
201409      656.92      973.94      756.03    20001.13    26573.51    22273.68
201410      625.19      979.67      751.69    18162.87    27705.93    22838.10
201411      659.66      993.56      718.00    18173.80    25722.14    26030.16
201412     1470.00     2925.51     2228.27    66428.90    55102.13    62230.13
201501      635.96     1041.02      794.00    18063.29    25244.80    28587.88
201502      601.06     1054.40      926.63    18144.17    24866.04    27458.10
201503      627.57      973.19      974.21    19392.15    27733.31    26531.07
201504      608.67      997.95     1047.04    20542.04    26371.00    25763.24
201505      574.85      967.31     1049.67    24763.46    26119.98    23041.41
201506      600.51      976.42      988.58    22704.54    26907.48    24088.08
201507      622.26      929.61     1002.75    20164.09    26980.71    23815.53
201508      552.74      971.26     1035.31    24076.55    26983.88    23355.11
201509      541.43      885.66      990.55    19401.44    27296.21    21923.13
