This file was created using the 201509 Bloomberg database. It contains
value- and equal-weighted returns for the intersections of 2 ME portfolios
and 3 BE/ME portfolios in North_America.

The portfolios are constructed at the end of June.  ME is market cap at the end
of June.  BE/ME is book equity at the last fiscal year end of the prior calendar
year divided by ME as of  6 months before formation.  Firms with negative
BE are not included in any portfolio.

The annual returns are from January to December.

The break points include utilities and include financials.

The portfolios include utilities and include financials.

Missing data are indicated by -99.99.



  Average Value Weighted Returns -- Monthly
               Small                 Big
          Low     2    High    Low     2    High
199007  -3.32  -3.15  -3.35  -0.78   0.85  -2.78
199008 -12.02 -11.61 -10.30  -8.50  -8.50  -9.75
199009  -8.91  -7.62  -7.88  -5.26  -3.94  -7.14
199010  -5.95  -5.65  -6.17   0.47  -1.31  -2.20
199011   7.41   6.18   4.99   6.40   6.22   7.32
199012   3.40   3.90   3.60   3.28   2.99   2.69
199101   7.50   6.79   6.93   5.15   2.85   7.10
199102  10.73  10.63  11.06   8.43   6.23   7.60
199103   6.83   5.10   6.20   3.94   1.95   0.57
199104   0.05   0.69   1.37  -0.03   0.71   0.25
199105   4.10   4.50   3.44   4.04   3.31   6.40
199106  -4.70  -3.64  -2.80  -4.55  -3.96  -4.78
199107   5.36   2.69   2.52   6.34   3.36   3.60
199108   4.30   3.28   3.08   3.72   1.79   1.73
199109   0.85   0.58  -0.76  -2.11  -0.65  -2.02
199110   4.22   3.43   2.48   2.08   1.19   2.37
199111  -3.66  -4.41  -4.65  -2.00  -4.46  -5.44
199112  10.57   6.26   5.97  14.52   7.87   8.79
199201   6.51   6.23   8.83  -2.64  -1.73   3.54
199202   0.10   1.98   5.24  -0.10   0.54   5.09
199203  -6.01  -2.57  -1.20  -3.10  -1.61  -1.34
199204  -4.92  -3.10  -1.53   0.15   3.75   2.69
199205  -0.21   0.04   1.96   0.98   0.85  -0.31
199206  -4.06  -3.34  -2.58  -2.81  -0.98  -0.53
199207   3.84   3.14   3.37   4.16   5.15   1.82
199208  -3.88  -1.98  -1.85  -0.99  -1.63  -4.56
199209   1.44   1.71   1.17   1.12   1.32  -0.20
199210   4.88   2.48   1.03   2.06   0.17  -0.23
199211   9.50   6.74   4.51   4.59   1.82   3.92
199212   2.64   3.84   4.54   0.50   2.68   1.71
199301   0.98   3.23   5.80  -1.43   1.39   3.80
199302  -6.31  -1.60   1.82  -2.50   3.70   2.98
199303   2.31   2.83   4.41   1.50   2.94   3.19
199304  -3.11  -2.56  -1.18  -4.78  -0.68  -0.87
199305   6.83   3.61   3.33   4.20   2.14   1.71
199306   0.23   1.79   1.46  -1.14   0.74   2.25
199307   0.64   0.57   2.03  -2.39   1.08   0.68
199308   3.59   4.69   4.03   3.73   3.69   3.51
199309   2.91   2.52   2.04  -1.08  -0.32   0.27
199310   4.73   2.75   3.10   4.00   0.40   0.40
199311  -3.08  -2.39  -2.52   0.17  -2.45  -1.80
199312   2.61   3.44   2.77   0.99   2.22   2.60
199401   2.58   3.34   4.23   1.84   3.80   4.16
199402  -1.35   0.50  -1.05  -2.03  -2.32  -3.83
199403  -6.18  -4.81  -3.87  -4.83  -3.87  -4.33
199404  -1.60   0.63   0.97   0.69   1.37   1.45
199405  -1.08  -1.80   0.15   1.19   1.10   1.47
199406  -4.49  -3.27  -2.33  -3.20  -2.35  -2.65
199407   1.50   1.55   1.81   2.80   3.64   3.15
199408   7.03   4.58   3.46   5.65   3.14   4.26
199409   0.69   0.99   0.50  -0.64  -2.89  -3.16
199410   0.72  -0.37  -0.72   1.93   2.16   0.44
199411  -3.52  -4.03  -4.04  -2.50  -4.27  -4.45
199412   0.83   1.90   0.82   1.74   0.99   1.05
199501  -1.07  -0.14   0.77   1.98   1.61   3.17
199502   3.18   3.53   3.54   3.76   4.21   4.45
199503   3.65   2.45   1.74   2.91   3.41   1.22
199504   1.39   2.99   3.30   2.37   2.72   3.10
199505   1.03   1.60   2.78   3.56   3.12   5.08
199506   8.52   5.43   4.55   3.81   1.92   1.60
199507   8.83   5.06   4.79   3.62   4.25   3.01
199508   1.91   2.22   3.47   0.04   0.33   2.76
199509   3.13   1.99   1.95   5.13   2.68   3.77
199510  -5.31  -5.52  -3.72  -0.06  -0.35  -2.20
199511   4.17   3.30   3.15   4.70   3.84   4.68
199512   2.43   2.73   2.17   0.71   2.21   1.57
199601   0.67   0.17   0.96   3.45   2.83   2.71
199602   5.48   2.80   2.22   1.47   1.71   1.11
199603   2.93   2.45   2.77   0.32   1.65   1.36
199604   9.32   6.60   4.89   2.10   2.57   0.31
199605   6.60   4.64   5.07   3.76   1.05   1.81
199606  -6.38  -4.21  -2.42   0.35  -0.75  -0.23
199607 -13.15  -8.52  -5.10  -5.75  -4.46  -3.64
199608   7.11   5.53   4.62   1.95   3.90   3.67
199609   5.25   2.74   3.05   7.21   4.14   3.81
199610  -4.53  -0.27   1.98   0.89   2.33   5.50
199611   0.72   4.20   4.22   7.01   6.90   7.86
199612   0.99   2.03   1.88  -1.92  -0.87  -1.45
199701   4.01   3.82   3.72   6.96   4.80   4.61
199702  -6.43  -2.86   1.03   0.09  -1.06   2.84
199703  -8.52  -5.05  -2.53  -5.69  -2.47  -4.79
199704  -3.26  -1.25  -0.34   7.21   3.36   3.60
199705  15.14  11.86   8.64   6.49   7.51   5.63
199706   3.46   4.50   6.19   4.54   3.64   4.08
199707   5.31   5.90   5.08   7.65   8.52   7.70
199708   4.33   3.41   2.37  -6.26  -2.98  -3.76
199709   9.39   8.01   7.89   4.86   5.92   6.43
199710  -5.88  -4.75  -2.21  -3.32  -3.89  -2.25
199711  -3.84  -3.47  -0.84   4.49   2.96   3.18
199712  -0.98  -1.08   2.37   0.86   2.04   4.38
199801  -1.18  -1.04  -1.42   2.97  -1.05  -1.03
199802   8.28   7.86   6.53   7.26   7.44   7.93
199803   4.16   4.15   4.89   4.79   5.04   6.54
199804   0.35   1.23   1.95   1.41   1.22   0.97
199805  -7.27  -5.55  -3.14  -2.70  -2.06  -1.03
199806   0.45  -0.72  -0.83   6.27   1.34   2.08
199807  -7.19  -7.73  -7.41  -0.45  -3.25  -3.07
199808 -23.93 -20.00 -18.05 -13.67 -16.89 -17.23
199809   9.31   5.91   4.48   7.81   4.34   5.93
199810   4.49   5.62   3.13   7.98   7.48   7.52
199811   9.30   5.42   4.63   7.62   5.10   3.87
199812   7.67   4.59   2.90   8.90   2.66   4.01
199901   3.13   1.85   0.11   5.50   1.25   0.26
199902  -7.86  -7.65  -7.06  -4.60  -1.19  -2.25
199903   1.53   0.75  -0.57   4.46   4.08   2.39
199904   8.22  10.14   9.19   1.07   8.62   7.69
199905   1.43   0.82   2.57  -2.51  -1.18  -1.49
199906   5.97   6.64   5.16   7.08   3.37   1.49
199907  -2.18  -1.20  -0.97  -3.66  -2.66  -2.81
199908  -1.63  -3.80  -2.09   0.97  -2.89  -3.16
199909   2.28   0.49  -1.52  -1.52  -3.04  -5.73
199910   3.28  -0.61  -1.80   7.28   6.26   4.98
199911  11.75   7.17   2.53   4.67   1.31  -2.38
199912  17.52  10.17   5.77   7.89   5.79   3.56
200001  -0.51  -0.77  -0.77  -4.05  -4.32  -4.73
200002  28.36  19.44   9.16   1.81  -2.61  -5.19
200003 -13.00  -4.72   0.40   8.29  10.09  12.65
200004 -11.40  -7.30  -2.81  -4.74  -2.46   0.24
200005  -6.31  -4.49  -2.81  -4.22  -0.63   1.81
200006  17.19   9.28   6.27   6.47  -1.22  -3.67
200007  -9.06  -3.90   1.74  -3.94   0.16   2.94
200008  10.05   9.03   6.00   8.07   6.64   7.52
200009  -8.64  -3.63   0.02  -8.79  -1.87   0.44
200010 -12.71  -4.48  -1.50  -3.93   0.99  -1.46
200011 -25.17  -8.96  -3.09 -13.17  -6.53  -4.50
200012   0.34   7.71  10.12  -3.81   5.19   7.63
200101  16.08   5.17   3.27   5.47   1.78   1.66
200102 -19.85  -7.70  -0.02 -16.02  -5.39  -2.07
200103 -13.93  -5.16  -1.94 -10.95  -4.95  -2.17
200104  15.46   8.44   5.50  11.51   6.45   4.77
200105   4.48   3.44   4.56  -0.91   1.79   2.49
200106   2.81   3.73   1.77  -2.03  -2.67  -1.42
200107 -10.12  -5.37  -2.28  -0.84  -1.76  -2.41
200108  -7.97  -4.53  -1.88  -7.13  -5.28  -5.69
200109 -17.11 -13.43 -12.82  -7.81  -9.32  -8.83
200110  12.65   7.97   3.95   4.04   2.06  -2.00
200111   8.63   7.64   7.82   8.87   6.51   7.93
200112   5.59   6.85   6.75   0.39   1.83   2.49
200201  -6.01  -1.90   2.22  -0.70  -2.27  -2.69
200202  -8.31  -3.01  -0.22  -3.11  -0.68  -1.50
200203   7.48   7.38   8.22   2.87   5.41   4.34
200204  -6.98   0.18   3.00  -7.70  -4.73  -2.74
200205  -5.42  -3.86  -1.45  -1.81   0.15   0.22
200206  -7.88  -6.23  -3.21  -8.39  -5.69  -8.30
200207 -13.52 -13.27 -14.10  -4.95  -9.01 -11.92
200208   0.75   0.83  -0.45  -1.18   0.83   3.89
200209  -7.73  -6.97  -7.21 -10.94  -9.43 -10.22
200210   8.62   4.30   1.81  10.72   5.43   5.14
200211  10.84   8.58   6.62   5.36   5.38   7.50
200212  -8.06  -4.95  -2.46  -6.55  -4.33  -3.95
200301  -0.83  -2.77  -1.04  -2.61  -1.90  -3.21
200302  -3.89  -1.77  -2.46  -0.91  -1.91  -2.59
200303   2.38   0.49   0.21   1.67   0.22  -0.32
200304  10.80   9.27   8.84   7.60   8.33   9.35
200305  12.19  10.73  10.09   4.55   6.88   8.26
200306   2.79   2.01   3.20   1.24   1.66   1.16
200307   7.93   5.17   5.46   1.01   2.92   1.68
200308   4.42   4.95   5.77   1.32   3.05   2.74
200309  -1.37  -1.28   0.00  -0.63  -1.23  -1.75
200310   7.17   8.54   9.57   3.49   7.67   7.59
200311   3.16   3.14   4.16   0.82   1.64   1.59
200312   1.24   2.76   3.23   4.69   4.61   5.96
200401   2.68   3.40   4.91   2.03   1.23   2.63
200402   0.98   1.63   1.20   1.16   1.81   2.38
200403   1.51   1.14   0.67  -2.08  -0.83  -0.68
200404  -3.54  -3.79  -5.16   0.14  -3.29  -3.72
200405   0.91   1.71   1.05   0.75   1.60   1.97
200406   2.40   4.02   4.30   1.86   1.47   2.75
200407  -9.16  -6.73  -4.08  -5.28  -1.56  -2.12
200408  -1.96  -0.90  -0.05  -0.51   1.20   0.38
200409   7.13   5.64   4.91   0.78   2.18   3.25
200410   1.77   2.94   1.67   1.35   2.15   1.90
200411   8.46   8.46   8.74   3.40   4.61   5.70
200412   3.61   3.07   3.18   3.86   2.67   3.99
200501  -3.97  -3.73  -2.49  -2.79  -2.48  -1.12
200502   1.43   2.18   3.35   1.21   3.56   2.67
200503  -3.89  -2.30  -1.82  -1.18  -1.98  -0.53
200504  -6.74  -6.06  -5.99  -1.52  -2.83  -2.74
200505   6.25   6.63   4.91   3.93   2.75   3.70
200506   3.71   3.72   4.56  -1.23   2.09   2.65
200507   6.82   7.20   5.80   4.65   3.48   3.92
200508  -1.81  -0.30  -0.43  -0.99  -0.62   0.70
200509   0.56   2.25   1.16  -0.14   1.73   2.15
200510  -4.40  -3.81  -3.55  -0.43  -2.94  -2.68
200511   6.14   5.06   4.34   3.45   4.72   3.80
200512   1.25   0.15   0.73  -0.11   0.72   0.79
200601   9.37   9.54   8.23   2.57   3.04   4.63
200602  -1.49  -0.46   0.10  -0.07   0.03  -0.51
200603   3.53   4.88   4.23   1.50   1.50   1.37
200604   0.98   1.56   2.23  -0.36   1.94   3.52
200605  -7.31  -4.96  -3.72  -2.94  -2.95  -1.97
200606  -1.58  -0.29  -0.69   0.19  -0.39   0.05
200607  -4.00  -3.11  -1.67  -1.86   0.78   1.18
200608   3.14   3.02   2.97   2.88   2.99   1.23
200609  -1.00  -0.38   0.23   2.31   1.20   2.56
200610   6.74   5.25   4.98   3.64   3.09   3.91
200611   1.78   2.17   2.21   1.95   2.23   2.18
200612  -0.76   0.16   1.65  -0.36   1.49   2.24
200701   1.56   1.08   1.83   2.50   1.39   1.05
200702  -0.01   0.22   0.16  -1.96  -1.24  -1.78
200703   1.20   1.41   1.40   0.77   1.83   1.29
200704   3.62   2.85   2.58   4.93   4.59   3.66
200705   3.30   4.36   3.93   3.70   4.56   3.65
200706  -0.97  -0.62  -0.83  -0.98  -1.20  -2.08
200707  -4.53  -4.45  -6.35  -1.04  -2.79  -5.07
200708  -0.14   0.62  -1.01   1.68   1.39   0.59
200709   4.33   2.09   2.05   5.40   3.88   3.12
200710   5.93   3.14   2.04   4.05   2.60   0.60
200711  -8.41  -7.99  -8.93  -3.73  -5.24  -5.30
200712   0.84   0.22  -0.09   0.17  -0.71  -0.43
200801  -9.32  -7.42  -5.02  -8.43  -5.40  -3.27
200802  -3.11  -1.02  -1.31  -1.28  -1.68  -4.29
200803  -3.43  -0.70  -0.74  -0.41  -0.83  -2.34
200804   2.58   3.90   2.47   5.22   4.78   5.06
200805   6.42   5.10   4.17   3.43   2.13   0.92
200806  -6.52  -6.78  -7.63  -5.62  -8.07 -10.73
200807  -0.59   0.60   1.75  -1.77  -2.17  -0.65
200808   1.25   2.47   3.91   0.69   1.27   0.46
200809 -13.17 -10.78  -8.85 -10.97  -9.72  -7.60
200810 -24.83 -20.66 -20.89 -16.22 -17.46 -21.39
200811 -12.33 -11.77 -12.84  -6.32  -5.92 -11.70
200812   6.71   4.78   4.70   1.22   1.22   0.00
200901  -5.76  -5.98 -11.74  -3.22  -8.75 -12.18
200902  -9.24  -9.50 -13.38  -7.70 -10.06 -13.89
200903   9.36   8.90   8.79   8.00   8.84  10.53
200904  15.45  15.75  16.94   7.66  10.29  14.21
200905   7.35   4.46   5.27   5.95   7.03   7.60
200906   3.69   0.98   0.00   0.95  -1.07  -1.42
200907   6.63   9.18  12.91   5.96   9.03   9.90
200908   0.62   2.48   5.75   1.18   3.12   6.55
200909   6.86   5.53   9.07   3.68   4.44   4.88
200910  -6.68  -4.72  -6.46  -0.31  -2.72  -5.56
200911   2.85   2.82   4.67   6.83   5.51   5.01
200912   7.76   8.23   7.68   1.60   3.16   2.72
201001  -2.93  -3.33  -2.39  -4.20  -3.44  -3.38
201002   3.82   4.07   6.13   2.71   3.66   4.87
201003   7.42   7.29   8.29   5.30   6.20   7.42
201004   3.57   4.93   7.01   0.97   2.22   1.25
201005  -5.47  -6.21  -9.48  -7.65  -7.75  -8.30
201006  -4.83  -5.57  -8.77  -4.13  -5.09  -7.50
201007   5.77   7.33   8.07   7.31   6.28   7.06
201008  -4.69  -6.07  -7.01  -3.72  -3.24  -6.38
201009  13.05  13.12  11.67  10.41   8.23   8.54
201010   4.27   4.67   4.25   4.90   3.77   2.18
201011   3.98   4.22   4.34   0.00   1.07  -0.10
201012   7.56   8.08   8.99   4.86   6.42   9.88
201101  -0.58  -0.02   1.00   1.87   2.11   2.93
201102   6.00   6.29   5.57   2.75   5.01   3.74
201103   3.09   2.13   1.29   0.52   0.79  -1.18
201104   3.66   2.71   1.70   3.42   3.24   1.16
201105  -2.39  -1.82  -3.42  -0.38  -1.80  -2.35
201106  -2.83  -2.59  -2.21  -1.25  -1.94  -2.10
201107  -2.88  -3.27  -2.71  -0.37  -2.23  -3.81
201108  -7.80  -8.69  -8.94  -4.40  -5.33  -6.89
201109 -12.81 -12.74 -11.45  -7.63  -7.49  -9.38
201110  15.08  14.85  13.63  10.34  11.60  11.62
201111  -1.89  -1.80  -0.70  -0.48   0.85  -1.91
201112  -2.52   0.55   0.99  -1.13   0.74   1.95
201201   9.21   7.34   5.92   7.33   3.59   4.18
201202   2.69   2.95   3.31   5.00   3.28   5.28
201203   0.35   1.07   2.20   3.43   1.01   3.19
201204  -1.55  -1.46  -1.24   0.03  -0.39  -1.25
201205  -7.64  -7.47  -6.61  -6.69  -6.41  -6.77
201206   5.27   3.59   3.81   2.59   3.79   4.97
201207  -2.40  -0.30  -0.55   1.11   2.07   0.20
201208   3.48   4.02   3.53   2.54   2.33   3.36
201209   3.93   3.74   3.75   1.89   2.92   3.51
201210  -3.29  -1.60  -1.02  -3.26  -1.58   1.04
201211   1.04   0.27   0.75   1.34   0.38  -0.06
201212   2.39   2.96   4.19  -0.61   1.00   3.78
201301   5.29   5.09   5.99   4.05   5.26   6.77
201302   0.25  -0.39   0.52   0.94   1.31   0.83
201303   4.78   4.33   3.86   3.78   3.19   3.97
201304  -1.61  -1.30  -0.83   2.03   1.08   1.81
201305   3.86   4.53   3.70   1.75   1.59   4.42
201306  -1.15  -0.86  -0.76  -2.69  -0.82  -1.53
201307   7.16   7.19   7.69   5.82   5.04   5.91
201308  -0.71  -2.32  -3.23  -1.85  -2.50  -3.42
201309   6.03   5.86   5.12   4.31   3.45   2.70
201310   1.84   2.41   3.47   4.58   4.37   3.97
201311   4.18   3.05   3.46   3.09   2.31   2.96
201312   1.83   2.62   1.96   2.70   2.78   2.46
201401  -0.37  -4.08  -3.17  -4.06  -2.72  -4.22
201402   5.08   4.89   4.98   5.05   4.65   4.03
201403  -3.96   0.61   1.29  -1.15   0.82   3.01
201404  -5.04  -2.27  -1.37   0.80   0.62   0.41
201405  -0.24   0.65   0.21   2.97   1.93   1.46
201406   6.12   6.14   4.97   1.60   2.61   3.50
201407  -5.39  -5.99  -5.53  -1.81  -1.37  -1.81
201408   4.61   4.42   4.18   5.02   3.83   3.33
201409  -3.99  -5.37  -7.59  -1.28  -1.83  -3.18
201410   6.20   4.67   1.80   2.94   1.91   0.42
201411   1.86  -0.22  -0.90   3.91   2.62   0.59
201412   1.41   1.35   1.83  -0.41  -1.03   0.70
201501  -2.34  -5.30  -5.88  -1.25  -3.30  -5.81
201502   7.59   7.44   5.80   6.39   6.32   5.40
201503   1.45   1.17   0.45  -0.79  -1.66  -1.82
201504  -3.26  -0.70   0.85   0.04   1.33   2.79
201505   3.20   1.87   0.38   1.69   0.80   0.25
201506   1.62   0.44  -0.06  -1.06  -2.59  -1.91
201507   0.09  -2.52  -6.24   2.78   2.08  -0.80
201508  -8.75  -4.93  -3.77  -6.22  -6.18  -5.38
201509  -7.79  -5.18  -5.48  -2.52  -3.07  -3.56



  Average Equal Weighted Returns -- Monthly
               Small                 Big
          Low     2    High    Low     2    High
199007  -3.63  -3.42  -2.95  -2.46  -1.04  -2.79
199008 -11.16 -11.87  -9.77  -9.95  -9.40  -9.58
199009  -8.84  -7.77  -7.63  -6.03  -6.43  -9.03
199010  -6.38  -5.20  -6.06  -2.06  -2.55  -4.16
199011   5.86   5.47   3.24   8.57   8.12   8.49
199012   0.25   2.08   1.29   4.88   4.10   4.15
199101   8.62   8.05  10.45   6.28   5.41   6.23
199102  13.15  13.22  13.20   9.33   7.95  10.42
199103   7.36   6.43   8.15   4.10   1.91   2.94
199104   1.73   1.36   2.03  -0.38   0.36   2.18
199105   3.00   3.54   3.58   4.07   4.18   5.76
199106  -3.32  -3.03  -3.39  -4.52  -4.05  -3.85
199107   3.95   3.01   2.62   5.43   3.18   4.14
199108   3.16   3.65   2.12   2.73   2.62   2.13
199109   0.94   1.97   0.13  -0.97  -0.87  -2.03
199110   3.23   3.60   2.24   2.35   1.64   2.69
199111  -1.89  -3.54  -2.76  -2.96  -4.04  -4.65
199112   4.78   5.12   2.71  12.09   7.60   8.82
199201  13.38   8.75  15.15   0.40   0.39   4.93
199202   3.81   2.74   7.23   0.08   1.80   3.94
199203  -3.06  -2.28  -0.38  -3.40  -1.87  -1.81
199204  -2.24  -3.12  -2.26  -1.57   1.03   1.57
199205   0.90   0.80   1.62   0.84   1.58   0.02
199206  -2.80  -3.91  -2.32  -1.99  -2.11  -1.18
199207   3.84   2.44   3.98   4.29   4.87   2.71
199208  -2.78  -1.55  -1.81  -1.46  -1.53  -3.15
199209   1.15   1.94   0.88   1.42   1.30   0.30
199210   3.29   2.46   1.11   3.79   1.06   1.66
199211   8.81   7.87   6.36   6.41   2.76   2.74
199212   3.55   4.00   6.07   2.25   2.99   3.64
199301   5.89   4.58   7.92  -0.78   1.88   1.90
199302  -3.22  -0.90   2.47  -3.67   2.33   3.33
199303   2.15   3.12   4.79   2.73   3.15   4.02
199304  -2.32  -2.63   0.15  -4.14  -0.57  -1.20
199305   4.45   3.62   4.19   5.62   2.70   1.88
199306   0.94   1.04   1.98  -0.82   0.52   1.96
199307   1.69   0.45   2.52  -1.10   0.19   0.95
199308   4.68   4.91   3.67   4.37   4.10   3.55
199309   3.09   2.85   3.00   0.93  -0.04  -0.51
199310   6.15   5.04   5.12   3.74   0.56   0.97
199311  -2.40  -1.79  -1.39  -1.75  -2.17  -1.63
199312   1.89   2.91   1.73   3.05   3.97   3.40
199401   4.43   4.39   6.25   2.42   2.48   3.90
199402  -1.55   0.17  -0.19  -1.46  -1.05  -2.50
199403  -4.49  -3.91  -2.45  -4.76  -4.46  -3.67
199404  -2.12  -0.22   0.46  -0.90   1.28   1.13
199405   0.05  -0.41   0.92  -0.06   0.05   0.36
199406  -3.07  -2.85  -1.53  -4.17  -2.17  -2.72
199407   1.71   0.92   1.61   2.89   2.73   3.30
199408   4.53   3.90   3.74   7.33   4.30   4.43
199409   2.24   2.04   1.88   0.24  -2.02  -1.99
199410  -0.24  -0.03   0.10   1.26   0.69  -0.69
199411  -4.11  -4.42  -3.63  -4.31  -4.30  -4.37
199412  -1.90  -0.08  -0.75   1.57   1.17   1.96
199501   1.71   2.28   2.48  -0.46   0.28   1.59
199502   4.19   3.13   3.37   5.09   4.62   4.33
199503   2.80   3.35   1.73   3.40   2.73   1.51
199504   2.62   3.35   3.97   0.60   2.23   2.91
199505   1.20   2.05   2.88   2.73   2.10   3.44
199506   7.35   6.32   4.00   4.44   2.36   1.87
199507   7.18   5.34   5.35   6.23   4.64   3.42
199508   4.15   3.68   4.41   0.50   1.12   2.38
199509   3.53   2.31   2.86   2.63   1.91   2.03
199510  -5.54  -5.29  -3.40  -1.73  -2.58  -2.02
199511   2.08   2.11   1.83   4.95   4.13   4.43
199512   1.71   2.62   1.24  -0.51   1.28   2.00
199601   2.32   2.87   3.43   1.04   2.26   1.92
199602   5.68   4.04   3.95   4.69   1.81   1.43
199603   3.30   3.33   3.44   1.52   2.03   1.72
199604   8.76   7.69   5.60   5.00   3.60   1.45
199605   8.59   6.30   6.15   1.90   1.34   1.37
199606  -7.03  -4.07  -1.86  -4.60  -1.60   0.04
199607 -12.59  -8.71  -5.18  -9.30  -5.74  -4.07
199608   6.48   6.28   4.52   6.09   5.11   4.92
199609   4.19   3.07   3.12   7.37   3.85   3.24
199610  -4.65  -1.71   1.11  -3.56   0.56   3.83
199611   0.37   2.93   3.95   3.98   5.92   6.75
199612  -0.58   0.69   1.45  -1.37  -0.20   0.00
199701   5.77   6.38   5.85   2.47   3.84   3.73
199702  -4.03  -2.55   1.29  -3.55  -0.43   2.45
199703  -8.91  -6.29  -2.75  -7.37  -3.64  -3.37
199704  -4.71  -2.89  -1.79   1.00   1.87   2.01
199705  12.98  11.52   8.38  14.10   9.03   6.97
199706   1.34   3.43   5.16   3.60   3.62   4.01
199707   4.27   4.88   4.96   7.11   7.23   7.26
199708   4.86   4.18   3.38  -1.39  -0.40  -1.25
199709  10.72   8.92   8.78   5.52   6.14   6.41
199710  -4.97  -3.42  -1.04  -5.03  -3.91  -3.14
199711  -5.28  -4.67  -1.83  -0.21   0.54   1.70
199712  -3.35  -3.62  -0.01   0.49   1.75   4.00
199801   0.89  -0.35   0.26  -0.33  -1.31  -1.11
199802   7.02   7.09   6.22   9.12   8.09   7.34
199803   4.27   4.87   4.98   4.72   4.40   5.67
199804   2.54   3.43   2.98   1.43   0.64   0.42
199805  -6.42  -5.65  -2.72  -5.55  -4.18  -2.89
199806  -2.77  -3.21  -3.53   1.17  -1.59  -0.19
199807  -6.83  -7.35  -6.22  -5.04  -5.45  -5.58
199808 -25.40 -21.09 -18.04 -19.14 -18.69 -15.71
199809   9.24   6.00   3.90   8.73   5.62   7.01
199810   4.74   5.32   2.02   8.93   7.93   5.34
199811   8.91   6.54   6.41   7.86   3.53   2.99
199812   4.20   2.86   0.83   8.32   3.55   2.99
199901   8.69   4.76   5.48   3.25  -1.64  -0.89
199902  -7.09  -5.86  -3.94  -4.81  -3.18  -4.09
199903  -1.13  -0.74  -0.81   2.71   4.14   1.64
199904   9.30   9.23  10.02   6.23  10.62   9.50
199905   4.59   3.77   3.69   1.33   0.23   1.54
199906   3.18   4.83   3.37   6.01   3.18   2.32
199907   0.28   0.27   0.88  -3.25  -2.51  -1.84
199908  -1.87  -3.63  -1.67  -0.61  -4.06  -2.66
199909   1.73  -0.17  -0.89  -1.18  -3.46  -4.34
199910   1.18  -1.61  -2.13   6.83   2.71   3.22
199911  14.51   9.58   4.66   8.08   1.24  -1.05
199912  16.00  11.57   5.85   9.01   5.01   4.18
200001   9.07   4.99   4.74  -1.40  -5.45  -4.22
200002  23.98  16.33  10.76   7.26  -4.00  -4.39
200003  -5.28  -0.50   0.71   8.34  13.12  11.86
200004 -13.79  -8.04  -4.84  -4.68  -0.83   1.92
200005  -8.14  -5.87  -3.68  -2.47   0.84   2.51
200006  12.98  10.35   5.29   6.09  -2.59  -3.09
200007  -8.62  -3.72   0.44  -6.06  -1.54   2.49
200008  10.55   8.55   4.74  12.01   9.17   7.58
200009 -10.14  -5.28  -0.75  -7.21  -3.36   0.40
200010 -14.06  -6.94  -4.51  -6.77   0.01   0.77
200011 -25.75 -13.93  -5.99 -21.92  -7.30  -1.95
200012  -7.36  -1.32   2.97   0.83   6.32   9.85
200101  41.33  25.61  15.83  14.64   8.47   1.97
200102 -20.08 -10.46  -0.86 -20.90  -7.35  -0.40
200103 -16.24  -8.05  -2.33 -18.03  -5.87  -3.30
200104  12.61  10.02   5.62  20.95  10.17   7.17
200105   6.93   6.24   8.09   0.43   2.43   2.94
200106   1.07   2.62   2.40  -0.35  -1.72  -2.60
200107  -8.51  -6.06  -1.69  -4.18  -1.58  -0.79
200108  -8.88  -5.86  -2.29  -7.54  -4.60  -4.04
200109 -18.18 -15.07 -11.43 -14.95 -12.00 -11.23
200110  13.78  10.87   5.86  11.54   5.71   1.13
200111  11.19   9.50   7.51  12.15   8.22   9.15
200112  10.05   7.64   6.43   3.72   3.50   4.14
200201  -2.53  -1.35   5.77  -2.51  -1.80  -0.24
200202  -5.27  -4.76  -0.52  -6.05  -0.25  -0.47
200203   7.52   8.72   9.12   7.72   7.15   5.71
200204  -7.60  -2.53   3.96  -6.77  -2.31  -2.47
200205  -7.03  -4.49   1.74  -3.45  -0.98  -0.98
200206 -10.92  -8.05  -4.26 -12.13  -7.84  -8.47
200207 -14.98 -14.03 -11.86  -8.57  -9.41 -11.62
200208   0.00   0.72   0.29  -0.44   0.83   3.50
200209  -9.26  -8.16  -7.23  -9.66  -9.24 -11.47
200210   9.02   5.74   2.71   9.80   4.98   3.36
200211  16.46  12.66   9.40   9.51   7.91  10.03
200212  -6.70  -4.80  -0.16  -5.91  -4.39  -2.25
200301   0.86  -0.55   2.27  -1.29  -1.99  -1.63
200302  -3.62  -2.60  -1.35  -1.55  -1.68  -2.55
200303   0.53   0.95  -0.62   1.07   0.57  -0.36
200304  12.48  10.10   8.23   8.30   9.17  10.61
200305  18.78  15.14  11.89   9.47   9.74   9.14
200306   7.18   5.49   5.22   2.05   1.16   1.67
200307   7.27   5.70   6.70   3.48   2.01   2.67
200308   6.13   5.88   6.28   3.95   3.90   4.98
200309   3.46   1.97   4.30  -1.69  -1.12  -0.56
200310   6.53   8.55   9.42   6.39   6.81   8.39
200311   5.13   3.79   5.31   2.27   2.78   2.87
200312   2.17   3.24   4.91   2.29   4.44   5.97
200401   4.79   4.77   7.36   1.86   1.27   3.22
200402   0.45   1.93   1.45   2.47   2.06   2.88
200403   0.64   0.64   0.80  -0.18  -0.34  -0.22
200404  -4.77  -4.10  -3.97  -1.58  -3.61  -4.36
200405  -1.63   0.13   0.22   1.43   1.82   2.33
200406   1.24   3.81   3.45   1.43   2.91   3.05
200407  -9.95  -6.15  -3.53  -6.68  -3.45  -2.63
200408  -1.79  -1.26  -0.63  -1.54   0.21   0.29
200409   6.88   5.69   4.99   3.46   4.00   3.89
200410   1.07   2.83   2.28   2.82   2.89   2.09
200411   8.38   9.05   8.19   5.21   6.07   7.22
200412   6.13   4.79   5.09   4.82   3.50   3.37
200501  -4.78  -3.89  -2.31  -2.84  -3.08  -1.57
200502   2.06   2.08   2.74   1.65   3.11   3.07
200503  -5.26  -2.37  -1.63  -1.75  -0.34  -1.06
200504  -7.31  -6.61  -6.06  -4.06  -3.70  -3.58
200505   6.44   5.80   3.38   5.51   4.41   5.01
200506   2.97   4.08   4.10   0.61   2.57   3.23
200507   6.98   7.63   6.05   5.18   5.28   4.70
200508  -1.81   0.21   0.62  -1.15  -0.17   0.27
200509   1.60   2.08   1.69   0.36   1.72   1.75
200510  -4.48  -3.72  -4.30  -1.98  -2.73  -4.32
200511   4.22   4.09   3.34   4.87   4.71   4.11
200512   1.89   1.35   2.10   0.98   1.37   1.27
200601  11.18   9.42   8.49   4.48   4.80   4.49
200602  -0.28   0.64   1.49   0.88  -0.24  -0.82
200603   3.93   4.49   3.89   2.87   2.33   1.26
200604   1.28   1.64   2.71   0.30   1.42   3.05
200605  -7.77  -4.29  -3.08  -4.59  -2.82  -2.16
200606  -2.80  -1.57  -1.11  -0.78  -1.22  -0.01
200607  -3.82  -2.89  -1.80  -3.74  -1.79  -1.12
200608   3.72   2.48   2.15   2.45   2.88   2.53
200609  -1.70  -0.81   0.01   1.52   0.72   1.56
200610   6.09   5.48   4.00   4.62   4.14   3.71
200611   1.39   2.25   1.49   3.00   2.99   3.19
200612   0.65   1.00   2.12  -1.04   0.30   1.40
200701   2.13   1.58   2.59   3.49   2.49   1.88
200702   0.58   0.27   1.51  -0.17   0.49   0.26
200703   0.93   0.40   0.73   1.42   1.55   1.04
200704   3.60   3.47   3.58   4.52   4.50   3.83
200705   1.53   3.54   2.74   5.20   5.09   3.95
200706  -1.01  -0.44  -0.40  -1.35  -0.83  -1.92
200707  -4.57  -3.98  -4.08  -2.23  -2.93  -5.42
200708  -2.19  -2.00  -3.67   0.33   0.37  -1.17
200709   3.96   3.15   2.25   4.61   3.68   2.66
200710   5.29   2.57   1.34   3.35   4.20   1.14
200711 -10.63  -9.18 -10.34  -4.75  -6.36  -6.75
200712  -0.80   0.07  -0.98  -0.96  -0.57  -1.59
200801  -7.79  -6.33  -4.04  -7.06  -5.32  -3.27
200802  -1.38  -0.86   0.49  -1.07  -1.00  -3.46
200803  -4.62  -3.15  -3.17  -2.68  -1.88  -3.39
200804   1.43   3.49   1.62   5.77   6.22   5.20
200805   6.13   4.47   3.91   4.08   4.35   3.21
200806  -7.76  -8.08  -8.02  -7.67  -8.66 -11.56
200807  -0.87  -0.36  -1.19  -1.83  -2.51  -1.87
200808  -0.79   0.62   1.37   0.37   1.69   1.60
200809 -15.35 -12.64 -11.09 -13.96 -13.53 -10.42
200810 -28.10 -23.95 -24.19 -21.94 -21.76 -22.13
200811 -14.22 -13.49 -16.63 -10.75  -8.88 -10.10
200812   7.38   7.36   3.20   3.15   3.47   4.76
200901   0.79   0.27  -1.59  -3.66  -5.00  -9.16
200902  -9.56  -9.68 -12.62  -7.41  -9.95 -13.98
200903  12.96  12.01  11.27   9.15  10.71  11.34
200904  20.42  20.92  22.40  16.69  19.20  22.40
200905  13.30  12.11  14.35   9.32   7.94   9.51
200906   4.45   2.33   0.90  -0.59  -0.65  -0.96
200907   6.52   8.83  10.64   6.98   9.32  11.04
200908   2.73   3.05   8.30   1.89   3.22   6.09
200909   8.93   6.49   9.77   5.52   5.94   6.76
200910  -5.70  -4.44  -4.89  -2.84  -2.94  -5.42
200911   1.76   2.17   3.68   5.38   5.28   6.04
200912   6.44   7.92   7.02   4.22   5.50   4.74
201001  -2.52  -2.39   1.37  -3.30  -3.80  -2.41
201002   3.14   3.61   4.21   3.60   5.01   4.73
201003   7.40   7.32   8.77   6.59   6.73   7.09
201004   5.32   5.24   9.27   2.84   2.38   3.50
201005  -7.39  -6.47  -8.89  -6.90  -6.73  -8.05
201006  -5.10  -5.84  -7.86  -4.47  -5.05  -7.28
201007   6.04   6.48   6.65   6.71   6.79   7.31
201008  -4.81  -5.67  -6.24  -3.54  -4.15  -4.99
201009  13.18  13.17  10.78  11.43  10.58  10.03
201010   4.58   4.99   5.18   3.99   4.04   3.12
201011   2.72   4.25   3.54   2.42   2.27   0.53
201012  10.03   9.11   9.21   5.93   7.10   8.31
201101  -0.33   0.04   3.07   1.96   2.35   1.81
201102   4.44   6.30   5.79   4.14   4.78   4.13
201103   1.61   1.56   0.42   1.72   1.75   0.45
201104   2.70   1.92   1.20   3.79   2.64   2.39
201105  -1.76  -2.40  -3.47  -0.23  -1.32  -1.31
201106  -4.82  -2.61  -2.91  -1.43  -2.11  -2.24
201107  -2.04  -1.84  -1.23  -3.02  -2.68  -3.48
201108  -8.80  -9.54  -9.78  -6.00  -6.48  -7.57
201109 -13.49 -13.62 -11.40  -9.61 -10.84 -10.63
201110  14.56  14.20  11.17  13.67  15.01  13.51
201111  -4.49  -3.31  -2.04  -0.98   0.13  -0.47
201112  -2.61   0.58   0.83  -1.97  -0.36   1.16
201201  11.90   9.55   9.20   8.76   5.76   5.12
201202   3.22   3.24   4.27   4.06   4.31   5.29
201203   0.34   0.95   2.75   1.77   0.01   1.44
201204  -3.21  -2.19  -1.45  -0.62  -0.29  -0.96
201205 -10.50  -8.61  -6.54  -8.04  -8.71  -7.33
201206   4.19   3.10   3.52   1.66   3.20   3.56
201207  -1.72   0.68   0.13  -0.45   1.51   0.23
201208   2.97   4.07   3.51   3.22   3.35   4.06
201209   4.09   4.28   4.40   2.37   2.30   3.12
201210  -4.07  -3.02  -1.73  -2.08  -0.55   0.55
201211  -1.22  -0.62   0.88   2.37   1.46   0.80
201212   0.89   3.20   3.68   1.71   1.98   3.01
201301   5.00   5.37   7.46   6.54   5.24   7.66
201302  -1.51  -1.49  -1.04   0.76   0.88   0.80
201303   3.89   3.07   2.74   4.09   3.80   4.69
201304  -0.75  -3.19  -1.68   1.26   0.41   1.03
201305   4.81   3.77   3.05   2.50   2.49   2.96
201306  -2.61  -2.35  -1.07  -1.59  -2.15  -1.44
201307   7.08   7.57   7.52   7.02   5.84   5.69
201308  -0.21  -1.93  -1.13  -2.20  -2.36  -2.67
201309   5.37   5.51   4.56   5.36   5.06   3.73
201310   0.60   1.63   3.16   3.14   3.44   4.80
201311   5.40   2.49   1.58   2.61   1.85   1.50
201312   1.97   3.00   2.38   3.14   3.29   2.64
201401   3.22  -0.73   0.45  -2.71  -2.28  -3.60
201402   4.93   4.89   5.70   5.51   5.29   5.06
201403  -2.13   0.46   0.68  -1.35   0.25   2.38
201404  -3.76  -2.55  -1.61  -1.78   0.10   0.57
201405  -1.19  -0.28  -0.04   2.31   2.03   1.24
201406   6.30   6.33   4.68   3.42   3.85   4.29
201407  -6.20  -5.91  -3.82  -2.85  -3.11  -3.07
201408   3.32   4.58   2.47   5.95   4.12   3.95
201409  -4.95  -5.83  -7.07  -2.54  -3.83  -5.00
201410   3.88   3.57  -1.25   3.54   1.43   0.21
201411   0.06  -0.92  -1.93   3.43   1.41  -0.63
201412   1.47   2.01   0.26   0.18  -0.29  -0.39
201501  -3.90  -5.74  -5.59  -1.99  -3.50  -4.13
201502   7.86   8.07   6.50   7.18   7.15   6.15
201503   0.25  -0.33  -1.00   0.02  -0.53  -1.87
201504  -0.24   1.14   4.01  -0.04   1.33   3.64
201505   2.54   1.05  -0.53   1.06   0.68  -0.75
201506   2.05  -0.26  -1.04  -1.42  -2.49  -3.06
201507  -2.59  -3.02  -7.66   2.35   0.05  -2.14
201508  -7.61  -4.53  -2.88  -6.93  -5.28  -4.32
201509  -8.84  -5.32  -5.32  -4.22  -4.47  -4.75



  Average Value Weighted Returns -- Annual
           Small                 Big
       Low    2      High   Low    2      High
1991  55.29  41.08  39.60  45.49  21.30  27.99
1992   8.86  15.51  25.41   3.63  10.53  11.82
1993  12.21  20.19  30.33   0.82  15.68  20.19
1994  -5.41  -1.26  -0.42   2.20   0.01  -3.00
1995  35.94  28.32  32.16  37.65  34.30  37.13
1996  13.39  18.56  26.37  22.13  22.60  24.75
1997  10.52  18.91  35.28  29.92  31.16  35.48
1998  -1.13  -3.94  -5.05  42.29   9.13  14.60
1999  49.82  25.75  10.81  28.75  20.57   1.74
2000 -35.23   3.34  23.78 -21.92   2.21  12.65
2001 -12.01   4.03  13.69 -17.58  -9.83  -6.24
2002 -33.20 -19.20  -8.89 -25.05 -18.68 -20.27
2003  55.16  48.51  57.21  24.13  36.11  33.77
2004  14.46  21.55  22.56   7.36  13.80  19.61
2005   4.26  10.40  10.21   4.63   8.07  13.80
2006   8.60  17.88  22.20   9.63  15.82  22.17
2007   6.02   2.30  -3.96  16.12   8.88  -1.21
2008 -46.78 -37.51 -36.17 -35.31 -36.21 -45.22
2009  42.55  41.66  40.58  33.60  29.70  26.70
2010  34.06  34.88  31.89  16.22  18.19  14.06
2011  -8.20  -6.83  -7.27   2.26   4.30  -7.56
2012  13.14  15.30  18.85  14.90  12.16  22.86
2013  36.16  34.08  35.03  32.09  30.30  35.01
2014   5.38   3.93  -0.22  13.94  12.40   8.14



  Average Equal Weighted Returns -- Annual
           Small                 Big
       Low    2      High   Low    2      High
1991  53.56  51.54  47.95  42.96  28.15  39.30
1992  29.99  21.05  40.22  11.16  12.72  16.12
1993  24.90  25.36  42.33   7.88  17.71  20.08
1994  -4.92  -0.90   6.21  -0.62  -1.73  -1.35
1995  37.66  35.55  35.10  31.26  27.57  31.56
1996  13.16  23.70  33.31  12.01  20.00  24.61
1997   6.24  14.92  33.80  16.00  27.78  34.56
1998  -5.20  -5.46  -5.56  17.29  -0.69   3.88
1999  58.46  34.98  26.33  37.76  11.86   6.89
2000 -38.51  -9.17   8.82 -19.01   2.39  24.64
2001   9.36  21.76  35.12 -12.05   2.62   2.52
2002 -30.57 -21.15   6.97 -27.38 -15.99 -16.47
2003  88.60  73.58  82.67  39.85  41.10  48.45
2004  10.41  23.29  27.94  13.73  18.24  22.68
2005   1.26  10.16   9.36   7.04  13.37  13.06
2006  11.08  18.49  21.77   9.93  14.03  18.21
2007  -2.21  -1.31  -5.50  13.72  11.62  -2.68
2008 -52.51 -44.71 -47.32 -44.60 -41.12 -43.27
2009  78.64  77.08  87.54  51.54  56.03  52.61
2010  34.95  36.57  38.85  26.40  26.10  21.66
2011 -16.35 -10.87  -9.97   0.25   0.72  -4.14
2012   5.33  14.36  24.06  14.74  14.47  19.81
2013  32.54  25.32  30.61  37.38  31.11  35.70
2014   4.12   4.83  -2.14  13.27   8.87   4.53



  Number of Firms in Portfolios
              Small                 Big
          Low    2      High   Low    2      High
199007    885    802   1380    271    360    271
199008    882    801   1376    271    360    271
199009    880    798   1373    270    358    271
199010    878    796   1367    270    358    270
199011    875    796   1365    270    358    270
199012    869    793   1362    269    357    268
199101    868    793   1361    268    357    268
199102    864    792   1359    268    357    268
199103    859    790   1357    268    357    267
199104    857    790   1355    268    357    267
199105    857    789   1348    268    357    267
199106    856    789   1346    268    356    267
199107    781    706   1678    269    360    269
199108    780    704   1675    269    359    269
199109    778    703   1673    269    359    269
199110    776    702   1670    268    359    269
199111    776    700   1666    268    359    269
199112    775    699   1661    268    359    269
199201    772    699   1658    268    359    269
199202    770    699   1657    268    359    269
199203    765    698   1656    268    359    269
199204    760    698   1652    268    358    269
199205    755    698   1649    268    358    268
199206    752    697   1646    267    358    268
199207    927    845   1658    295    393    295
199208    925    843   1656    294    393    295
199209    923    842   1655    294    393    295
199210    920    842   1650    294    393    295
199211    916    839   1645    294    392    295
199212    915    838   1643    294    392    295
199301    909    837   1640    294    391    294
199302    903    837   1638    294    391    293
199303    899    837   1635    294    391    293
199304    895    837   1631    294    391    292
199305    893    837   1627    294    391    291
199306    892    833   1625    294    391    291
199307    959    927   1811    345    461    345
199308    959    923   1805    345    461    345
199309    956    920   1803    345    461    344
199310    954    920   1802    345    461    344
199311    952    918   1800    345    460    343
199312    946    915   1795    342    460    342
199401    933    913   1791    341    459    339
199402    926    912   1786    341    458    339
199403    920    911   1781    341    457    338
199404    915    911   1774    341    457    338
199405    910    910   1769    341    457    337
199406    901    908   1764    341    456    336
199407    922   1221   1942    401    535    401
199408    921   1216   1936    401    533    401
199409    918   1212   1927    399    532    401
199410    912   1210   1917    398    530    400
199411    911   1207   1908    397    527    400
199412    909   1202   1893    394    527    400
199501    906   1196   1880    393    526    399
199502    902   1193   1867    392    524    398
199503    902   1187   1859    391    524    397
199504    899   1181   1851    390    521    396
199505    894   1178   1840    388    519    395
199506    892   1175   1834    386    518    393
199507    890   1265   2285    404    541    404
199508    888   1261   2273    403    539    403
199509    888   1256   2262    401    538    402
199510    885   1251   2251    401    534    400
199511    881   1244   2238    400    533    398
199512    879   1236   2225    398    530    395
199601    874   1234   2206    397    529    393
199602    867   1228   2182    395    527    389
199603    862   1224   2165    394    525    388
199604    856   1216   2144    393    522    385
199605    853   1212   2130    391    521    384
199606    850   1205   2116    390    520    383
199607    894   1257   2454    437    581    436
199608    890   1252   2442    433    578    435
199609    886   1242   2426    430    575    434
199610    882   1237   2408    429    573    434
199611    876   1233   2393    428    573    432
199612    873   1229   2379    428    569    432
199701    872   1215   2361    423    564    430
199702    867   1204   2343    420    563    430
199703    856   1192   2329    420    561    430
199704    852   1186   2311    417    559    429
199705    848   1178   2299    416    556    427
199706    839   1168   2286    416    553    424
199707    993   1376   2737    410    548    411
199708    986   1365   2713    406    542    406
199709    975   1354   2688    405    536    399
199710    970   1346   2658    404    532    397
199711    969   1336   2632    402    530    395
199712    962   1326   2614    400    528    393
199801    943   1309   2580    399    526    389
199802    937   1295   2553    398    521    386
199803    924   1284   2525    398    521    382
199804    918   1271   2503    393    518    382
199805    908   1260   2473    393    515    380
199806    899   1249   2450    393    513    377
199807    879   1474   2845    365    479    364
199808    873   1457   2818    364    474    361
199809    866   1444   2791    362    471    358
199810    853   1428   2756    361    465    356
199811    843   1418   2718    360    457    355
199812    833   1413   2694    359    453    353
199901    825   1395   2660    358    448    352
199902    818   1385   2629    355    447    351
199903    813   1372   2597    354    447    350
199904    800   1350   2563    353    444    348
199905    794   1339   2533    353    440    344
199906    791   1316   2509    353    438    342
199907    606   1260   3364    278    374    280
199908    598   1239   3325    275    371    280
199909    589   1227   3273    272    369    277
199910    581   1214   3242    271    367    276
199911    580   1196   3209    268    363    276
199912    571   1181   3163    268    360    272
200001    569   1171   3130    267    358    271
200002    564   1163   3100    266    356    270
200003    557   1145   3072    265    354    269
200004    551   1132   3040    264    352    268
200005    544   1123   3003    264    348    267
200006    540   1107   2974    262    346    263
200007    591   1181   3396    269    363    271
200008    583   1169   3360    269    358    270
200009    574   1161   3320    267    355    266
200010    567   1145   3276    265    355    265
200011    563   1133   3235    263    353    263
200012    556   1120   3190    261    349    256
200101    548   1103   3151    261    349    250
200102    542   1089   3107    260    348    248
200103    537   1078   3075    259    346    246
200104    530   1071   3030    257    344    246
200105    520   1058   2990    256    343    245
200106    514   1045   2954    253    342    244
200107    480   1068   3338    275    367    275
200108    474   1056   3294    274    365    273
200109    473   1047   3245    273    361    272
200110    472   1042   3215    273    361    270
200111    467   1034   3176    272    358    267
200112    462   1029   3135    272    356    267
200201    458   1026   3100    268    355    263
200202    455   1023   3066    265    354    261
200203    452   1016   3032    263    354    258
200204    445   1003   2999    263    352    257
200205    444    994   2964    263    351    257
200206    443    982   2923    263    348    254
200207    632   1007   2737    286    384    285
200208    622   1002   2696    285    383    285
200209    617    994   2672    284    382    284
200210    609    988   2642    284    382    284
200211    606    984   2607    284    381    283
200212    596    978   2591    284    381    282
200301    590    971   2563    284    380    282
200302    583    962   2543    284    379    281
200303    573    958   2517    283    379    281
200304    571    951   2497    283    377    281
200305    569    949   2483    281    376    281
200306    566    947   2467    281    376    280
200307    515   1103   2511    284    379    283
200308    513   1097   2494    283    377    283
200309    511   1093   2470    281    376    283
200310    510   1085   2458    281    376    281
200311    508   1080   2440    280    375    281
200312    508   1075   2423    279    375    281
200401    507   1069   2399    279    375    280
200402    505   1064   2383    279    374    280
200403    500   1057   2365    277    374    279
200404    499   1051   2347    276    372    278
200405    497   1041   2330    274    372    276
200406    497   1032   2309    274    372    276
200407    722   1226   1937    321    428    319
200408    718   1213   1917    319    428    319
200409    717   1206   1907    318    426    318
200410    714   1201   1898    318    424    318
200411    712   1191   1885    318    421    316
200412    703   1182   1867    316    413    312
200501    698   1174   1850    316    412    311
200502    696   1166   1831    316    411    311
200503    695   1164   1809    315    411    311
200504    692   1160   1799    315    408    310
200505    686   1149   1782    314    407    309
200506    681   1141   1764    313    407    309
200507    788   1296   1851    341    454    339
200508    781   1288   1839    337    453    337
200509    778   1283   1827    336    447    335
200510    771   1275   1815    334    447    334
200511    768   1267   1797    334    445    334
200512    765   1262   1780    334    442    333
200601    763   1255   1767    333    438    331
200602    756   1245   1754    332    434    328
200603    752   1237   1739    331    433    325
200604    745   1223   1722    329    430    321
200605    741   1215   1712    328    429    320
200606    733   1208   1701    327    429    316
200607    706   1199   2022    355    473    355
200608    698   1197   2009    354    470    355
200609    691   1192   1995    353    468    355
200610    688   1188   1978    353    467    354
200611    682   1175   1958    351    464    354
200612    679   1167   1939    348    461    349
200701    673   1155   1925    346    458    349
200702    666   1139   1903    346    455    345
200703    663   1129   1893    346    453    345
200704    657   1119   1872    345    450    343
200705    652   1110   1856    344    449    341
200706    651   1099   1837    344    446    340
200707    756   1273   1943    346    462    344
200708    750   1264   1923    345    456    342
200709    743   1253   1900    345    452    339
200710    738   1244   1885    344    446    338
200711    727   1231   1870    340    444    336
200712    716   1221   1848    337    438    333
200801    713   1213   1829    334    437    330
200802    708   1202   1812    333    435    329
200803    703   1194   1787    330    435    329
200804    701   1177   1768    330    433    329
200805    692   1168   1744    329    432    329
200806    685   1162   1731    329    431    327
200807    652   1113   2280    300    403    300
200808    646   1110   2263    299    402    298
200809    635   1099   2238    298    402    294
200810    630   1096   2215    297    401    292
200811    621   1084   2178    295    401    291
200812    615   1076   2158    292    401    289
200901    607   1071   2140    292    400    284
200902    600   1063   2125    291    400    283
200903    593   1058   2107    291    400    282
200904    587   1046   2089    290    400    282
200905    582   1040   2065    290    399    282
200906    580   1033   2043    290    399    282
200907    499    922   2304    281    376    281
200908    494    915   2284    280    376    281
200909    493    910   2273    280    376    280
200910    485    905   2247    280    376    280
200911    478    901   2219    278    374    279
200912    474    898   2192    277    373    278
201001    469    895   2165    276    372    278
201002    462    888   2148    274    372    277
201003    461    883   2129    273    369    277
201004    459    880   2119    273    368    276
201005    458    870   2104    273    367    274
201006    457    866   2085    272    367    274
201007    599    879   1917    304    405    303
201008    595    869   1904    303    401    303
201009    591    861   1893    303    401    301
201010    587    858   1881    300    400    300
201011    579    856   1868    299    399    300
201012    570    851   1842    297    398    298
201101    567    846   1816    297    398    298
201102    564    842   1800    297    397    298
201103    559    837   1783    297    395    296
201104    556    832   1765    296    395    295
201105    552    830   1755    296    394    294
201106    549    823   1740    294    393    293
201107    614    876   1769    310    407    309
201108    612    870   1757    308    407    308
201109    610    866   1749    308    407    307
201110    607    863   1741    307    404    307
201111    605    857   1723    307    404    306
201112    603    853   1714    306    402    306
201201    595    856   1695    304    400    306
201202    591    848   1683    303    400    305
201203    591    849   1683    303    400    305
201204    581    846   1674    302    397    305
201205    579    852   1642    301    399    297
201206    575    834   1644    300    395    300
201207    526    875   1909    284    378    284
201208    524    868   1884    281    375    284
201209    513    858   1855    267    358    272
201210    511    854   1835    266    356    272
201211    510    853   1835    267    356    272
201212    496    855   1800    265    355    272
201301    496    855   1800    265    355    272
201302    496    832   1776    265    350    268
201303    496    832   1776    265    350    268
201304    474    833   1747    264    351    266
201305    477    825   1736    265    349    264
201306    477    825   1736    265    349    264
201307    491    750   1854    269    358    270
201308    489    749   1833    269    355    270
201309    488    751   1823    269    354    270
201310    486    743   1811    267    354    269
201311    480    736   1790    267    353    269
201312    481    732   1769    267    353    268
201401    478    726   1750    267    352    267
201402    473    724   1737    267    351    267
201403    469    715   1721    267    350    267
201404    457    726   1708    266    350    266
201405    455    710   1714    271    353    271
201406    449    710   1701    271    354    271
201407    531    762   1752    286    381    283
201408    527    755   1742    286    381    284
201409    525    753   1722    283    380    283
201410    528    755   1713    281    381    283
201411    530    752   1695    280    381    282
201412    523    749   1705    280    379    282
201501    518    744   1675    278    379    283
201502    509    739   1656    278    375    280
201503    510    735   1642    277    374    280
201504    506    729   1635    274    375    279
201505    503    724   1629    274    374    279
201506    507    722   1619    274    374    279
201507    447    783   1835    275    368    275
201508    446    780   1813    272    367    273
201509    447    776   1801    270    364    273



  Average Firm Size
                       Small                                Big
              Low         2           High        Low         2           High
199007       89.04      123.02       78.87     4130.26     3044.58     2174.49
199008       86.03      119.10       76.20     4094.37     3062.07     2107.78
199009       75.75      104.71       68.19     3746.09     2800.98     1889.30
199010       69.04       96.64       62.69     3541.91     2685.52     1752.19
199011       64.63       91.06       58.74     3553.56     2642.30     1707.79
199012       69.32       96.15       61.60     3783.43     2799.40     1827.55
199101       71.57       99.48       63.61     3908.87     2875.39     1868.97
199102       77.12      106.26       67.95     4106.18     2949.98     1994.16
199103       85.63      117.20       75.39     4442.02     3120.22     2137.12
199104       91.47      122.94       79.78     4608.11     3174.80     2142.82
199105       91.42      123.74       80.72     4601.57     3188.75     2141.91
199106       95.20      129.06       83.43     4776.53     3283.09     2267.00
199107       93.23      135.05       80.36     4189.32     3610.36     2004.48
199108       98.27      138.35       82.35     4450.11     3731.46     2071.92
199109      102.58      142.63       84.79     4604.40     3781.04     2098.15
199110      103.25      143.34       84.08     4491.14     3747.55     2050.03
199111      107.50      148.31       85.93     4579.70     3784.41     2094.47
199112      103.63      141.41       81.68     4479.25     3599.01     1971.92
199201      114.45      149.93       86.30     5119.27     3871.72     2138.42
199202      122.02      159.11       93.87     4980.45     3796.48     2210.24
199203      120.71      161.47       98.65     4966.17     3799.73     2314.52
199204      112.98      157.07       97.49     4803.49     3736.28     2276.47
199205      107.38      152.07       96.03     4805.58     3868.24     2323.93
199206      107.33      151.79       97.41     4848.58     3883.84     2308.78
199207       96.06      142.17       79.29     4730.69     3376.69     2433.20
199208       99.76      146.39       81.86     4938.33     3542.59     2473.75
199209       95.80      143.25       80.22     4881.10     3468.90     2350.41
199210       97.16      145.51       80.92     4924.93     3507.58     2339.96
199211      101.99      148.19       81.61     5022.97     3513.13     2331.18
199212      111.69      157.99       85.18     5245.17     3560.34     2411.23
199301      114.47      163.76       88.74     5260.85     3655.67     2452.15
199302      115.60      168.90       93.79     5181.01     3700.19     2546.97
199303      108.37      165.87       95.31     5044.04     3820.29     2614.71
199304      111.12      170.33       99.20     5106.93     3925.21     2692.20
199305      107.63      165.87       97.92     4858.83     3891.62     2672.24
199306      114.97      172.06      101.11     5054.64     3957.44     2708.15
199307      111.91      136.22       91.06     4425.44     3550.40     2485.31
199308      112.57      136.79       92.77     4316.53     3582.13     2498.18
199309      116.42      143.00       96.42     4467.87     3700.58     2582.25
199310      119.82      146.45       98.29     4411.37     3682.20     2581.74
199311      125.39      150.42      101.31     4584.56     3695.87     2591.38
199312      121.83      146.68       98.54     4589.74     3592.25     2536.62
199401      125.36      151.55      101.12     4639.98     3668.81     2596.03
199402      128.23      156.27      105.47     4720.58     3808.44     2699.76
199403      126.63      156.92      104.25     4615.77     3699.56     2592.11
199404      119.04      149.19      100.13     4383.82     3548.94     2474.16
199405      117.54      150.10      101.03     4410.96     3590.57     2506.05
199406      116.18      147.10      101.21     4453.79     3617.14     2538.22
199407      109.18      120.77       79.97     4093.60     3109.12     2014.29
199408      110.57      122.20       81.38     4204.42     3217.78     2074.03
199409      118.20      127.25       84.15     4441.11     3309.36     2154.29
199410      118.99      128.30       84.53     4398.37     3217.66     2080.26
199411      119.92      127.56       83.69     4485.98     3284.75     2085.60
199412      115.45      122.21       79.96     4362.56     3132.58     1984.89
199501      116.59      124.85       80.68     4435.51     3162.06     2002.72
199502      114.60      124.62       80.61     4528.35     3212.91     2064.53
199503      118.22      128.09       83.25     4700.55     3336.91     2152.97
199504      122.79      131.16       84.57     4835.18     3448.89     2174.28
199505      124.83      135.15       87.28     4957.20     3547.66     2241.30
199506      126.26      137.22       89.62     5140.66     3648.03     2352.36
199507      141.14      138.72       91.57     5066.80     3821.92     2464.85
199508      153.80      145.39       95.90     5255.93     3978.13     2536.65
199509      156.71      148.42       99.20     5264.58     3983.38     2603.23
199510      161.59      150.72      101.12     5523.88     4102.34     2703.58
199511      152.50      141.56       97.26     5511.63     4078.85     2648.54
199512      158.84      145.99       99.79     5755.41     4223.52     2753.15
199601      162.63      149.35      101.84     5798.41     4301.72     2782.39
199602      162.54      149.85      102.51     6016.36     4423.21     2862.93
199603      170.56      153.95      104.37     6064.23     4498.31     2889.87
199604      175.55      157.07      107.46     6084.77     4563.84     2907.91
199605      192.02      167.61      112.58     6228.78     4667.86     2909.48
199606      204.84      174.97      118.48     6469.18     4706.59     2958.33
199607      182.73      166.56      109.18     6672.40     3925.23     2910.52
199608      159.13      152.03      103.45     6302.97     3758.25     2803.22
199609      170.62      160.36      108.15     6454.52     3908.89     2902.88
199610      179.47      164.60      111.23     6907.76     4071.87     3006.15
199611      170.49      163.62      113.29     6961.55     4161.85     3173.29
199612      171.62      170.45      117.84     7440.78     4436.68     3413.77
199701      173.34      174.38      119.11     7319.73     4395.61     3364.74
199702      180.86      181.38      123.45     7868.58     4589.18     3514.09
199703      169.47      175.83      124.77     7866.47     4541.75     3605.31
199704      154.75      167.05      121.17     7415.28     4435.13     3428.01
199705      149.90      165.13      120.51     7953.72     4596.68     3554.00
199706      173.40      184.61      130.66     8461.01     4950.21     3744.56
199707      216.19      202.88      134.78     8851.68     5837.76     3849.99
199708      228.30      215.02      141.93     9553.71     6381.24     4166.93
199709      237.36      221.09      144.85     8964.47     6172.39     4034.66
199710      259.16      238.84      155.84     9407.16     6569.83     4297.68
199711      243.76      227.21      151.80     9124.61     6325.39     4208.17
199712      234.10      218.76      150.43     9535.74     6518.82     4327.61
199801      231.19      214.18      154.02     9621.37     6643.21     4534.99
199802      228.97      212.31      151.85     9926.08     6588.15     4504.17
199803      248.44      229.53      162.01    10636.07     7065.61     4866.85
199804      259.15      238.22      169.46    11239.89     7443.92     5176.81
199805      261.48      241.76      172.49    11392.22     7522.26     5237.08
199806      243.39      229.35      166.88    11074.74     7378.88     5200.05
199807      288.65      268.29      164.79    14700.60     7116.24     5795.24
199808      268.48      247.19      152.97    14609.42     6915.38     5632.80
199809      202.43      198.05      124.64    12655.54     5748.52     4671.66
199810      222.71      210.43      130.89    13649.13     5963.28     4862.29
199811      233.23      220.38      135.12    14755.68     6333.74     5226.80
199812      255.69      232.04      141.95    15907.32     6602.67     5359.03
199901      276.11      242.58      146.05    17346.91     6662.27     5533.14
199902      286.75      245.36      146.27    18387.87     6751.73     5548.55
199903      265.60      226.97      136.35    17575.71     6658.11     5413.77
199904      266.74      229.45      135.71    18366.73     6931.47     5545.94
199905      287.87      254.25      148.68    18552.33     7556.08     6000.18
199906      291.37      254.95      153.12    18069.09     7475.66     5903.25
199907      394.14      359.88      184.64    24122.28    11982.83     5477.80
199908      387.12      356.76      181.33    23419.02    11722.34     5318.48
199909      384.17      343.64      177.87    23868.41    11410.06     5169.14
199910      392.93      345.70      174.52    23534.19    11054.33     4876.59
199911      405.36      342.85      170.38    25211.47    11809.11     5113.89
199912      443.99      365.39      173.20    26371.55    11797.68     4991.87
200001      522.14      403.21      182.46    28502.72    12489.06     5148.55
200002      517.80      398.83      181.19    27427.64    11950.84     4907.16
200003      669.60      472.17      198.34    28010.49    11639.12     4647.44
200004      578.52      447.94      198.74    30307.84    12856.26     5230.67
200005      515.92      414.56      192.17    28857.73    12464.72     5248.36
200006      482.10      395.64      185.93    27798.79    12313.90     5373.08
200007      479.06      416.54      215.90    28192.84    14018.51     7511.18
200008      436.35      400.41      219.35    27070.33    14168.21     7741.76
200009      481.16      435.72      231.92    29447.52    15151.17     8304.97
200010      438.41      419.17      231.59    27002.58    14856.17     8340.62
200011      375.57      400.47      228.64    26040.16    15054.50     8223.69
200012      282.64      365.14      220.72    22739.64    14115.05     7796.24
200101      284.51      394.02      244.44    21859.73    14833.43     8285.25
200102      331.62      414.29      253.40    22806.83    15056.25     8395.27
200103      267.78      381.98      252.59    19169.08    14281.49     8147.59
200104      230.83      363.98      247.12    17173.80    13622.15     7958.75
200105      269.57      398.31      262.02    19212.01    14526.46     8351.13
200106      284.31      413.14      275.03    19159.30    14800.86     8544.26
200107      473.48      447.45      196.91    21645.56    11816.43     8831.81
200108      426.53      424.85      192.98    21480.41    11647.00     8651.59
200109      389.69      407.19      189.80    19991.71    11050.99     8120.98
200110      323.16      352.01      165.91    18412.76    10011.30     7409.92
200111      365.07      380.83      173.00    19203.21    10156.62     7273.03
200112      396.61      411.00      186.88    20881.71    10841.67     7835.66
200201      421.52      438.65      199.61    21172.62    11046.84     8104.03
200202      398.37      429.77      205.18    21224.21    10800.35     7914.63
200203      367.52      418.30      205.94    20688.43    10709.72     7847.79
200204      400.48      451.28      224.02    21265.93    11326.33     8197.13
200205      373.20      455.53      232.58    19615.54    10793.00     7965.27
200206      353.61      439.73      231.52    19245.55    10800.82     8045.91
200207      322.58      378.60      194.53    18701.01     9438.03     5855.46
200208      281.85      329.46      167.71    17785.28     8593.36     5150.81
200209      285.28      333.28      167.62    17615.55     8626.96     5288.29
200210      265.50      311.16      156.62    15667.25     7802.03     4739.19
200211      289.38      324.01      160.59    17324.15     8226.32     4985.26
200212      325.61      351.64      171.58    18236.99     8650.01     5346.35
200301      302.00      335.28      168.13    17015.70     8265.36     5125.63
200302      301.70      327.70      166.37    16552.17     8107.35     4965.25
200303      293.15      321.05      162.27    16429.85     7933.11     4823.99
200304      300.96      323.36      163.13    16687.19     7940.25     4800.24
200305      334.29      353.72      178.16    17831.87     8607.73     5241.03
200306      376.53      391.98      196.33    18628.03     9176.24     5674.29
200307      363.92      377.71      212.20    17163.89     9949.59     6831.37
200308      393.56      397.62      224.33    17367.91    10254.34     6938.15
200309      411.22      416.55      237.80    17678.90    10571.36     7114.19
200310      406.14      411.24      237.98    17544.08    10426.06     7017.18
200311      433.10      446.34      261.47    18186.78    11229.56     7542.31
200312      446.64      460.16      273.33    18359.39    11393.06     7647.84
200401      452.64      471.95      283.41    19190.52    11900.78     8056.27
200402      464.51      488.16      298.39    19567.01    12050.82     8262.05
200403      466.95      497.32      302.59    19871.32    12248.17     8461.78
200404      474.53      504.45      306.00    19494.95    12172.21     8254.29
200405      459.20      485.14      291.13    19614.71    11751.58     7919.79
200406      463.25      493.89      294.24    19736.26    11919.05     8054.06
200407      389.29      433.87      283.57    17745.35    10693.55     7856.97
200408      354.35      404.59      272.12    16879.47    10506.21     7681.42
200409      346.88      400.79      271.75    16817.41    10630.68     7709.88
200410      372.19      423.50      285.10    16925.65    10889.81     7948.89
200411      377.60      433.01      289.98    17145.37    11126.49     7998.85
200412      410.49      470.74      316.72    17408.34    11735.50     8447.10
200501      425.36      485.81      327.49    18054.99    12008.58     8785.00
200502      406.61      465.35      320.91    17541.39    11702.12     8679.16
200503      412.21      474.27      332.11    17765.62    12091.50     8896.38
200504      397.28      461.99      326.37    17532.95    11870.45     8806.38
200505      371.94      432.22      308.06    17300.97    11529.63     8574.53
200506      395.93      461.08      323.42    17999.11    11825.04     8876.26
200507      447.39      435.77      301.13    14573.82    12465.83     9797.42
200508      478.07      467.23      317.95    15392.47    12887.05    10194.91
200509      468.87      465.13      317.29    15251.90    12786.36    10247.17
200510      471.77      477.13      321.90    15128.46    12988.55    10472.29
200511      451.47      458.09      311.20    15053.51    12628.88    10172.83
200512      479.07      479.29      326.03    15549.16    13218.81    10559.45
200601      486.00      478.96      324.91    15555.65    13292.72    10646.86
200602      533.44      523.84      351.93    15972.96    13763.20    11194.92
200603      525.94      522.42      352.45    15981.93    13744.44    11196.82
200604      542.40      549.24      369.09    16277.60    13914.46    11396.19
200605      549.39      558.13      378.13    16173.95    14175.61    11815.20
200606      507.82      529.77      364.00    15696.36    13727.52    11566.82
200607      472.81      481.80      333.42    14468.34    12571.25    11230.24
200608      450.47      466.80      327.59    14225.72    12715.65    11344.17
200609      465.37      481.20      337.56    14640.72    13075.41    11452.91
200610      462.06      477.90      339.11    14964.42    13189.22    11762.99
200611      494.79      503.97      354.58    15567.51    13646.37    12202.01
200612      501.41      513.71      361.70    15868.99    13930.00    12507.08
200701      497.74      511.17      367.99    15863.57    13974.42    12771.01
200702      502.49      516.47      375.32    16252.24    14221.68    12973.05
200703      500.27      517.12      375.35    15910.35    14053.38    12705.86
200704      504.76      525.32      383.10    16047.78    14238.98    12893.46
200705      521.45      537.00      394.63    16782.14    14900.94    13398.14
200706      537.32      555.28      408.74    17378.62    15603.71    13885.12
200707      536.43      551.09      375.36    17893.13    15233.64    12421.37
200708      511.21      527.33      351.59    17712.09    14937.43    11803.73
200709      507.74      528.96      345.57    17980.27    15203.73    11920.96
200710      527.37      540.95      349.86    18955.14    15901.50    12230.05
200711      560.11      555.60      356.24    19793.13    16312.42    12333.28
200712      513.83      509.27      324.61    19146.50    15522.87    11568.17
200801      517.87      508.55      323.27    19297.23    15403.99    11544.74
200802      464.28      470.91      307.46    17702.20    14574.27    11169.04
200803      449.51      466.23      302.97    17569.03    14293.89    10669.13
200804      434.39      462.32      302.21    17477.71    14190.39    10394.43
200805      447.67      481.21      309.89    18412.58    14868.93    10899.70
200806      473.32      506.87      322.48    19008.83    15182.38    11018.81
200807      490.61      509.10      317.17    18772.69    15360.74    10316.77
200808      488.74      512.36      323.34    18464.93    15035.45    10225.49
200809      499.74      526.77      336.66    18591.82    15191.74    10273.20
200810      436.73      469.17      308.17    16577.54    13720.95     9493.79
200811      327.66      369.10      243.46    13870.16    11302.24     7455.85
200812      285.69      327.10      211.77    12881.85    10601.47     6556.80
200901      306.00      340.90      221.50    13014.73    10707.68     6541.82
200902      289.22      321.80      195.46    12631.64     9751.38     5746.05
200903      264.39      290.67      169.29    11625.27     8736.39     4938.29
200904      291.24      318.90      184.81    12233.03     9489.67     5404.07
200905      338.64      370.31      218.01    13155.84    10430.39     6162.47
200906      364.04      388.56      231.02    13903.74    11134.54     6616.13
200907      450.86      431.37      221.89    16017.22    10596.17     7182.80
200908      476.11      472.87      251.79    17009.20    11528.30     7884.46
200909      479.00      485.92      266.35    17163.92    11863.91     8345.04
200910      508.01      514.54      292.41    17769.58    12369.08     8742.76
200911      472.68      489.17      273.65    17569.87    12056.31     8263.68
200912      487.13      502.93      287.52    18621.72    12716.84     8625.29
201001      529.28      543.83      310.75    18939.97    13116.88     8849.71
201002      516.76      528.00      304.41    18248.58    12646.86     8545.33
201003      536.08      550.56      324.58    18738.04    13069.58     8948.64
201004      573.45      591.25      352.62    19697.15    13883.47     9625.94
201005      591.99      624.29      378.17    19874.10    14194.98     9771.09
201006      558.37      582.63      343.28    18352.29    13066.37     8946.79
201007      471.99      510.17      288.80    14798.92    11537.67    10101.21
201008      499.11      547.34      312.61    15903.07    12278.72    10803.76
201009      476.47      512.29      290.24    15274.60    11851.15    10117.09
201010      537.23      579.80      324.59    16947.11    12829.45    10987.50
201011      563.15      606.60      338.76    17788.59    13312.99    11216.46
201012      579.55      634.04      355.68    17845.53    13433.61    11243.24
201101      621.51      683.11      388.48    18682.17    14271.34    12331.84
201102      618.96      682.36      392.78    19018.20    14576.55    12682.99
201103      659.09      727.98      416.32    19505.86    15324.11    13192.32
201104      678.53      742.88      422.28    19633.61    15419.97    13048.46
201105      703.55      764.12      426.80    20288.94    15881.53    13226.24
201106      685.34      745.78      412.01    20279.30    15591.44    12910.53
201107      633.58      647.01      406.92    15952.33    14741.35    15595.51
201108      616.24      625.62      395.61    15955.19    14394.22    15011.24
201109      567.53      569.28      359.52    15222.39    13590.16    13948.41
201110      496.12      497.88      317.32    14067.41    12610.77    12615.15
201111      569.01      572.12      362.24    15508.66    14053.44    14080.40
201112      556.26      560.86      359.02    15430.30    14186.73    13770.27
201201      541.34      568.24      361.32    15274.54    14373.09    13966.92
201202      592.50      612.18      384.34    16403.21    14869.29    14559.10
201203      608.10      631.54      396.35    17189.43    15357.47    15284.63
201204      608.68      643.46      403.65    17863.96    15536.52    15732.62
201205      594.43      629.82      397.87    17808.31    15459.65    15727.62
201206      551.55      581.79      372.22    16628.42    14433.74    14578.07
201207      675.49      667.86      370.22    19358.66    17183.99    12114.02
201208      658.80      662.42      371.22    19683.01    17582.26    12121.05
201209      668.65      694.37      383.31    20800.25    18570.52    12848.88
201210      696.93      718.81      399.75    21224.27    19168.05    13279.56
201211      668.94      705.56      394.89    20354.68    18815.45    13397.18
201212      670.26      709.02      398.93    20647.24    19068.67    13120.42
201301      683.33      727.45      413.15    20456.86    19205.31    13585.01
201302      723.44      765.86      441.39    21311.77    20402.87    14597.76
201303      724.89      762.04      443.17    21462.54    20619.41    14691.13
201304      755.58      787.93      464.67    22275.27    21188.71    15292.81
201305      740.00      777.42      462.60    22751.63    21403.43    15640.67
201306      768.11      811.69      477.83    23094.57    21690.21    16291.52
201307      813.54      851.93      455.89    19557.79    21252.03    17105.30
201308      869.17      908.09      492.36    20670.00    22392.67    18098.43
201309      862.43      888.16      476.47    20247.56    21846.87    17421.96
201310      918.95      936.71      502.98    21194.75    22557.73    17924.36
201311      939.37      963.49      521.29    22137.49    23506.86    18618.97
201312      974.71      994.56      540.46    22774.63    23998.51    19152.93
201401      990.42     1015.48      552.78    23357.72    24672.33    19646.32
201402      985.20      973.65      535.83    22391.22    24029.73    18802.05
201403     1038.52     1015.82      567.83    23477.24    25114.49    19511.09
201404     1003.66     1020.73      575.08    23081.32    25397.28    20105.19
201405      975.29     1008.34      575.56    23125.12    25571.46    20098.87
201406      982.71     1010.14      579.54    23734.35    25549.75    20883.50
201407      974.27     1043.83      568.33    21391.52    25308.56    21256.76
201408      913.45      982.85      538.83    20977.38    24909.21    20793.37
201409      960.69     1025.22      565.39    22181.04    25871.99    21477.74
201410      909.89      963.46      523.89    21968.00    25317.15    20755.82
201411      964.16     1008.14      535.61    22652.57    25777.95    20851.76
201412      984.70     1008.03      526.82    23503.45    26468.40    20932.57
201501     1004.16     1007.70      538.70    23450.75    26172.20    20976.51
201502      987.55      953.07      510.27    23140.75    25362.36    19873.15
201503     1053.44     1018.23      541.86    24623.50    26966.61    20897.14
201504     1074.94     1036.09      537.18    24353.97    26404.46    20501.77
201505     1044.19     1029.61      543.13    24338.25    26789.89    21044.85
201506     1066.09     1037.22      546.22    24659.90    26932.28    21028.11
201507     1059.56     1045.98      602.99    25749.62    25746.69    20706.66
201508     1062.44     1021.80      566.23    26493.96    26301.45    20578.11
201509      966.75      967.19      546.58    24908.80    24731.07    19429.51
