This was created by CMPT_EP_CFP_OP_INV_NI_AC_BRKPTS using the 201509 CRSP database.
It contains every 5th NYSE OP percentile.

    Count
1963  765        7.76       11.54       14.54       16.62       18.25       19.34       21.18       22.62       24.29       25.86       27.38       28.73       30.25       31.64       33.49       35.89       38.85       42.63       51.12      403.64
1964  791        7.62       11.32       15.18       17.17       18.86       20.08       21.21       22.64       23.62       25.38       26.51       27.77       29.81       31.14       32.68       35.44       38.45       43.12       51.04      336.91
1965  853        8.32       12.50       15.64       17.68       19.20       20.73       22.26       23.57       24.60       26.09       27.44       28.83       30.38       32.25       33.96       36.16       39.44       43.73       51.43      245.62
1966  897        8.09       14.48       17.45       19.21       21.03       22.75       23.98       25.22       26.49       27.43       28.74       30.10       31.23       32.81       34.48       37.47       40.67       44.86       52.41      151.17
1967  929       10.17       15.69       18.33       20.55       22.59       24.12       25.14       26.69       27.79       28.97       29.95       31.15       32.24       34.31       36.41       38.66       41.51       46.84       55.68      290.11
1968  974        8.19       13.94       17.12       18.68       20.73       22.56       23.76       25.00       26.11       27.12       28.47       29.45       30.92       32.55       34.49       37.97       41.85       47.47       55.00      209.46
1969 1081        9.39       14.09       16.90       19.09       20.77       22.21       23.89       25.39       26.89       28.04       29.33       30.82       32.34       34.18       36.00       39.05       42.87       47.78       58.96     1701.21
1970 1141        8.49       13.38       16.18       18.44       19.81       21.30       22.79       24.42       25.76       26.92       28.50       29.80       31.75       33.25       35.25       38.15       42.36       47.13       57.11      571.11
1971 1172        1.64        8.86       12.85       14.63       16.89       18.34       19.84       21.82       23.09       24.48       25.88       27.79       29.20       30.76       32.44       34.72       37.68       42.90       52.86     8402.04
1972 1231        3.58        9.05       12.13       14.54       16.68       18.13       19.50       20.86       22.30       23.57       24.57       26.10       27.71       29.34       31.08       33.30       36.43       41.08       49.60      330.58
1973 1292        7.82       11.50       14.47       16.38       17.81       19.43       20.62       21.79       23.34       24.45       25.63       27.32       28.81       30.46       32.34       34.18       37.67       41.65       48.68      312.76
1974 1307        8.60       12.97       15.90       17.82       19.44       20.73       21.99       23.13       24.56       25.99       27.13       28.53       30.08       31.77       33.94       36.24       38.92       41.87       49.13      490.15
1975 1332        4.26       10.61       14.03       16.43       18.46       20.29       22.08       23.54       24.86       26.07       27.79       29.37       30.75       32.37       34.83       37.16       39.95       44.30       55.30     1554.91
1976 1337        1.51        8.42       12.17       14.80       16.60       18.49       20.06       21.74       23.38       24.56       26.11       27.89       29.49       31.06       32.81       35.39       39.06       43.30       50.66     1456.78
1977 1365        7.00       12.88       15.56       17.79       19.83       21.44       22.61       24.40       25.80       27.43       28.71       30.29       31.66       33.70       35.47       37.80       40.07       44.24       52.26     3266.93
1978 1362        7.17       13.23       16.23       18.62       20.70       22.20       23.99       25.14       26.55       27.91       29.31       30.78       32.50       34.18       36.58       39.08       42.01       45.86       53.95      533.12
1979 1352        9.06       14.60       17.71       19.77       21.68       23.59       25.05       26.70       28.12       29.42       31.05       32.83       34.44       36.08       38.19       40.26       43.19       46.89       53.91     1005.16
1980 1350        8.57       13.92       16.72       19.18       21.32       22.93       24.90       26.69       28.07       29.53       31.17       32.24       33.94       35.89       37.84       40.22       43.07       47.38       55.54    47337.82
1981 1344        4.50       10.73       13.97       16.07       18.09       19.83       21.69       23.41       24.91       26.73       28.34       30.07       31.74       33.35       35.63       38.02       40.91       45.15       51.12      120.04
1982 1330        1.87        8.50       11.80       14.46       16.81       18.91       20.85       22.33       23.92       25.36       27.30       28.90       30.46       32.20       34.29       36.28       38.84       42.52       48.21     1036.67
1983 1313      -11.11        1.43        7.38       10.80       13.02       15.42       17.35       19.09       20.88       23.08       24.64       26.17       27.81       29.61       31.50       33.49       35.89       39.38       45.43      329.76
1984 1314       -7.74        3.06        8.12       11.50       13.73       16.03       18.12       19.81       21.38       23.24       24.88       26.50       28.20       29.78       31.83       33.96       36.81       39.84       47.03     1766.99
1985 1277       -4.20        5.67       10.89       14.30       16.26       18.19       20.11       21.88       23.66       25.52       26.88       28.59       30.00       31.76       33.72       35.69       38.46       41.84       48.55     2908.61
1986 1238       -8.03        3.81        8.98       11.92       14.50       16.70       18.13       19.58       21.65       23.39       24.98       26.36       28.04       29.67       31.90       34.09       37.04       41.81       49.78     1262.08
1987 1239       -9.58        3.07        8.42       11.08       13.77       16.30       18.07       19.54       21.31       23.08       24.86       26.38       27.74       29.68       31.91       34.93       37.86       43.78       54.00    15100.98
1988 1225       -7.11        4.71        9.52       12.39       14.43       16.69       18.65       20.61       22.01       23.61       25.22       26.80       28.39       30.13       32.61       34.96       38.78       43.98       54.01      595.57
1989 1201       -5.51        6.54       10.92       13.52       16.01       18.38       20.06       21.72       23.43       25.12       26.93       28.26       30.24       31.87       34.12       37.10       41.09       46.86       56.98     1344.66
1990 1205       -3.19        6.00        9.71       13.06       15.84       17.82       19.44       20.68       22.29       24.15       26.28       27.95       29.67       31.72       34.13       36.94       40.35       45.23       57.46     1894.06
1991 1249       -7.32        4.03        9.49       12.85       14.96       17.05       18.55       20.10       21.75       23.18       24.81       26.81       28.57       30.69       32.69       35.25       39.72       44.21       56.77      693.84
1992 1326      -11.77        1.67        8.07       11.57       14.00       15.95       17.69       19.30       20.75       22.41       24.27       25.63       27.15       29.29       31.81       35.18       38.46       44.40       57.45     1310.76
1993 1422       -5.89        5.87       10.80       13.69       15.75       17.55       18.86       20.40       21.98       23.78       25.54       27.16       29.41       31.32       33.79       36.76       40.18       45.57       57.21     1800.16
1994 1517        0.75        8.04       11.80       14.23       16.21       17.55       19.05       20.38       22.38       24.24       26.13       27.75       29.68       31.81       34.64       37.11       41.05       46.63       58.86     2393.07
1995 1562        0.78        9.95       13.54       15.78       17.37       18.84       20.51       22.27       23.83       25.64       27.38       29.36       30.97       32.93       35.32       38.13       42.19       48.30       61.45     1144.93
1996 1628        5.25       11.13       13.99       16.73       18.11       19.80       21.35       22.69       24.49       26.36       27.91       29.82       31.57       33.61       36.46       39.20       43.50       50.16       69.36     1047.79
1997 1729        4.40       11.39       14.25       16.81       18.45       20.00       21.50       23.34       25.03       26.73       28.32       30.15       32.36       34.11       36.91       39.86       43.20       49.54       67.59     8781.27
1998 1734        6.04       12.52       15.32       17.06       18.80       20.42       21.93       23.55       25.38       27.38       29.03       30.82       33.42       35.42       37.80       40.91       45.35       51.17       66.38    14279.84
1999 1692        3.14        9.74       12.90       16.03       17.78       19.31       21.07       22.89       24.71       26.51       28.32       30.20       32.51       34.54       37.43       40.29       44.09       50.19       66.41     1089.62
2000 1546        2.99        9.14       12.55       15.18       17.58       19.61       21.34       23.25       25.34       27.04       28.90       30.71       33.03       35.00       37.57       40.90       45.35       50.84       70.65    86101.33
2001 1443       -0.51        7.94       12.24       15.40       17.13       19.12       21.12       23.45       25.38       27.37       29.02       31.11       33.03       35.59       38.30       41.50       45.23       52.71       69.38     9502.49
2002 1396       -1.09        5.67        9.26       11.95       14.38       16.49       18.51       20.48       22.38       24.21       25.91       28.22       29.95       32.75       35.04       38.37       42.67       50.06       68.77     1092.14
2003 1379       -1.10        6.50        9.77       12.17       14.41       16.15       18.13       20.00       21.56       23.07       24.87       26.74       28.63       31.75       34.08       37.60       41.59       47.97       67.35     2416.33
2004 1374        0.96        7.47       10.09       12.60       14.91       16.68       18.36       19.88       21.37       22.98       24.43       26.29       28.28       30.65       33.47       36.30       39.93       46.75       61.21    12926.92
2005 1377        5.78        9.75       12.22       14.45       16.03       18.06       19.25       20.86       22.43       23.95       25.50       27.35       29.46       31.63       34.37       37.15       41.55       48.10       63.13      866.97
2006 1344        5.25       10.55       13.24       15.20       16.83       18.26       19.73       21.58       23.08       24.46       26.23       27.87       30.23       32.53       35.24       38.31       43.17       50.41       65.07     1530.18
2007 1323        5.40       10.82       13.54       15.38       16.53       17.93       19.64       21.08       22.64       24.23       26.01       27.60       29.16       31.44       34.48       37.44       42.43       49.62       64.88     1476.79
2008 1297        0.00        8.78       11.64       13.96       15.85       17.45       18.94       20.33       21.70       23.59       25.27       27.22       29.35       31.92       34.46       38.08       42.94       50.69       66.72     1995.48
2009 1226      -16.21        1.61        9.04       12.34       15.06       17.07       18.59       20.75       22.56       24.42       26.31       28.73       31.38       33.70       36.98       40.90       46.79       58.28       94.90     4008.03
2010 1219      -12.59        1.41        6.52        9.77       11.80       13.11       14.61       16.26       17.77       19.18       21.01       23.07       24.68       27.09       30.22       33.82       38.06       47.90       69.12     3790.78
2011 1220       -2.10        6.55       10.32       12.94       14.38       15.73       17.22       18.89       20.32       21.68       23.22       24.92       27.13       29.21       31.90       36.08       40.57       50.05       77.24     1229.55
2012 1218       -0.68        7.90       11.16       13.46       15.01       16.47       18.13       19.68       21.20       23.12       24.91       26.69       28.36       31.06       34.81       38.53       43.56       53.03       80.84      933.88
2013 1217        0.00        6.95       10.03       12.67       14.76       16.25       18.02       19.37       21.11       22.87       24.60       26.49       28.84       30.84       33.97       37.43       41.69       52.02       73.73     2034.04
2014 1251       -3.45        5.68        9.58       12.33       14.19       15.70       17.22       18.82       20.24       22.15       24.12       25.88       27.60       30.41       32.79       35.89       41.36       50.08       70.97     1299.84
2015 1258      -11.78        5.11        9.73       12.68       14.71       16.11       17.57       19.22       20.65       22.57       24.43       26.32       28.55       31.11       33.70       38.28       44.36       53.76       78.75     2699.27
